close,date,high,low,open,volume,volumetrend_macd,volumetrend_macd_signal,volumetrend_macd_diff,volumetrend_sma_fast,volumetrend_sma_slow,volumetrend_ema_fast,volumetrend_ema_slow,volumetrend_vortex_ind_pos,volumetrend_vortex_ind_neg,volumetrend_vortex_ind_diff,volumetrend_trix,volumetrend_mass_index,volumetrend_dpo,volumetrend_kst,volumetrend_kst_sig,volumetrend_kst_diff,volumetrend_ichimoku_conv,volumetrend_ichimoku_base,volumetrend_ichimoku_a,volumetrend_ichimoku_b,volumetrend_stc,volumetrend_adx,volumetrend_adx_pos,volumetrend_adx_neg,volumetrend_cci,volumetrend_visual_ichimoku_a,volumetrend_visual_ichimoku_b,volumetrend_aroon_up,volumetrend_aroon_down,volumetrend_aroon_ind,volumetrend_psar_up,volumetrend_psar_down,volumetrend_psar_up_indicator,volumetrend_psar_down_indicator,volume_adi,volume_obv,volume_cmf,volume_fi,volume_em,volume_sma_em,volume_vpt,volume_vwap,volume_mfi,volume_nvi,volumevolatility_bbm,volumevolatility_bbh,volumevolatility_bbl,volumevolatility_bbw,volumevolatility_bbp,volumevolatility_bbhi,volumevolatility_bbli,volumevolatility_kcc,volumevolatility_kch,volumevolatility_kcl,volumevolatility_kcw,volumevolatility_kcp,volumevolatility_kchi,volumevolatility_kcli,volumevolatility_dcl,volumevolatility_dch,volumevolatility_dcm,volumevolatility_dcw,volumevolatility_dcp,volumevolatility_atr,volumevolatility_ui,momentum_rsi,momentum_stoch_rsi,momentum_stoch_rsi_k,momentum_stoch_rsi_d,momentum_tsi,momentum_uo,momentum_stoch,momentum_stoch_signal,momentum_wr,momentum_ao,momentum_roc,momentum_ppo,momentum_ppo_signal,momentum_ppo_hist,momentum_pvo,momentum_pvo_signal,momentum_pvo_hist,momentum_kama
91.0,2019-08-12,91.34,89.41,89.92,2277700,0.0,0.0,0.0,89.41,89.41,89.41,89.41,0.0,0.0,0.0,-24.639782829844044,1.0,29.43345512311359,-247.6657641148397,-247.6657641148397,0.0,90.63,90.63,90.63,90.63,0.0,0.0,0.0,0.0,0.0,121.10549444003178,120.89038125496425,0.0,0.0,0.0,90.4002,115.09,0.0,0.0,156.36619718309916,91.0,1.7183098591549357,0.0,0.0,0.0,0.0,90.22333333333331,50.0,1000.0,89.41,89.41,89.41,0.0,0.0,0.0,0.0,90.22333333333331,88.80333333333333,91.64333333333333,-3.14774448590535,0.786384976525821,1.0,1.0,91.34,89.92,90.63,-1.5881892405771185,1.3591549295774679,0.0,0.0,100.0,0.0,0.0,0.0,0.0,-0.0,135.9154929577468,135.9154929577468,35.91549295774679,0.0,0.0,0.0,0.0,0.0,0.0,0.0,0.0,89.41
94.6,2019-08-13,98.41,90.41,91.09,4286200,0.07977207977208423,0.015954415954416847,0.06381766381766737,89.91,89.91,89.56384615384616,89.48407407407407,0.006592226346159847,0.22387200671558827,-0.2172797803694284,0.002184459232748015,2.570048309178743,28.93345512311359,-243.4585488375488,-245.56215647619425,2.1036076386454567,91.215,91.215,91.215,91.215,0.0,0.0,0.0,0.0,66.66666666666667,121.10549444003178,120.89038125496425,4.0,0.0,4.0,90.4002,115.09,0.0,0.0,268.5421534672523,185.6,1.4468866027330405,94.6,-31879915.43340376,-31879915.43340376,1.0580471982999624,91.7932040229885,100.0,1000.0,89.91,90.91,88.91,2.2244466688911135,0.75,0.0,0.0,91.76333333333332,87.39333333333335,96.13333333333333,-9.524501434850501,0.6548436308161718,1.0,1.0,91.34,91.09,91.215,-0.2780558336113892,3.7200000000000273,0.0,0.0,100.0,0.0,0.0,0.0,100.0,13.192612137203168,372.00000000000273,253.95774647887475,272.00000000000273,0.0,0.0,0.08914667844252336,0.01782933568850467,0.07131734275401869,0.31465977411921686,0.06293195482384338,0.25172781929537347,94.32237324070812
93.17,2019-08-14,94.08,92.13,92.3,2455100,0.2785704661488211,0.0684776259932977,0.21009284015552337,90.64999999999999,90.64999999999999,89.95863905325444,89.68006858710562,0.15290867231815353,0.27600496198308194,-0.12309628966492842,0.009491268033411807,3.9144191701058944,28.193455123113594,-237.23187022715825,-242.78539439318226,5.553524166024005,91.82,91.82,91.82,91.82,0.0,0.0,0.0,0.0,37.7049180327873,121.10549444003178,120.89038125496425,8.0,0.0,8.0,90.4002,115.09,1.0,0.0,379.5086703211851,278.77,1.361368405212846,103.97891428571427,2980358.484490722,-14449778.474456519,2.8305546642882464,92.14194820102593,50.506129015791316,1019.0244441986507,90.64999999999999,92.89665677544805,88.40334322455193,4.956771705345967,0.8293783047267739,0.0,0.0,92.12111111111109,88.61444444444446,95.62777777777778,-7.613166242506833,0.4987325728770614,1.0,1.0,91.34,92.3,91.82,1.059018201875338,0.8229166666666637,0.0,0.0,100.0,0.0,0.0,0.0,100.0,24.17777777777777,82.29166666666637,196.7357198748053,-17.708333333333627,0.0,0.0,0.31062695483807257,0.07638885951841826,0.2342380953196543,0.4319451024598257,0.13673458435103986,0.29521051810878585,92.63723510194606
93.14,2019-08-15,94.92,92.34,93.72,1563600,0.4479017322143619,0.14436244723751054,0.30353928497685134,91.07249999999999,91.07249999999999,90.32500227583068,89.87710054361632,0.1514077707866511,0.3176859476327054,-0.1662781768460543,0.020354052949256775,5.074134327786464,27.770955123113595,-233.67677331784745,-240.50823912434856,6.8314658065011145,92.53,92.53,92.53,92.53,0.0,0.0,0.0,0.0,67.421199951321,121.10549444003178,120.89038125496425,12.0,0.0,12.0,90.476192,115.09,0.0,0.0,686.8706703211839,371.90999999999997,1.846873357320814,91.91898367346948,-1455872.879536189,-10118476.609483076,3.042856845988025,92.52212443870829,66.98575990783792,1021.3471961066256,91.07249999999999,93.50718170404265,88.63781829595733,5.346689075281035,0.7603009662198135,0.0,0.0,92.50583333333333,89.57583333333334,95.43583333333333,-6.334735647301522,0.5282992036405003,1.0,1.0,91.34,93.72,92.53,2.6133025885969925,0.42016806722689154,0.0,0.0,100.0,0.0,0.0,0.0,100.0,20.86894586894591,42.016806722689154,165.43615779645276,-57.983193277310846,0.0,0.0,0.4983491117373111,0.16078090996219685,0.33756820177511426,0.5159506786845212,0.21257780321773612,0.30337287546678504,92.5001470917184
93.71,2019-08-16,94.55,93.4,93.89,1504700,0.6600227898757964,0.24749451576516773,0.4125282741106287,91.538,91.538,90.79807884877981,90.13805605890401,0.16633237392509795,0.3204312700260273,-0.15409889610092933,0.03540249844496788,6.072302359947676,27.30545512311359,-229.75985589468957,-238.35856247841676,8.598706583727193,92.61500000000001,92.61500000000001,92.61500000000001,92.61500000000001,0.0,0.0,0.0,0.0,74.73201936376223,121.10549444003178,120.89038125496425,16.0,0.0,16.0,90.67082048,115.09,0.0,0.0,919.7258218363346,465.61999999999995,1.9752712981322422,92.97807172011673,70430.05015473333,-7571249.944573623,4.118583508322887,92.8088257234082,75.2892248095122,1021.3471961066256,91.538,94.40316735985877,88.67283264014122,6.260061089075081,0.8249373886647565,0.0,0.0,92.794,90.31800000000001,95.27000000000001,-5.336551932236996,0.3776252019386117,1.0,1.0,91.34,93.89,92.61500000000001,2.7857283314033485,0.8078431372549038,0.0,0.0,100.0,0.0,0.0,0.0,100.0,24.553846153846205,80.78431372549038,68.36426237161531,-19.215686274509626,0.0,0.0,0.7322354383197264,0.27507181563370275,0.4571636226860236,0.6249367567465847,0.2950495939235058,0.32988716282307884,92.55353703076294
96.2,2019-08-19,96.4,94.64,95.17,2303800,0.9176102534011363,0.3815176632923615,0.5360925901087749,92.055,92.055,91.38914364127523,90.47153338787409,0.16877227003486336,0.3516593057835144,-0.18288703574865103,0.055235175036711555,7.0146306016611035,26.78845512311358,-225.4095952979708,-236.20040128167577,10.790805983704956,93.255,93.255,93.255,93.255,0.0,0.0,0.0,0.0,127.99215173315775,121.10549444003178,120.89038125496425,20.0,0.0,20.0,90.9283548416,115.09,0.0,0.0,1098.829886876985,561.8199999999999,1.955839747387037,96.73663290295714,-2000987.5259875385,-6457197.460856406,5.395756955860349,93.25308123598306,80.42242548018905,1021.3471961066256,92.055,95.54595497918073,88.56404502081928,7.584498352464783,0.8702425289664796,0.0,0.0,93.22888888888889,90.96055555555556,95.49722222222222,-4.866159750196643,0.18895420034288474,1.0,1.0,91.34,95.17,93.255,4.160556189234694,0.8616187989556132,0.0,0.0,100.0,0.0,0.0,0.0,100.0,27.16883116883119,86.16187989556133,69.65433344791363,-13.838120104438678,0.6371666666666727,0.0,1.0142530131186256,0.4229080551306873,0.5913449579879383,0.9171947415594998,0.41947862345070464,0.4977161181087951,92.6192827502135
93.63,2019-08-20,95.99,93.49,95.81,1512300,1.0172288045574476,0.5086598915453787,0.5085689130120689,92.25999999999999,92.25999999999999,91.71235231184828,90.69512350729083,0.17588127814155194,0.35843662264115334,-0.1825553444996014,0.07478228301637017,7.824587623422756,26.583455123113595,-223.6846370342815,-234.41243496061946,10.727797926337956,93.575,93.575,93.575,93.575,0.0,0.0,0.0,0.0,90.58506543495008,121.10549444003178,120.89038125496425,24.0,0.0,24.0,91.35251935744,115.09,0.0,0.0,3606.0332202104255,468.18999999999994,5.50161449418022,67.5350424882489,-22108.29862223457,-5384682.600484044,4.25802977919086,93.51643451064153,66.9332479842981,1008.9364894759976,92.25999999999999,95.64443496022601,88.87556503977397,7.336733059236976,0.6817142321325423,0.0,0.0,93.49571428571429,91.5257142857143,95.46571428571428,-4.214096902837393,0.5014503263234258,1.0,1.0,91.34,95.81,93.575,4.845003251680034,0.48098434004474094,0.0,0.0,78.51539280642115,0.0,0.0,0.0,97.4933077856641,19.80582524271844,48.09843400447409,71.68154254184194,-51.90156599552591,0.5694285714285741,0.0,1.1215915092454494,0.5626447459536398,0.5589467632918096,0.9135503992020778,0.5182929786009793,0.3952574206010985,92.64108991866347
96.08,2019-08-21,96.23,94.88,95.84,1556700,1.1945683668074594,0.6458415865977949,0.5487267802096645,92.5875,92.5875,92.19968272541009,91.00511435860263,0.16969846629856092,0.3479656806209788,-0.1782672143224179,0.09616142897712472,8.561923060457506,26.25595512311358,-220.92891102765594,-232.726994468999,11.798083441343067,93.59,93.59,93.59,93.59,0.0,0.0,0.0,0.0,99.80145598941033,121.10549444003178,120.89038125496425,28.000000000000004,0.0,28.000000000000004,91.8874170345472,115.09,0.0,0.0,4175.122450979659,564.27,5.555496721328037,76.96592213278478,-54798.0849292278,-4623270.526833356,5.68653764099427,93.78920202786317,71.81297181027914,1008.9364894759976,92.5875,96.19662385489887,88.97837614510114,7.79613631407883,0.8175978564559719,0.0,0.0,93.765,91.9925,95.53750000000001,-3.7807284167866495,0.1854724964739105,1.0,1.0,91.34,95.84,93.59,4.860267314702308,0.7866666666666648,0.0,0.0,83.21068005232999,0.0,0.0,0.0,95.56563274586698,22.66811704519093,78.66666666666649,70.97566018890065,-21.33333333333351,0.8982500000000044,0.0,1.3126387184134536,0.7126435404456026,0.599995177967851,1.1097942943388117,0.6365932417485458,0.4732010525902659,92.6578758875773
97.21,2019-08-22,97.43,95.95,96.03,1355000,1.405252429917212,0.7977237552616784,0.6075286746555336,92.96111111111111,92.96111111111111,92.77665461380853,91.37140218389132,0.16555980740677126,0.36046157853225047,-0.1949017711254792,0.119959145128707,9.358424680440327,25.882344012002477,-217.78518627879134,-231.06679355897592,13.281607280184573,93.685,93.685,93.685,93.685,0.0,0.0,0.0,0.0,113.45683327507871,121.10549444003178,120.89038125496425,32.0,0.0,32.0,92.4407786497106,115.09,0.0,0.0,4283.442165265374,661.48,5.046824899575104,80.83003325667278,-1000925.8306758609,-4170477.4398136693,6.782813990066791,94.09624584678464,75.5020562126571,1008.9364894759976,92.96111111111111,96.96675651001108,88.95546571221114,8.617894840160103,0.8730845583223245,0.0,0.0,94.06555555555556,92.33444444444444,95.79666666666668,-3.680648247675987,-0.044287548138635745,1.0,0.0,91.34,96.03,93.685,5.04512042072551,0.9829424307036251,0.0,0.0,85.78586710920243,0.0,0.0,0.0,94.10955388138801,28.1155595149873,98.29424307036251,75.0197812471677,-1.705756929637491,1.116222222222234,0.0,1.537956511917201,0.8777061347399223,0.6602503771772786,1.345525529826733,0.7783796993641832,0.5671458304625498,92.73182675277576
95.16,2019-08-23,98.09,94.83,96.92,2533300,1.464959289277644,0.9311708620648715,0.5337884272127724,93.148,93.148,93.09255390399183,91.62759461471418,0.16822715015393483,0.3825368903194869,-0.21430974016555207,0.14163758882511351,10.178529044676052,25.69545512311359,-216.21262270181285,-227.57200006863962,11.359377366826777,95.5,94.13,94.815,94.13,0.0,0.0,0.0,0.0,100.15287180607075,121.10549444003178,120.89038125496425,36.0,0.0,36.0,93.0150540657569,115.09,0.0,0.0,4718.575498598707,566.32,4.999020551540107,54.05728564857661,-952868.852459016,-3812965.3745520413,5.67203545958216,94.35000794575697,78.28791506603258,997.1594298802381,93.148,97.11007824253889,89.1859217574611,8.507060253658466,0.7122623402462364,0.0,0.0,94.32033333333334,92.64533333333334,95.99533333333333,-3.551726209618987,0.34786069651741447,1.0,1.0,91.34,96.92,94.13,5.990466784042598,0.6254480286738344,2.8030000000000017,0.0,73.13997650965106,0.0,0.0,0.0,90.64142157161008,17.48165884148232,62.54480286738344,79.83523753480415,-37.45519713261656,1.4845000000000113,0.0,1.5988188879536414,1.0219286853826661,0.5768902025709752,1.339429097855272,0.890589579062401,0.4488395187928711,92.8030133892865
95.87,2019-08-26,96.59,94.52,96.35,2596000,1.470314130209303,1.038999515693758,0.4313146145155451,93.27272727272727,93.27272727272727,93.31216099568539,91.84184686547609,0.1922390785018551,0.376828505091006,-0.18458942658915092,0.15997830471529556,10.912065913725012,25.57072785038632,-210.59475002613607,-223.92046686737154,13.325716841235476,95.5,94.13,94.815,94.13,0.0,0.0,0.0,0.0,60.130981021117144,121.10549444003178,120.89038125496425,36.0,0.0,36.0,93.71794433392066,115.09,0.0,0.0,6276.46299859865,470.45000000000005,6.036395547667898,42.089144841637065,259100.86575572158,-3405758.750521265,5.358635691576254,94.48554574569376,70.3000205468935,997.1594298802381,93.27272727272727,97.13190373606847,89.41355080938607,8.275037250829085,0.6615983020108992,0.0,0.0,94.88,93.32300000000001,96.43700000000001,-3.282040472175384,0.6156069364161892,1.0,1.0,91.34,96.92,94.13,5.982456140350876,0.5698924731182784,2.698700000000002,0.0,70.06146186189744,0.0,0.0,0.0,87.26792133384168,15.26075727370501,56.98924731182784,72.60943108319127,-43.01075268817216,1.4793636363636153,0.0,1.6009196029811146,1.1377268689023559,0.4631927340787587,1.3791100285836575,0.9882936689666524,0.3908163596170051,93.03066426772956
96.75,2019-08-27,97.97,95.88,96.37,2292700,1.5662438303100572,1.1444483786170179,0.42179545169303934,93.49,93.49,93.70721315019533,92.14096931988527,0.18526832140831234,0.38186034327621543,-0.1965920218679031,0.1779026008346292,11.755630351446102,-4.079999999999998,-204.5645778554284,-220.29076771495713,15.726189859528716,95.735,94.13,94.9325,94.13,0.0,0.0,0.0,0.0,90.36668365664292,121.10549444003178,120.89038125496425,36.0,0.0,36.0,94.29431435381494,115.09,0.0,0.0,6432.472373598652,567.2,5.659796900713276,54.873552721403186,-1157622.7390180884,-3201382.749475522,6.750722022511496,94.67746357301236,73.09680861467564,997.1594298802381,93.49,97.45601395190016,89.52398604809983,8.48435972168182,0.801310084758391,0.0,0.0,95.22366666666667,94.23866666666666,96.20866666666667,-2.0688134252339365,0.16683587140440373,1.0,1.0,91.34,96.92,94.13,5.968552786394266,0.8136200716845866,2.773830000000002,0.0,75.02750264202764,0.0,0.0,0.0,84.77823212744194,16.682969777750472,81.36200716845866,66.96535244922332,-18.637992831541336,1.55658333333335,0.0,1.6998343319707627,1.2501483615160374,0.44968597045472536,1.4680754395228686,1.0842500230778958,0.3838254164449728,93.43001029505803
99.6,2019-08-28,99.87,96.28,96.45,2971900,1.6554623266247859,1.2466511682185715,0.4088111584062144,94.0625,93.7046153846154,94.10302651170375,92.44756418507896,0.19682284967918895,0.41110817775096725,-0.2142853280717783,0.1952518367014376,12.890572155766652,-3.2946153846153976,-199.39800143492207,-216.48201528352095,17.084013848598886,95.735,94.13,94.9325,94.13,0.0,0.0,0.0,0.0,111.28383833391045,121.10549444003178,120.89038125496425,36.0,0.0,36.0,94.76693777012825,115.09,0.0,0.0,6541.974127984617,666.8000000000001,5.29234550689627,52.725902332631385,-3399397.5903614545,-3217883.986216016,7.166241421760566,94.90757442643111,75.49213268345214,997.1594298802381,93.7046153846154,97.7948710876218,89.61435968160899,8.730105099343808,0.8148195128108564,0.0,0.0,95.69333333333333,94.54433333333333,96.84233333333334,-2.4014212066323144,0.24470554105019063,1.0,1.0,91.34,96.92,94.13,5.954882774019831,0.8853046594982078,2.895447000000003,0.0,76.27405077911993,0.0,0.0,0.0,82.86425150423224,13.12050930052487,88.53046594982078,75.6272401433691,-11.469534050179226,1.75584615384615,7.683704283637183,1.790704104772917,1.3582595101674135,0.43244459460550355,1.7588159374594354,1.2191632059542037,0.5396527315052317,93.74590823715708
97.67,2019-08-29,104.24,96.68,102.5,6131300,1.7384060222944413,1.3450021390337454,0.39340388326069586,94.585,93.91714285714285,94.49948397144163,92.7610779491472,0.21089992472918598,0.470917157728634,-0.260017232999448,0.21190572483395465,14.009802867103673,-1.7871428571428538,-194.15663394936072,-212.52610173403997,18.369467784679244,99.245,96.92,98.08250000000001,96.92,0.0,0.0,0.0,0.0,211.72534906442064,121.10549444003178,120.89038125496425,52.0,0.0,52.0,95.15448897150516,115.09,0.0,0.0,7293.022748674273,764.47,5.467894307705316,50.77477342796984,-9281662.741885904,-3684328.5058829305,7.572016245192219,95.36395886908734,77.52681596689754,1001.3021778232386,93.91714285714285,98.1460801000068,89.6882056142789,9.005676949301101,0.8266609297074927,0.0,0.0,96.44133333333335,95.23833333333334,97.64433333333334,-2.494780937633924,0.400803546688833,1.0,1.0,91.34,102.5,96.92,11.882814639043533,0.47849462365591444,3.401902300000002,0.6015199470683916,77.48441214264807,0.24793963708279704,0.0,0.0,81.39817230989014,14.307700375238113,47.84946236559144,72.58064516129029,-52.15053763440856,2.5182142857142935,6.9350735538104304,1.8740683708391763,1.461421282301766,0.4126470885374103,1.8028307247030326,1.3358967097039696,0.46693401499906306,94.08429931056857
101.53,2019-08-30,101.93,97.91,98.25,3975300,1.8816991625222954,1.4523415437314555,0.4293576187908399,95.06666666666666,94.18333333333334,95.024178745066,93.1424795825437,0.42267643655996895,0.6968762051677587,-0.2741997686077898,0.22956611776891842,15.305730552269818,-1.8433333333333337,-188.73945210778865,-208.4516413795753,19.712189271786656,99.245,96.92,98.08250000000001,96.92,0.0,0.0,0.0,0.0,129.01389205192487,121.10549444003178,120.89038125496425,52.0,0.0,52.0,96.62359117720413,115.09,0.0,0.0,7413.313726935143,866.0,5.164920524297817,61.36150579540258,11888505.860336848,-2571983.1940100896,8.863719803322113,96.01399265055939,71.46733679982977,1001.3021778232386,94.18333333333334,98.72862344753092,89.63804321913575,9.652005197375864,0.909948163157519,0.0,0.0,96.98299999999999,95.478,98.488,-3.103636719837503,0.19202657807309037,1.0,1.0,91.34,102.5,96.92,11.84923022473898,0.5887096774193544,3.5867120700000017,0.6015199470683916,80.73838519744048,0.35662807870884633,0.0,0.0,80.46861541321918,13.479359326126332,45.486935866983345,60.622288060798525,-54.513064133016655,2.7636666666666514,6.273743623141215,2.0202373513738348,1.5731844961161798,0.4470528552576549,2.135451591732923,1.4958076861097602,0.6396439056231626,94.54058738184482
101.99,2019-09-03,102.15,99.88,101.19,2110800,2.129672999880057,1.587807834961176,0.5418651649188813,95.695,94.53937499999999,95.771228168902,93.64155516902194,0.4757961783439489,0.6698513800424623,-0.19405520169851337,0.25086376447432185,16.428643703494497,-1.139374999999987,-176.06194884391155,-203.1602315806453,27.09828273673375,99.36500000000001,96.92,98.14250000000001,96.92,0.0,0.0,50.833835117941184,28.963007566039163,157.4253401238548,121.10549444003178,120.89038125496425,52.0,0.0,52.0,97.7988729417633,115.09,0.0,0.0,7793.651435268474,967.99,5.069668079482001,81.29847639605934,-1487204.6279047073,-401075.2793315855,10.915811520204972,96.5854395790024,71.79121945236423,1001.3021778232386,94.53937499999999,99.73306092018231,89.34568907981767,10.98734981098049,1.0141459343206227,1.0,0.0,97.55,96.072,99.02799999999999,-3.0302409021014753,-0.2882273342354557,1.0,0.0,91.34,102.5,96.92,11.8046052240138,0.7652329749103938,3.6520408630000025,0.6015199470683916,84.58174953784327,0.485003229248056,0.3631903150132331,0.0,80.15311914445468,16.280339360654658,68.88361045130637,54.07333622796039,-31.116389548693636,3.46731250000002,8.165475416937397,2.274281963852503,1.7134039896634445,0.5608779741890584,2.4049106317466533,1.6776282752371388,0.7272823565095146,95.26330799040485
105.0,2019-09-04,105.18,102.51,102.86,2570500,2.5094852884095786,1.7721433256508565,0.7373419627587221,96.45416666666665,95.00823529411764,96.80796229676324,94.29847700835366,0.3490662836035294,0.6679663451672477,-0.3189000615637183,0.2787347676601903,17.57029570700957,-0.368235294117639,-161.02839692698677,-196.50461890279314,35.47622197580637,99.725,97.1,98.4125,97.1,0.0,0.0,51.38178889271291,25.914780825595614,188.707529025198,121.10549444003178,120.89038125496425,64.0,0.0,64.0,98.73909835341064,115.09,0.0,0.0,7930.332469751233,1072.99,4.828767084016557,109.13440833947959,-5192380.952380972,-984842.381965278,13.680629301542595,97.3753335435704,78.7772629720722,1001.3021778232386,95.00823529411764,101.28969722696743,88.72677336126785,13.222984120069652,1.0971352517994917,1.0,0.0,98.392,96.69999999999999,100.084,-3.4393040084559874,-0.7169030732860495,1.0,0.0,91.34,102.86,97.1,12.125264682937699,0.969618055555556,3.8168367767000033,0.6015199470683916,88.01884598869061,0.5998083154213513,0.48047987445941787,0.0,80.468953582347,22.941848778008175,95.78820697954279,70.05291776594417,-4.211793020457211,4.40229411764706,9.75374732334047,2.661215077935214,1.9029662073177986,0.7582488706174155,2.8287041284225585,1.9078434458742226,0.9208606825483359,97.23568063125762
107.63,2019-09-05,108.29,106.19,106.43,2448500,3.072022149355405,2.0321190903917663,1.0399030589636387,97.41666666666667,95.62944444444445,98.25135271264583,95.17933056329042,0.3460943542150037,0.6836813611755604,-0.33758700696055677,0.31698658482026343,18.67462429736885,-2.1394444444444503,-144.7251243986341,-188.38683424944236,43.66170985080825,101.51,98.885,100.1975,98.885,0.0,0.0,56.53146559601073,22.552373301392137,215.86959127412172,121.10549444003178,120.89038125496425,68.0,0.0,68.0,99.56327868272851,115.09,0.0,0.0,8065.7379536222015,1180.62,4.6091511443947795,150.12640714812525,-5771996.65520766,-1293136.937370383,17.54443185739079,98.37583434322912,79.21398996460127,1001.3021778232386,95.62944444444445,103.59850816254898,87.66038072633991,16.666548183774367,1.162597008200821,1.0,0.0,99.524,97.685,101.363,-3.695591013222938,-1.3123980424143562,1.0,0.0,91.34,106.43,98.885,15.779658752243908,0.984095427435387,4.013153099030003,0.6015199470683916,91.03152041308006,0.7004369570234352,0.5950828338976142,0.47958434112342174,81.4388119756564,29.83563741665123,97.9797979797979,87.5505384702157,-2.020202020202095,5.67005555555555,12.204142011834316,3.227614789024634,2.1678959236591657,1.0597188653654683,3.3312951254225203,2.192533781783882,1.1387613436386381,99.89662287516296
109.62,2019-09-06,109.72,107.17,107.68,2531200,3.5559239959727194,2.3368800715079567,1.2190439244647626,98.55666666666667,96.23684210526316,99.6234522953157,96.06752829934298,0.3295625942684764,0.7130467571644037,-0.3834841628959273,0.3617734300153894,19.76767310001352,-1.3568421052631692,-128.40473712903122,-178.6304025191333,50.22566539010208,102.135,99.51,100.8225,99.51,0.0,0.0,57.911366053544455,21.414993179257138,192.86927165492773,121.10549444003178,120.89038125496425,72.0,0.0,72.0,100.93662294618281,115.09,0.0,0.0,8230.167953622202,1290.2399999999998,4.425868460077761,144.026577555536,-2493705.52818827,-1476289.4786805976,18.556086438801476,99.44538263244233,79.67223974817264,1001.3021778232386,96.23684210526316,105.54955679259498,86.92412741793135,19.353741215127652,1.0870016564347946,1.0,0.0,100.696,98.793,102.599,-3.7796933343926247,-1.2009984235417763,1.0,0.0,91.34,107.68,99.51,16.978944490019142,0.9687882496940021,3.964837789127003,0.6015199470683916,91.63476655792265,0.7205864426816825,0.673610571708823,0.5830577600219516,82.32930088697543,28.97499126625079,95.63729683490159,96.4684339314141,-4.362703165098414,6.1535263157894775,14.632581024708532,3.701483798867592,2.474613498700851,1.2268703001667411,3.833304478361823,2.52068792109947,1.312616557262353,102.05188591659368
108.9,2019-09-09,110.72,107.71,109.87,2687100,3.9376029470720653,2.6570246466207785,1.2805783004512867,99.62583333333333,96.8105,100.86753655757482,96.92993361050276,0.317409964545624,0.7156185855570062,-0.3982086210113822,0.4091720508419121,20.743795046179407,-0.8605000000000018,-111.45820814656588,-167.61523119918104,56.15702305261516,103.92,100.605,102.2625,100.605,0.0,0.0,59.99006234237447,19.496210591923344,176.4150267404062,121.10549444003178,120.89038125496425,76.0,0.0,76.0,102.28529835694624,115.09,0.0,0.0,8892.536188916325,1399.1399999999999,4.517509214775167,131.85220933331644,-1244949.4949494859,-1422286.7621778795,19.1048034304969,100.49507052266392,80.06618096435211,1006.3474626606421,96.8105,107.17392892097014,86.44707107902987,21.409720889717825,1.02586359607027,1.0,0.0,101.97800000000001,100.107,103.849,-3.6694188942713173,-1.031801175841792,1.0,0.0,91.34,109.87,100.605,19.140485794412797,0.8834322719913648,3.9233540102143025,0.6015199470683916,91.95584313870665,1.0,0.8070077999017059,0.6919004018360476,83.09042058295887,28.89888813725081,84.43804034582126,92.68504505350693,-15.561959654178741,7.59050000000002,13.522344013490725,4.06231883217282,2.792154565395245,1.270164266777575,4.114836266477601,2.8395175901750966,1.2753186763025046,104.36230199057326
109.93,2019-09-10,110.02,106.81,108.55,1826200,4.11997132246816,2.949613981790255,1.170357340677905,100.53083333333332,97.28666666666666,101.7817617025633,97.66179038009514,0.3407882676443627,0.690742438130155,-0.3499541704857923,0.4532781162486399,21.701530486303522,-2.8504999999999967,-89.3551899254971,-154.81418809585534,65.45899817035824,104.87,100.605,102.73750000000001,100.605,0.0,0.0,58.24165844213641,21.356736652790893,137.23572012615324,121.10549444003178,120.89038125496425,76.0,0.0,76.0,103.802238685557,115.09,0.0,0.0,9262.708637895916,1289.2099999999998,4.58206111569084,98.88232228569994,1350586.7370144695,-1324237.1167752577,18.186253620822782,101.46562251394998,78.39192408374686,1006.3474626606421,97.6805,108.33026896463018,87.03073103536981,21.80531214445091,0.928624321819597,0.0,0.0,103.242,101.248,105.23600000000002,-3.8627690281087284,-0.394684052156464,1.0,0.0,94.08,109.87,101.975,16.164945920628995,0.8062064597846738,3.7620186091928725,0.5533800679869197,86.02918590584174,0.7293069323158953,0.8166311249991925,0.7657498322032404,82.09326617277941,29.60523127836689,77.56598240469206,85.88043986180497,-22.434017595307935,8.615095238095222,11.318394997394474,4.218611297656354,3.077445911847467,1.141165385808887,4.359839439149027,3.143581959969883,1.2162574791791445,105.21360015869253
111.36,2019-09-11,112.65,110.42,111.02,3242900,4.503878496097954,3.260466884651795,1.243411611446159,101.83,97.88363636363637,103.11072144063048,98.60684294453253,0.3372072853425845,0.7174327840416299,-0.3802254986990454,0.49974665688699554,22.66367539062569,-4.161000000000016,-64.72214775616438,-139.85020435377115,75.12805659760677,106.475,101.18,103.8275,101.18,0.0,0.0,58.29985840481492,18.453810412923296,150.6811893054161,121.10549444003178,120.89038125496425,84.0,0.0,84.0,105.0157909484456,115.09,0.0,0.0,9456.051459981803,1400.5699999999997,4.5842423503802365,142.1862191020285,-3732489.2241379595,-1586929.341004453,21.950036038199435,102.62050430393126,78.86208531206555,1006.3474626606421,98.68100000000001,110.13964372428083,87.22235627571919,23.223606822551083,1.012233397008631,1.0,0.0,104.70433333333332,102.70733333333335,106.70133333333334,-3.8145508145157816,-0.9310632615590079,1.0,0.0,94.08,111.02,102.55,17.166425147698135,0.9645808736717831,3.9698167482735855,0.5533800679869197,89.07169926328115,0.8682701356589406,0.8658590226582786,0.8298326491863923,81.93961021324014,34.80715191309425,95.84199584199588,85.94867286416974,-4.158004158004121,9.60909090909091,16.439945165032167,4.567511099236223,3.3754589493252185,1.1920521499110048,4.603156515740335,3.4354968711239735,1.1676596446163616,107.08999324588969
111.94,2019-09-12,112.91,111.01,111.83,1549900,4.800399746137273,3.568453456948891,1.2319462891883823,103.20416666666667,98.45434782608694,104.32599506514887,99.5255953190116,0.34832436186838,0.7233894773398155,-0.3750651154714355,0.5456903670772997,23.57766303347713,-3.7450000000000045,-40.982508180759844,-122.83085704614885,81.848348865389,106.88,101.58500000000001,104.2325,101.58500000000001,0.0,0.0,58.25999162471782,17.591382544743738,136.28741129918293,121.10549444003178,120.89038125496425,88.0,0.0,88.0,106.21663275875648,115.09,0.0,0.0,9737.974422944766,1512.5099999999998,4.6262164359557385,131.3088449445959,-516169.37645166647,-1552303.8799884391,22.548157755279675,103.74821202840198,79.30381399487484,1006.3474626606421,99.625,111.85421501977949,87.39578498022051,24.550494393534734,0.9654836791072013,0.0,0.0,106.14266666666667,104.37966666666667,107.90566666666666,-3.32194405014634,-0.8804121762147893,1.0,0.0,94.55,111.83,103.19,17.34504391468005,0.9525462962962967,3.821835073446226,0.5533800679869197,89.47511929126995,0.8866958688590886,0.8280909789446415,0.8368603755340377,81.92121237225626,33.251220134209916,94.61942257217852,89.34246693962216,-5.380577427821479,10.068304347826086,17.446043165467636,4.823281619919424,3.6650234834440596,1.1582581364753644,4.776549634683362,3.7037074238358514,1.0728422108475106,108.50635944356297
112.86,2019-09-13,113.12,111.51,111.89,1801600,5.017897594502685,3.85834228445965,1.159555310043035,104.50666666666667,98.99833333333333,105.43122659358751,100.41332899908483,0.3573662265462126,0.7103891591382901,-0.35302293259207757,0.5889117686311038,24.476486613143763,-4.3035,-17.63108748443954,-103.81881653244338,86.18772904800383,107.02000000000001,101.61500000000001,104.31750000000001,101.61500000000001,0.0,0.0,56.69335111254229,17.055643762157757,120.23683424318949,121.10549444003178,120.89038125496425,92.0,0.0,92.0,107.33930620700518,115.09,0.0,0.0,9920.569057091107,1625.3699999999997,4.52047271509905,120.61186709536793,-147129.18660287687,-1494751.0467130004,23.056490337929883,104.85643917088817,79.76900808810632,1006.3474626606421,100.5835,113.3708066358792,87.7961933641208,25.426251096609693,0.9272400870306001,0.0,0.0,107.24600000000001,105.53399999999999,108.958,-3.1926598661022383,-0.7453271028037388,1.0,0.0,94.55,111.89,103.22,17.239408054004883,0.9780853517877742,3.6506515661016032,0.4570622770478984,89.81815090733195,0.9023634326840299,0.8857764790673529,0.859908826890091,81.98845232898935,32.04968254106947,97.51633986928108,95.99258609448516,-2.483660130718925,10.32612499999999,16.30162703379225,4.997242541922317,3.9314672951397114,1.0657752467826054,4.919121339432146,3.9467902069551104,0.9723311324770356,109.5930509150592
109.56,2019-09-16,112.14,109.51,112.1,1746600,4.971573713939961,4.0809885703557125,0.8905851435842482,105.60916666666667,99.41879999999999,106.05873019457405,101.08715648063409,0.3517632465000886,0.7231968810916177,-0.3714336345915291,0.6227931530922354,25.24270471420971,-4.708999999999989,3.442513800229241,-83.87387623864997,87.3163900388792,108.64,101.72,105.18,101.72,0.0,0.0,55.47353881324106,20.262513752924807,96.68433499451464,121.10549444003178,120.89038125496425,96.0,0.0,96.0,108.24944496560414,115.09,0.0,0.0,24218.14905708883,1515.8099999999997,11.3182105500889,72.07874322460108,14056.224899600777,-1512254.2353455804,21.09146477968399,105.91199379297646,78.24562964781634,988.2980058825839,101.389,114.29387644264757,88.48412355735242,25.45616672942346,0.8146484988094119,0.0,0.0,108.43466666666669,107.08666666666666,109.78266666666669,-2.486289747436268,0.10113748763600797,1.0,1.0,95.99,112.1,104.04499999999999,15.889297655564214,0.8392302917442589,3.3485864094914426,0.5291754233793303,78.76033854666377,0.22050808260670543,0.669855794716608,0.7945744175762007,78.81045875410163,20.192480185533082,81.67020523708429,91.26865589284796,-18.32979476291571,10.2436,13.741171582883261,4.918106203622808,4.128795076836331,0.789311126786477,4.72280408772378,4.101992983108845,0.6208111046149352,109.5750197943837
111.04,2019-09-17,111.1,109.25,109.74,1220900,4.857883223881515,4.236367501060873,0.621515722820642,106.65666666666668,99.79692307692306,106.5496947800242,101.69181155614268,0.40370166758292125,0.7364852483049293,-0.3327835807220081,0.6469834111872819,25.065170805773732,-4.209500000000006,17.325165986365104,-64.05681369272196,81.38197967908707,110.195,101.72,105.9575,101.72,0.0,0.0,54.97694422325255,24.12894933339421,74.58570310215691,121.10549444003178,120.89038125496425,96.0,0.0,96.0,109.01955597248332,115.09,0.0,0.0,24409.20317473589,1404.7699999999998,11.24296339119142,57.657437049658,2082132.5648415012,-1280843.1422127527,20.827832234710925,106.80924915867602,71.00121188589429,988.2980058825839,102.1195,115.0674951729988,89.1715048270012,25.358516586937462,0.7753515082732514,0.0,0.0,109.33033333333333,107.94233333333334,110.71833333333333,-2.5390940605077543,0.5289385206532189,1.0,1.0,95.99,112.1,104.04499999999999,15.775635407537248,0.8230912476722536,3.1727277685422974,0.7569988128337741,77.42583709266438,0.07344736412354862,0.3987729598047613,0.6514684111962408,75.92649931227163,16.645703765996277,76.69664758789864,85.29439756475468,-23.30335241210136,10.122884615384606,13.001654944145628,4.77706429804286,4.258448921077637,0.5186153769652231,4.622978096800332,4.206190005847143,0.41678809095318936,109.51655655803553
112.26,2019-09-18,112.27,110.38,111.36,1728000,4.803591435671834,4.349812287983066,0.4537791476887678,107.69583333333333,100.60346153846154,107.13897250617433,102.33538107050249,0.3875000000000005,0.7317164179104478,-0.3442164179104473,0.6645236184268625,24.310972562627864,-3.0840000000000174,30.27251846644286,-44.61263115215787,74.88514961860074,110.91,103.09,107.0,101.72,0.0,0.0,56.74832932297274,22.16835027410572,80.59497738972132,90.63,90.63,92.0,4.0,88.0,109.63564477798666,115.09,0.0,0.0,24763.25394396666,1517.0299999999997,10.11358760385296,67.54263175684964,-1130812.399786209,-1118801.3428859494,21.98896541548896,107.75686947354025,71.4970140704822,988.2980058825839,102.96400000000001,115.75272065532752,90.1752793446725,24.84114963545998,0.789942997422132,0.0,0.0,110.11233333333334,108.86533333333334,111.35933333333335,-2.2649597229496066,0.3926757551456906,1.0,1.0,96.23,112.1,104.16499999999999,15.413154112116844,0.8916194076874606,3.157454991688067,0.8039884257038613,79.08454024998021,0.11415708651873752,0.1360375110829972,0.40155542186812215,73.89336718730105,19.29504866890795,83.08751229105211,80.48478837201168,-16.912487708947896,9.74525925925927,12.736186293534878,4.693969363696871,4.345553009601484,0.34841635409538707,4.579080793061135,4.280768163289942,0.29831262977119355,109.65365846056618
111.74,2019-09-19,112.92,111.68,112.46,1565100,4.81001705532897,4.441853241452247,0.36816381387672337,108.67916666666667,101.42153846153846,107.83759212060905,103.02757506528008,0.3804483188044837,0.6847239518472397,-0.30427563304275596,0.6780178228499417,23.726775025872072,-1.293999999999997,41.70592608145149,-25.711446350993114,67.41737243244461,111.24,103.27,107.255,101.9,0.0,42.725632155702165,56.44150724748126,20.4079354634237,84.22004311843652,91.215,91.215,100.0,0.0,100.0,110.12851582238932,115.09,0.0,0.0,25253.938291792736,1628.7699999999998,10.001241134935652,78.64539864872845,-360211.20458207175,-481554.8045071043,23.304982809944498,108.51726604429992,71.9578094730291,999.9376816177477,103.804,116.56536732485985,91.04263267514015,24.58742885603608,0.8085876222940908,0.0,0.0,110.65066666666667,109.54366666666667,111.75766666666667,-2.000891695184845,0.03507979524239323,1.0,1.0,96.59,112.46,104.525,15.288428191591835,0.9508506616257096,3.095709492519261,0.8039884257038613,80.82970121557241,0.23426446707055482,0.140622972570947,0.22514448115290184,72.5882034578128,27.576188890676143,92.59259259259271,84.12558415718115,-7.407407407407293,9.431071428571428,11.81417701241491,4.668669579266773,4.410176323534541,0.2584932557322315,4.451022968913026,4.314819124414559,0.13620384449846767,109.89405025409768
111.07,2019-09-20,113.67,111.04,111.96,2548600,4.709182232492481,4.495319039660294,0.21386319283218658,109.38999999999999,102.14884615384616,108.33027025589996,103.62108802340748,0.29608192341941314,0.7486642920748001,-0.452582368655387,0.6853956394420998,23.45374826461864,1.6314999999999884,51.54327044794693,-7.600170951602804,59.14344139954974,111.24,103.505,107.3725,101.9,0.0,43.02298179572902,55.799132491799206,20.17566770168924,76.67069243156206,91.82,91.82,96.0,4.0,92.0,110.59481265791145,115.09,0.0,0.0,25484.52220992139,1517.6999999999998,9.993532837762325,57.255370270338666,-192446.2050958864,-1344479.952038014,22.66847851195023,109.39095923730102,70.9394169551662,994.2073797173595,104.55850000000001,117.15652726620326,91.96047273379676,24.09756694329633,0.7572426564509799,0.0,0.0,111.054,109.97999999999999,112.128,-1.9341941758063739,0.5065176908752275,1.0,1.0,96.59,112.46,104.525,15.178106036333716,0.910522999369881,2.9851385432673347,0.8184466109657837,77.40548547801436,0.0,0.11614051786309743,0.1309336671723472,70.57283380622482,14.009617043408687,86.22696411251222,87.30235633205234,-13.77303588748777,9.13665517241381,8.321139401034046,4.544617627860363,4.437064584399706,0.10755304346065753,4.248911244202472,4.301637548372142,-0.052726304169669724,109.97616227673677
113.42,2019-09-23,113.94,111.1,111.1,1922900,4.581301021067986,4.5125154359418325,0.06878558512615385,109.79916666666668,102.87038461538462,108.75638252422306,104.17508150315507,0.3471776044056917,0.7276273519963293,-0.38044974759063765,0.6870035292057004,23.56707149640625,1.7980000000000018,61.04704735914156,9.111188746690381,51.93585861245118,111.78,103.505,107.6425,101.9,0.0,43.299092175753955,55.65296322845859,20.122816297847173,70.12076353720289,92.53,92.53,92.0,0.0,92.0,110.96785012632915,115.09,0.0,0.0,25597.942209921388,1631.12,9.757898955631374,50.04820308886153,738670.4284958614,-1185488.8765808304,22.729764535004975,110.13434842498043,63.88678445987448,994.2073797173595,105.372,117.44232161957586,93.30167838042414,22.909922217621123,0.7372761961334245,0.0,0.0,111.31533333333334,110.04233333333335,112.58833333333334,-2.2871961335066078,0.5845771144278666,1.0,1.0,96.59,112.46,104.525,15.06092700148046,0.9143037177063642,2.9766246889406007,0.8301326493619987,77.50171217389928,0.006613356051369001,0.08029260770730794,0.11235203271378413,68.96472913034175,10.96339019886898,81.3186813186813,86.71274600792874,-18.681318681318707,8.893833333333333,4.623787550616816,4.39769372383859,4.429190412287483,-0.03149668844889231,4.211819409896875,4.283673920677089,-0.07185451078021377,110.04654652716181
113.37,2019-09-24,114.51,111.82,113.67,1693000,4.486336527546584,4.507279654262783,-0.020943126716199245,110.18666666666667,103.57884615384614,109.2277082897272,104.74137176218062,0.3523626769009366,0.7467018469657001,-0.3943391700647635,0.6846623255231092,23.63589919664578,1.472999999999999,70.62642423238631,24.14991896764046,46.47650526474585,112.38499999999999,104.83,108.60749999999999,102.505,0.0,44.07723645148223,60.43395315231606,17.953404563411276,83.63618045610572,92.61500000000001,92.61500000000001,100.0,4.0,96.0,111.26628010106332,115.09,0.0,0.0,26210.680067064244,1744.4899999999998,9.240611646578774,54.559374076167,-1163270.7065361307,-897695.2875919131,23.464475606112092,110.8145603653438,64.30168626947454,1000.6504878487411,106.237,117.52690363112104,94.94709636887895,21.254183817542007,0.747256317786905,0.0,0.0,111.80266666666667,110.59266666666667,113.01266666666668,-2.164527977865765,0.4928374655647442,1.0,1.0,97.97,113.67,105.82,14.778278754106388,0.8821656050955409,3.0199622200465415,0.8301326493619987,78.6753661434723,0.08727487633438193,0.03129607746191697,0.07590973434410744,67.85814163341571,10.592941032877734,65.61338289962806,77.71967611027385,-34.386617100371936,9.27519354838708,4.338900811794337,4.283251643613172,4.40000265855262,-0.11675101493944862,4.128205603423455,4.252580257226362,-0.12437465380290735,110.25590834173776
112.95,2019-09-25,114.16,111.85,113.37,1346300,4.36320096678142,4.478463916766511,-0.11526294998509101,110.53166666666665,104.24076923076925,109.63113778361533,105.26793681683391,0.3811764705882365,0.6847058823529417,-0.3035294117647052,0.6783834706852848,23.765820144986176,-0.2254999999999967,75.78581673119906,37.124177291191444,38.66163944000762,112.38499999999999,104.83,108.60749999999999,102.505,0.0,44.582032640192544,56.47915203372802,18.256211435011206,78.56175347863554,93.255,93.255,96.0,0.0,96.0,111.74702408085065,115.09,0.0,0.0,26758.273105038934,1857.4399999999998,9.351903310622923,47.24924920814317,227312.97034085848,-469173.1714813047,23.49477877191428,111.24721022807401,57.19917315871254,1000.9189506875488,107.0355,117.51210150048671,96.55889849951329,19.57593789067498,0.729773939563146,0.0,0.0,111.979,110.853,113.10500000000002,-2.011091365345309,0.5572824156305554,1.0,1.0,99.87,113.67,106.77000000000001,12.892918704541948,0.8681159420289849,2.9519659980418878,0.8301326493619987,78.72516624409647,0.0906974795298142,0.061528570638521705,0.05770575193591554,66.95649883464286,14.841943621176183,53.92405063291124,66.9520382837402,-46.07594936708876,9.344750000000005,3.8436542568006695,4.1448527431228985,4.348972675466676,-0.20411993234377768,3.9831588037191916,4.198695966524928,-0.21553716280573676,110.30965151957679
112.46,2019-09-26,113.58,111.33,113.51,1384700,4.175522667415194,4.417875666896248,-0.24235299948105382,110.90833333333335,104.92692307692307,109.89250120152067,105.71697853410548,0.4010973936899873,0.6340192043895754,-0.23292181069958806,0.6673006961670374,23.828946581642,2.632000000000019,78.79094262272992,47.83773619198806,30.953206430741858,112.38499999999999,104.95,108.66749999999999,102.505,0.0,44.68281057497701,52.515527990083676,19.427038333503706,70.45327648342735,93.575,93.575,92.0,0.0,92.0,112.13161926468052,115.09,0.0,0.0,33875.38453361107,1744.9799999999998,12.502131640500595,32.14518503555136,13693.757780542788,-290073.2224835323,22.971942830921883,111.57385999599025,50.12673833685818,996.2655948148843,107.78799999999998,117.17131199523921,98.40468800476076,17.410680215310105,0.6887393279578206,0.0,0.0,112.06800000000001,111.04299999999998,113.093,-1.8292465288931945,0.8599999999999918,1.0,1.0,101.93,113.67,107.80000000000001,10.891750473150998,0.8006814310051104,2.8297693982376995,0.8393799922801871,75.43666587574634,0.0,0.0593241186213987,0.05071625557394579,65.37444487239019,12.752032002072912,35.89041095890411,51.8092814971478,-64.10958904109589,9.221393939393948,4.2318135006085535,3.9497181297781077,4.269121766328963,-0.31940363655085546,3.7874914269216875,4.116455058604281,-0.32896363168259324,110.31818067184572
114.3,2019-09-27,114.42,112.6,113.29,1840200,4.082207502186208,4.350742033954241,-0.268534531768033,111.08999999999999,105.60846153846154,110.3090394782098,106.22683197602359,0.4101139205334821,0.5829397054737433,-0.17282578494026118,0.6546112281536935,23.88200602559507,2.4259999999999877,82.30687797990664,56.600443323063324,25.70643465684332,112.38499999999999,105.13,108.7575,102.505,0.0,44.77639008584832,48.21320550585408,17.835482711326474,79.83588157265856,93.59,93.59,88.0,8.0,80.0,112.43929541174442,115.09,0.0,0.0,34129.27214423054,1859.2799999999997,12.182070876313032,48.29030145904396,-306474.19072616025,-223039.27218186622,24.275823186621153,111.8582657425002,50.424836127599626,996.2655948148843,108.58400000000002,116.6750824986525,100.49291750134753,14.90290005645856,0.7481744563022819,0.0,0.0,112.19433333333332,111.17933333333333,113.20933333333332,-1.8093605440559866,0.3001642036124772,1.0,1.0,101.93,113.67,107.80000000000001,10.81190598983275,0.9088586030664388,2.85579245841393,0.8393799922801871,77.86822894199773,0.16907593763168535,0.08659113905383319,0.06914794277125119,64.4957551797034,13.793809499970331,70.68493150684915,53.499797699554826,-29.315068493150843,9.143235294117645,1.974280021735186,3.842915604512804,4.1838805339657315,-0.34096492945292756,3.7220315802637303,4.0375703629361706,-0.3155387826724403,110.36767877765251
114.16,2019-09-30,115.79,113.86,114.46,2011800,4.063089267295268,4.293211480622446,-0.23012221332717786,111.32749999999999,106.2973076923077,110.85534109694674,106.79225182965148,0.34255492270138344,0.6327637645782486,-0.29020884187686513,0.6424721845500458,23.97820104571874,2.1285000000000025,87.61757213920403,64.41071067337876,23.20686146582527,113.365,105.525,109.445,102.9,0.0,45.148170445190246,49.34811167988754,16.457567702922514,109.21226171742612,93.685,93.685,100.0,4.0,96.0,112.68543632939554,115.09,0.0,0.0,34346.433647989936,1973.4399999999998,12.156348697870875,61.9404869648949,-1479590.0490539686,-425194.7569010404,25.553279669747273,112.30237938980007,57.50535245880718,1007.4138599078395,109.3815,116.14182329108604,102.62117670891396,12.360999421448852,0.8312341590161239,0.0,0.0,112.53966666666665,111.39566666666667,113.68366666666665,-2.033060935551598,-0.07706876456877083,1.0,0.0,102.15,114.46,108.305,11.254188322522536,0.9512591389114545,2.889213212572538,0.8091280075576807,79.98513856736206,0.3162728106051666,0.16178291607895062,0.10256605791806084,64.22068191508657,15.325754591979562,82.14285714285731,62.906066536203525,-17.85714285714269,8.943794117647059,2.567336276011165,3.8046667222416675,4.108037771620919,-0.3033710493792512,3.616415393910901,3.953339369131117,-0.3369239752202158,111.00987399521287
113.25,2019-10-01,115.09,113.0,115.09,1658100,3.9332035930383284,4.221209903105623,-0.2880063100672947,111.45166666666665,106.99615384615385,111.1852886204934,107.25208502745507,0.38220706757594575,0.6156230626162438,-0.23341599504029803,0.6281914567291322,24.019049755247643,-0.5274999999999892,92.24787021562373,71.29686086773218,20.951009347891556,114.005,105.84,109.9225,103.215,0.0,45.00680302360201,46.77460925692896,18.56719041353985,106.30991245194672,94.815,94.13,100.0,0.0,100.0,113.04034906351643,115.09,0.0,0.0,34346.433647989936,1860.1899999999998,11.92408107198672,39.178274541338496,-0.0,-158588.38374832898,24.697887082359255,112.5192093183772,50.32503720439653,999.8047265904257,110.0375,115.38012435512739,104.6948756448726,9.710552048396954,0.7772513846268125,0.0,0.0,112.976,111.968,113.984,-1.7844497946466427,0.4880952380952376,1.0,1.0,105.18,115.09,110.135,9.006020674769962,0.7891019172552972,2.723291891315285,0.8339292709285338,74.73102249838045,0.0,0.16178291607895062,0.13671899040391147,62.5763145853586,11.424556018017139,47.619047619047656,66.8156120895847,-52.380952380952344,8.545558823529404,1.3362030311182806,3.667251403113965,4.019880497919528,-0.35262909480556326,3.426306572223517,3.847932809749597,-0.42162623752607997,111.25980885622101
113.07,2019-10-02,113.37,111.01,112.25,2456400,3.6278720409220426,4.102542330668907,-0.4746702897468644,111.57666666666667,107.63038461538461,111.15832114041748,107.53044909949544,0.47018348623853223,0.6451507208387949,-0.17496723460026264,0.6079944791779427,24.02385255867844,-1.2125000000000057,92.57461891867081,76.94893784964545,15.625681069025362,114.23,106.53,110.38,103.215,0.0,43.77829731624772,46.77460925692897,26.420668954508802,26.47067165872438,94.815,94.13,96.0,0.0,96.0,113.04034906351643,115.09,0.0,1.0,34346.433647989936,1747.12,11.982487041399349,1.437192464004518,2258423.985141958,39596.85636550135,22.706654338996426,112.53982888080685,43.21407004029716,982.1975460071076,110.4625,114.54632602469799,106.37867397530202,7.394049609049196,0.5670327282172224,0.0,0.0,113.06333333333335,112.03433333333332,114.09233333333331,-1.8202187564491812,1.4977324263038487,0.0,1.0,108.29,115.09,111.69,6.15593527215118,0.4,2.5259627021837563,1.0690954656777583,64.21885592850393,0.0,0.10542427020172218,0.14299670078654114,57.9938429920546,2.1150149385662247,-2.255639097744085,42.50208855472029,-102.25563909774408,7.777499999999989,1.369737923477308,3.373809066458242,3.890666211627271,-0.5168571451690291,3.2249427275910207,3.7233347933178815,-0.4983920657268608,111.25687496877879
112.92,2019-10-03,113.14,110.65,112.77,1934300,3.318590944068305,3.945752053348787,-0.6271611092804821,111.69333333333333,108.19846153846153,111.08011788804556,107.76152694397726,0.4561231172233143,0.6316306483300594,-0.17550753110674516,0.5828711436285995,23.675315762585196,-0.3055000000000092,90.83953768725989,81.31518976512467,9.52434792213522,114.11500000000001,107.48,110.79750000000001,103.215,0.0,42.81159799833659,45.40231231246633,24.316270689817134,17.49844688341241,94.9325,94.13,92.0,0.0,92.0,113.04034906351643,115.09,0.0,0.0,34346.433647989936,1634.1999999999998,12.521787152034285,-4.575435030853262,-47511.5125752738,46712.40451033014,22.340460302423146,112.54077051479781,36.072327963611436,979.0123274091204,110.6855,114.26808272758642,107.10291727241359,6.473445442422743,0.4950454737965095,0.0,0.0,113.04666666666667,112.02666666666667,114.06666666666668,-1.8045644866426898,1.6748366013071867,0.0,1.0,109.72,115.09,112.405,4.85158399248321,0.17318435754190056,2.48636643196538,1.3079343535684425,62.50589907680633,0.0,0.0,0.08906906209355758,53.74970957169965,-2.8628908742287664,-11.278195488721494,11.361737677527353,-111.2781954887215,7.111411764705892,1.2814645308924537,3.079569339986769,3.7284468372991713,-0.6488774973124021,3.019395896361216,3.5825470139265487,-0.5631511175653325,111.24412262544881
115.73,2019-10-04,116.59,113.15,113.21,2595600,3.23788819360945,3.80417928140092,-0.5662910877914697,111.92416666666668,108.8473076923077,111.3985612898847,108.16067309627525,0.36206415620641563,0.637656903765691,-0.2755927475592753,0.55917388589531,23.76964800566889,0.6955000000000098,91.3736471250061,84.68481196133183,6.68883516367427,114.11500000000001,108.51,111.3125,103.215,0.0,42.062629080882765,42.27255178898249,21.618960382007245,126.37630322517828,94.9325,94.13,88.0,4.0,84.0,113.04034906351643,115.012,0.0,0.0,34346.433647989936,1749.9299999999998,12.467876320350717,37.41034140212577,-5680549.554998721,-360045.1511966928,24.955236624158335,112.7601120495994,43.27934944476263,979.0123274091204,110.9845,114.33417147642878,107.63482852357122,6.036287006615846,0.8232406543803416,0.0,0.0,113.256,112.06899999999999,114.44299999999998,-2.096136187045274,0.5446503791069842,1.0,1.0,110.02,115.09,112.555,4.568205470133224,0.6173570019723876,2.831729788768842,1.2282878152072996,68.7414505821503,0.3402979064127723,0.11343263547092408,0.07295230189088207,51.553291363578325,9.898329015928068,51.37844611528839,12.614870509607599,-48.62155388471161,6.712176470588233,2.509512592861035,2.9935910168822297,3.581475673215783,-0.5878846563335531,3.022809046279883,3.470599420397216,-0.447790374117333,111.31829723537727
112.16,2019-10-07,115.66,111.83,115.13,1740900,3.03246138691253,3.649835702503242,-0.6173743155907121,111.93666666666667,109.42999999999999,111.46493647605628,108.43247508914375,0.3274408485178135,0.6611367963013333,-0.33369594778351974,0.5338251273260374,23.527203620066555,-0.15050000000000807,91.72920457521289,87.029565332757,4.699639242455888,114.13499999999999,108.53,111.3325,103.235,0.0,41.961639486459866,46.898802850356816,19.790441945027958,108.16777041942512,98.08250000000001,96.92,100.0,0.0,100.0,113.14,115.012,1.0,0.0,34346.433647989936,1637.7699999999998,12.826106153812429,10.915835487536267,-233906.91868758845,-525476.5428773422,23.646785895037695,113.05413502562871,43.13624770257813,967.5912379510555,111.19050000000001,114.19866538774062,108.18233461225941,5.410831658712937,0.6062940226967216,0.0,0.0,113.47200000000001,112.516,114.428,-1.6849971799210304,1.3587866108786664,0.0,1.0,110.02,115.13,112.57499999999999,4.595716360660306,0.3542074363992177,2.799556809891957,1.2009747309248964,62.80252806864603,0.016188179155905178,0.11882869518955914,0.07742044355349441,47.83835660710868,6.015874215603282,-15.384615384615309,8.238545080650525,-115.3846153846153,6.189411764705866,0.1343123209168978,2.796635772096417,3.42450769299191,-0.627871920895493,2.7371179800991174,3.3239031323375965,-0.586785152238479,111.32394997175831
112.48,2019-10-08,114.1,110.81,111.11,1731600,2.755588972698007,3.4709863565421952,-0.7153973838441883,111.9175,109.92615384615384,111.36417701820147,108.60858804550347,0.4533592448639643,0.6332593003886736,-0.17990005552470933,0.505518293413125,23.688333712790218,-0.29050000000000864,91.44560541136616,88.76954185277557,2.6760635585905845,114.13499999999999,108.64,111.38749999999999,103.235,0.0,40.89180940154498,46.898802850356816,26.96687486103151,-38.565798765348006,98.08250000000001,96.92,96.0,0.0,96.0,113.1798,115.012,0.0,0.0,34346.433647989936,1525.2899999999997,12.707182579275942,-7.033512439254562,7416518.492176372,85047.09226284223,22.62085725334942,113.10150076643843,36.13160230818102,967.5912379510555,111.3905,113.64444298951874,109.13655701048127,4.04692139728026,0.37122566926061645,0.0,0.0,113.33933333333334,112.16833333333334,114.51033333333332,-2.0663611926427286,1.579988613720471,0.0,1.0,111.1,115.13,113.115,3.617902783451013,-0.07196029776674738,2.746601128902761,1.3716894369930295,58.59017572198425,0.0,0.11882869518955914,0.11703000861668078,43.43684601498053,-3.0190239898550812,-95.47511312217219,-19.827094130499706,-195.4751131221722,5.201088235294108,-0.20713256484150214,2.5371741059219968,3.2470409755779275,-0.7098668696559307,2.5048814313061847,3.1600987921313144,-0.6552173608251297,111.31665249855462
112.99,2019-10-09,114.69,112.92,113.16,1536200,2.6755825060319296,3.3119055864401425,-0.636323080408213,112.06916666666666,110.4276923076923,111.60353440001663,108.9279518939847,0.4571734475374732,0.664614561027838,-0.20744111349036481,0.47943534102898683,23.7614211599593,0.304499999999976,92.37041268654377,90.27837185986601,2.09204082667776,114.13499999999999,110.155,112.145,103.235,0.0,40.528802906129556,51.10502953581819,24.154723761902265,61.920842287181955,98.14250000000001,96.92,92.0,0.0,92.0,113.218804,115.012,0.0,0.0,34346.433647989936,1638.2799999999997,12.67806742947856,28.02968933778179,-1787414.8154703975,-16896.022800609637,24.772367947330117,113.18910609952893,36.2313864340005,967.5912379510555,111.51550000000002,113.81707750249709,109.21392249750295,4.127816317008968,0.8051168162871313,0.0,0.0,113.38566666666665,112.14066666666665,114.63066666666666,-2.196044767563222,0.6870147255689348,1.0,1.0,111.1,115.13,113.115,3.613847402379042,0.45161290322580816,2.8599410160124843,1.3893220670718416,63.97334969706466,0.25160940984028857,0.08926586299873124,0.1089744177926165,41.194537432054226,0.7895972061358213,-11.055276381909518,-40.638334962899016,-111.05527638190952,4.897911764705867,1.638163816381645,2.456286434758242,3.0888900674139905,-0.6326036326557487,2.3305397756747728,2.9941869888400063,-0.6636472131652336,111.33723081262993
113.91,2019-10-10,114.03,112.3,113.25,1107000,2.5329497186891956,3.156114412889953,-0.6231646942007574,112.10916666666667,110.80423076923078,111.71068295386021,109.17773323517102,0.48135964912280665,0.6713267543859655,-0.1899671052631588,0.45384762431405656,23.732057906925846,0.269999999999996,93.27526916733649,91.49708199180266,1.77818717553383,114.13499999999999,111.71000000000001,112.9225,103.235,0.0,39.801532805023484,50.31160259220056,26.884795172533337,30.908357813490568,98.4125,97.1,88.0,0.0,88.0,113.25702792,115.012,0.0,0.0,34346.433647989936,1524.3699999999997,12.715521133926865,13.936276575241463,195154.0690018415,10789.711063513778,24.14693224063511,113.25699416781653,36.144877046259694,967.5912379510555,111.58,113.89356867198721,109.26643132801279,4.1469235920186645,0.6556037667517263,0.0,0.0,113.42433333333334,112.10833333333332,114.74033333333334,-2.3204897244271683,0.9271783181357616,1.0,1.0,111.1,115.13,113.115,3.611758379637929,0.29776674937965325,2.6849469144112357,1.42858073249397,61.445680119949195,0.1334662003669639,0.12835853673575082,0.11215103164134706,38.60249800656514,1.3605951713238973,-42.21105527638219,-49.58048159348797,-142.21105527638218,4.537558823529409,0.4292613128241853,2.3200240961526206,2.935116873161717,-0.6150927770090964,2.2323753299463815,2.8418246570612813,-0.6094493271148997,111.3485437595546
115.19,2019-10-11,116.59,114.8,115.0,2200000,2.591765059447013,3.043244542201365,-0.451479482754352,112.355,111.13538461538461,112.18596249942019,109.59419743997317,0.4214417744916813,0.6825983628201745,-0.2611565883284932,0.4334160323762446,23.723132989012687,-0.4145000000000181,95.7308144004911,92.39855335416789,3.332261046323211,114.13499999999999,112.425,113.28,103.235,0.047797953303533355,39.638774211497434,52.05685780132686,23.649592646296018,159.6913773329164,100.1975,98.885,84.0,0.0,84.0,113.2944873616,115.012,0.0,0.0,34346.433647989936,1639.5599999999997,12.685382835482566,53.084665635921255,-2974607.170761359,-254444.40316914482,26.711268839032268,113.5033367318254,43.40092617869439,967.5912379510555,111.74450000000002,114.44950628465088,109.03949371534915,4.841412838485766,1.0647861184903598,1.0,0.0,113.627,112.26500000000001,114.989,-2.3973175389652015,0.06938325991189717,1.0,1.0,111.1,115.13,113.115,3.606441480341315,0.918114143920596,2.8454522229701125,1.4218219117447914,67.09189150068563,0.3973699716210586,0.26081519394277036,0.15947986455908414,38.07186774699884,15.194687530530667,83.41708542713572,10.050251256281333,-16.58291457286428,4.178617647058829,2.637460885113995,2.3648743455296275,2.8210683676352994,-0.45619402210567195,2.2199546182746084,2.717450649303947,-0.4974960310293386,111.43213566936915
115.02,2019-10-14,115.98,114.93,115.35,1154000,2.6186800408447652,2.9583316419300454,-0.33965160108528014,112.65499999999999,111.43384615384616,112.608122114894,109.98944207404924,0.4750280583613913,0.6571268237934906,-0.18209876543209935,0.41663718490843665,23.71741776635166,0.5844999999999914,97.9457972114053,93.03165635369916,4.914140857706144,114.245,112.685,113.465,103.345,0.17060509568685897,39.121894362575304,50.7179819319447,25.893862499162033,141.0796862624875,100.8225,99.51,100.0,4.0,96.0,113.33119761436801,115.012,0.0,0.0,34346.433647989936,1754.5799999999997,6.4567437912281305,47.637227687932665,71205.00782472863,-166267.5664290834,26.84151796795213,113.65405306626263,36.19097934849238,968.6869423145889,112.0155,114.85348854825045,109.17751145174955,5.067135437953588,1.0134798732356973,1.0,0.0,113.69866666666667,112.40666666666667,114.99066666666667,-2.272673968618808,0.023477812177500997,1.0,1.0,111.1,115.35,113.225,3.7941177783431757,0.9011764705882382,2.678907000673102,1.4218219117447914,67.35957886233234,0.4098816718554219,0.31357261461448144,0.23424878176433417,37.738247199686036,16.334901502139726,80.99547511312268,40.73383508795873,-19.004524886877316,3.6680588235293925,3.2336297493937023,2.380846735345531,2.733024041177346,-0.3521773058318147,2.172117687962985,2.6083840570357544,-0.4362663690727695,111.47645467259069
116.51,2019-10-15,116.63,115.0,115.0,1241200,2.615508814978682,2.8897670765397727,-0.2742582615610907,112.855,111.71423076923078,112.97610332798723,110.36059451300855,0.47914285714285704,0.6917142857142864,-0.21257142857142935,0.4022814362919568,23.780766056197585,1.5570000000000022,92.18048924925668,92.98786416820872,-0.8073749189520356,114.245,112.685,113.465,103.345,0.08530254784342949,38.6419345028619,50.53981951948694,25.802902393200196,136.15551577179488,102.2625,100.605,96.0,0.0,96.0,113.41194970979329,115.012,0.0,0.0,34346.433647989936,1871.0899999999997,6.408324027907016,41.99700944679932,-209853.2314822736,-197493.7237021643,26.912480292845544,113.82949975431002,43.47313828882693,968.6869423145889,112.303,115.12707577802026,109.47892422197974,5.0293861749379065,0.9775013512368745,0.0,0.0,113.81366666666665,112.35866666666666,115.26866666666668,-2.5568106935019617,0.09232531500572999,1.0,1.0,112.27,115.35,113.81,2.7425803406854654,0.8863636363636381,2.581016300605791,1.4218219117447914,67.51282033890462,0.4170441744351066,0.408098605970529,0.3274954715092602,37.515538483636696,10.53012755605725,84.16289592760202,82.85848548928679,-15.837104072397977,3.7616764705882417,2.1314387211367727,2.3699662243758426,2.6604124778170455,-0.2904462534412029,2.213749600907299,2.5294571658100637,-0.31570756490276475,111.56659442209697
116.9,2019-10-16,116.99,115.8,116.66,1639300,2.6470355318644607,2.8412207676047103,-0.1941852357402496,113.01666666666667,112.06,113.41054896983535,110.76351343797089,0.45802609188882615,0.7370958593306872,-0.27906976744186107,0.3907901089459982,23.709522715925033,0.42600000000000193,89.2733149423785,92.81383941877743,-3.5405244763989288,115.345,113.88,114.6125,104.0,0.5658896612393947,38.703986527044606,54.611680609305765,23.678651465716012,166.8434596420931,102.73750000000001,100.605,100.0,16.0,84.0,113.48947172140156,115.012,0.0,0.0,34346.433647989936,1987.9899999999998,6.558927290124078,49.35743666868508,-285115.4833190741,-218837.2409235655,27.72569768414988,114.09552228317872,50.71705012457888,968.6869423145889,112.574,115.63796083525895,109.51003916474104,5.443460897292365,1.0264427604420328,1.0,0.0,114.24099999999999,112.86500000000001,115.617,-2.408942498752633,-0.06649709302325328,1.0,0.0,112.92,116.66,114.78999999999999,3.32225913621262,0.7700534759358287,2.521914670545211,1.4163823610925468,69.28747064923573,0.4999912832081657,0.44230570983289813,0.38799231013930285,37.8207617856527,19.15720296404565,75.56818181818181,80.24218428630216,-24.431818181818194,3.7927058823529336,1.703846829439661,2.3898082046186064,2.606291623177358,-0.21648341855875142,2.2470999169947157,2.4729857160469946,-0.2258857990522789,111.99163193616111
117.37,2019-10-17,117.62,116.71,117.27,1106100,2.714162896582792,2.8158091934003266,-0.10164629681753468,113.32583333333334,112.30192307692307,113.9181568206299,111.20399392404711,0.4748455428067084,0.7661076787290391,-0.2912621359223307,0.3825423836428882,23.600563501203066,-1.8155000000000001,88.12018787625456,92.45234394669393,-4.332156070439368,115.65,114.185,114.9175,104.305,7.437802120105085,38.934221723727816,53.656957207225254,21.954944154088306,173.79759980020071,103.8275,101.18,100.0,12.0,88.0,113.67970341811747,115.012,0.0,0.0,34346.433647989936,2105.3599999999997,6.543721668721464,57.5644742874443,-184885.40512908483,-210152.32766663152,28.64803533527249,114.37003731545188,50.92957773311791,968.6869423145889,112.8255,116.34633782642722,109.3046621735728,6.241209347935016,1.0516442664361234,1.0,0.0,114.74233333333333,113.36833333333334,116.11633333333332,-2.3949312517611716,-0.21603590490053975,1.0,0.0,113.14,117.27,115.205,3.660520006558797,0.8644067796610162,2.451723203490691,1.416382361092547,71.21376118938193,0.590026052329644,0.5023538366576388,0.45091938415368865,38.61971606240683,26.40306897315449,86.44067796610163,82.05725190396181,-13.559322033898376,4.139735294117656,3.2831858407079593,2.440706309915972,2.573174560525081,-0.13246825060910883,2.2790735857669713,2.43420328999099,-0.15512970422401873,112.63447207089713
116.98,2019-10-18,118.04,116.86,117.2,1348700,2.7477907419138745,2.8022055031030364,-0.05441476118916189,113.81333333333335,112.52692307692308,114.37074807899452,111.62295733708065,0.5141612200435738,0.7566137566137581,-0.24245253657018428,0.37627719194943576,23.519550131670048,-2.4664999999999964,85.17927816124835,91.72457434514233,-6.545296183893981,115.65,114.185,114.9175,104.305,38.908269826388356,39.14801154921937,52.29050997642559,21.395831707106773,157.8301423662249,104.2325,101.58500000000001,96.0,8.0,88.0,113.96692714466808,115.012,0.0,0.0,34346.433647989936,2222.3399999999997,6.5185244300609435,51.84769224638092,-125662.50641135595,-113443.21747787348,28.798382349238743,114.56480236587555,51.09909805638522,969.9319345290281,113.1165,116.94734990569987,109.28565009430014,6.773282245649156,0.9885991479893405,0.0,0.0,115.04733333333334,113.92733333333334,116.16733333333335,-1.9470247028759256,-0.3092261904761833,1.0,0.0,113.14,117.27,115.205,3.6511030663077406,0.9007263922518167,2.339550883141623,1.416382361092547,71.53073040310538,0.8017271250009592,0.6305814868462564,0.5250803444455978,39.36009757016528,21.525145058779437,90.07263922518167,84.02716633648838,-9.92736077481833,3.9891470588235336,5.26979551391766,2.461671691438936,2.550873986707852,-0.08920229526891621,2.2498885628101877,2.39734034455483,-0.14745178174464213,113.0059409258174
116.69,2019-10-21,117.51,115.95,117.26,1346200,2.6702308971799624,2.775810581918422,-0.10557968473845936,114.255,112.69769230769231,114.61370991299538,111.94347901581541,0.5261489698890658,0.7603803486529331,-0.23423137876386735,0.369174877787532,23.495512901342945,-0.20900000000000318,81.78600909748604,90.65128586582232,-8.865276768336273,115.65,114.185,114.9175,104.305,59.57838042481217,38.95420982760563,51.14546498897479,23.828764012529327,120.22590217287318,104.31750000000001,101.61500000000001,92.0,4.0,88.0,114.23117297309463,115.012,0.0,0.0,34346.433647989936,2105.6499999999996,7.045032190957681,29.271179068326568,50347.073442454246,-109846.9979462696,27.889706155502658,114.7468331965106,50.90888753371442,962.378981761431,113.35900000000001,117.2619060967439,109.45609390325612,6.885921888414489,0.8319321469406615,0.0,0.0,115.31733333333332,114.22533333333334,116.40933333333335,-1.8939043566737683,0.2103174603174657,1.0,1.0,113.14,117.27,115.205,3.643292548452258,0.6803874092009699,2.1705957948274612,1.417287044748822,66.73019817332568,0.6290319582063075,0.6735950451789702,0.6021767895609551,38.68463198333567,20.003021379948628,68.03874092009698,81.51735270379343,-31.96125907990302,3.8709411764705948,4.789877993673743,2.3853384946189773,2.5177668882900774,-0.13242839367110015,2.1805619606661315,2.35398466777709,-0.17342270711095864,113.33356236942785
118.44,2019-10-22,119.71,117.44,117.45,2008200,2.6978950541869438,2.760227476372126,-0.06233242218518242,114.6125,113.00269230769231,115.04852377253455,112.35062871834761,0.39988425925926,0.7152777777777788,-0.31539351851851877,0.3637441390698483,23.67899374881671,-1.8100000000000165,80.83984704480456,89.37011190562907,-8.530264860824516,115.74000000000001,114.275,115.00750000000001,104.39500000000001,79.78919021240608,38.84108806791189,48.019131369214286,21.89271950756048,152.7640777115408,105.18,101.72,100.0,0.0,100.0,114.47427913524706,115.012,0.0,0.0,34346.433647989936,2224.0899999999997,6.814392277482051,50.300382058565546,-2280226.2749071037,-434036.3022354883,29.411703568180535,115.17814610723015,58.083559991848134,962.378981761431,113.64000000000001,117.85592694433866,109.42407305566137,7.419793988628383,0.9506719459528121,0.0,0.0,115.93666666666665,114.91766666666665,116.95566666666669,-1.7578563008539487,-0.23765129211643832,1.0,0.0,113.14,117.45,115.295,3.7926786342837047,0.9976798143851496,2.3295362153447146,1.249470080230616,70.25068888703791,0.9010829483271754,0.7772806771781474,0.6938190697344581,39.06757404935789,18.86379255304192,99.76798143851497,85.95978719459788,-0.23201856148503738,3.9957058823529366,3.7914273088820076,2.401317273399788,2.49447696531202,-0.09315969191223195,2.2216248720500564,2.3275127086316836,-0.10588783658162715,114.26599253470754
116.63,2019-10-23,118.1,115.51,117.86,1358000,2.534863894529323,2.715154760003566,-0.18029086547424278,114.91916666666667,113.24346153846156,115.11952011522155,112.58465622069222,0.45542459957691184,0.739800543970989,-0.2843759443940772,0.3554484786731446,23.73826290323069,-3.0130000000000052,77.858425697443,87.65712929786312,-9.798703600420126,116.92,115.065,115.9925,104.6,62.26749159271243,37.57404340500249,46.8708214924592,30.53606258524572,95.44797663058895,105.9575,101.72,100.0,0.0,100.0,114.77185122172236,115.012,0.0,0.0,34346.433647989936,2107.4599999999996,7.610141883565598,10.958056050199168,123467.37546085678,-421823.5245186219,27.49501504638217,115.5297556998557,57.77392557698192,946.5633189991731,113.82300000000001,118.02997563577455,109.61602436422547,7.392136274346204,0.7005003292215889,0.0,0.0,116.29333333333334,115.40333333333334,117.18333333333332,-1.5306122448979478,0.9400749063670394,1.0,1.0,113.14,117.86,115.5,4.146789313231947,0.5021186440677977,2.1625825938102428,1.0892007228097962,61.21490395283301,0.2028296541784221,0.5776481869039684,0.6761746364203619,36.644743175358045,7.877172190682521,38.64229765013067,68.8163400029142,-61.35770234986933,3.9143529411764746,3.2907091120450747,2.251518083921132,2.4458851890338424,-0.19436710511271027,2.102787881423886,2.2825677431901243,-0.17977986176623828,114.33094994206697
115.6,2019-10-24,116.74,115.0,116.24,1091100,2.3375618304724384,2.6396361740973404,-0.30207434362490204,115.26833333333333,113.42115384615386,115.10113240518746,112.76357057471502,0.5940803382663856,0.7674418604651173,-0.1733615221987317,0.3439860207360725,23.80650312417074,-1.086500000000001,75.85349765508201,85.44853854837324,-9.595040893291227,116.92,115.39,116.155,105.97,39.6930905261203,35.55624189252039,44.8627067415031,37.20960918143724,42.10860590663769,107.0,101.72,96.0,0.0,96.0,115.14242907511567,115.012,0.0,0.0,34346.433647989936,1991.8599999999997,4.805276746806684,0.9703337573134903,644463.66782007,29963.13425414892,26.984617678188936,115.64972846714123,50.64348019887934,942.3840506008562,114.0065,118.08056565975569,109.93243434024431,7.147076104881194,0.6219297972801419,0.0,0.0,116.57333333333334,115.71133333333333,117.43533333333332,-1.4788974036371865,1.4126063418406805,0.0,1.0,113.14,117.86,115.5,4.140114818014761,0.39406779661016944,2.0693243344292176,1.2111632312572052,59.05339173359037,0.035795684421618845,0.3799027623090721,0.5782772087970626,34.01219388658697,3.0835368571484,25.32637075718014,54.57888328194192,-74.67362924281986,3.4942352941176296,3.7812471798574117,2.0729760671453854,2.371303364656151,-0.2983272975107658,1.9146311958738556,2.208980433726871,-0.29434923785301526,114.36868036789353
114.55,2019-10-25,116.2,114.02,115.21,1439200,2.0781649218185123,2.527341923641575,-0.44917700182306275,115.36,113.51115384615385,114.93480434285092,112.85663942103241,0.6254155892131515,0.7155522718876989,-0.09013668267454733,0.3284944802065893,23.80233309715969,-1.7774999999999892,70.37990184465579,82.38566128540106,-12.005759440745265,117.03,115.5,116.265,105.97,21.499114114451583,33.37079458395623,44.2750467728291,40.09053133248106,2.6382773163884057,107.255,101.9,92.0,36.0,56.0,115.46853758610179,115.012,0.0,0.0,34346.433647989936,1877.3099999999997,4.863890512417799,-15.205285350874215,678437.3635966859,95130.58298873994,26.008452460797624,115.71386038478482,50.540704658940015,934.3532995609531,114.07749999999999,118.10021487928245,110.05478512071753,7.05259999435903,0.4928530853260166,0.0,0.0,116.54133333333334,115.73933333333335,117.34333333333333,-1.3763357206598958,2.071903574397362,0.0,1.0,113.14,117.86,115.5,4.137538077184369,0.18644067796610078,1.9823919009862963,1.3585339245272485,55.03217239506153,0.0,0.07954177953334698,0.34569757624879577,30.56503967224239,-6.171768888181349,-0.261096605744259,21.235857267188845,-100.26109660574426,2.952117647058813,0.9741409847679723,1.841420170297236,2.265326725784368,-0.4239065554871322,1.673050391670294,2.1017944253155556,-0.4287440336452617,114.36330868871363
113.42,2019-10-28,115.4,113.37,114.92,1695100,1.7993990825959827,2.3817533554324566,-0.5823542728364739,115.44916666666667,113.60076923076923,114.69406521318155,112.89466613058556,0.5217723453017573,0.7077922077922082,-0.18601986249045088,0.3092091288454243,23.52689988529982,0.7469999999999999,64.28169948838973,79.28579575641584,-15.004096268026103,116.63,115.5,116.065,106.205,10.749557057225791,31.08184228736986,41.75090125886871,42.87255335826535,-22.79474013035091,107.3725,101.9,88.0,32.0,56.0,115.46853758610179,117.86,0.0,1.0,34346.433647989936,1763.8899999999996,5.138853201460134,-23.564958872177762,230647.15217774603,-418145.9412968761,25.361872913349824,115.89068569723902,50.434312227421486,929.0267810140789,114.053,118.08666880147597,110.01933119852403,7.073323457473226,0.41533762021437226,0.0,0.0,116.45566666666666,115.66866666666667,117.24266666666668,-1.35158729931563,2.4603981363828744,0.0,1.0,113.14,117.86,115.5,4.1384268717175345,0.04872881355932289,1.9221527108876675,1.4801881254530034,52.479614974228475,0.0,0.011931894807206281,0.15712547888320846,26.927430461980258,-15.21258830701474,-17.23237597911219,2.6109660574412246,-117.23237597911219,2.334323529411762,0.9528049866429275,1.5938743115769642,2.1310362429428875,-0.5371619313659233,1.3866551487670167,1.9587665700058479,-0.5721114212388312,114.33241953332961
112.58,2019-10-29,114.34,112.54,113.73,1150400,1.4942759996427668,2.2042578842745186,-0.7099818846317518,115.26083333333334,113.65615384615384,114.36267056499977,112.86839456535701,0.618392780403954,0.6673828964331762,-0.04899011602922221,0.2861810066645254,23.346764003575824,0.9000000000000057,58.140397356362705,75.82658269130297,-17.68618533494027,116.1,115.5,115.8,106.205,5.374778528612896,29.51124201662829,40.75014302668207,48.90266608398227,-64.41992673362356,107.6425,101.9,84.0,28.000000000000004,56.0,115.46853758610179,117.8108,0.0,0.0,34346.433647989936,1651.3099999999997,5.380365066340928,-33.54730760472377,609566.5304672228,-246932.98801561756,24.537656630382546,115.88756122707265,43.611139254470686,922.2252265619162,114.03,118.09256569177664,109.96743430822336,7.1254331172088765,0.31661834994865173,0.0,0.0,116.25500000000002,115.57000000000001,116.94000000000001,-1.1784439378951481,3.2116788321167817,0.0,1.0,113.14,117.86,115.5,4.139261597825133,-0.12711864406779544,1.8269374397989004,1.8400363099434622,49.33298498965645,0.0,0.0,0.030491224780184425,22.903663865635473,-25.32557715716964,-38.90339425587456,-18.798955613577007,-138.90339425587456,1.3606176470588167,-1.9686411149825704,1.3239100329166982,1.9696110009376497,-0.6457009680209516,1.0881027290539254,1.7846338018154635,-0.6965310727615381,114.24068425190275
112.06,2019-10-30,112.67,110.8,112.36,1200900,1.0993872480453177,1.9832837570286785,-0.8838965089833608,114.91666666666667,113.61692307692309,113.81456740115365,112.71518015310834,0.6683079677708151,0.7036705461056402,-0.035362578334825034,0.2580588702684587,23.181122810981307,0.9805000000000064,50.0277012703517,71.59408417953598,-21.566382909184284,115.265,115.265,115.265,106.925,2.687389264306448,28.817927474727554,40.75014302668207,60.87729241684306,-131.1403228440962,108.60749999999999,102.505,80.0,100.0,-20.0,115.46853758610179,117.671968,0.0,0.0,34346.433647989936,1539.2499999999998,5.764105133448561,-56.60974937547766,420489.0237372876,-230837.63410594285,22.8050779916763,115.80406574615456,43.69248537641405,907.9665461441292,114.0195,118.11419156347588,109.9248084365241,7.1824408342009765,0.10686904616729717,0.0,0.0,115.801,115.11799999999998,116.48400000000001,-1.1796098479287986,4.161054172767127,0.0,1.0,112.67,117.86,115.265,4.551852972517858,-0.36030828516377755,1.662243695819011,2.3526618377586836,43.45115817582022,0.0,0.0,0.00397729826906876,17.465201413307938,-33.350436626865324,-36.03082851637775,-30.72219958378817,-136.03082851637777,0.26335294117646413,-3.5934916905942833,0.9753675117689993,1.77076230310392,-0.7953947913349206,0.8053165299271893,1.5887703474378088,-0.7834538175106195,113.7882812663974
110.4,2019-10-31,112.06,109.25,111.71,1812500,0.6538261207476523,1.7173922297724735,-1.0635661090248212,114.4375,113.51692307692308,113.11232626251463,112.45850014176698,0.7726566545831185,0.6566545831175554,0.11600207146556307,0.22456879977157665,23.125852868811343,1.850500000000011,40.58310838686654,66.63895420460467,-26.05584581773813,114.96000000000001,114.96000000000001,114.96000000000001,106.925,1.343694632153224,28.427877327208336,38.074628868628785,61.28145282867342,-161.8252734364353,108.60749999999999,102.505,76.0,100.0,-24.0,115.46853758610179,117.37184992,0.0,0.0,34346.433647989936,1428.8499999999997,5.881682576569422,-72.96835660755224,199728.2608695709,-4099.388989447857,21.260673659546338,115.50007424397401,36.79914577976205,895.2648480708134,113.94949999999999,118.3113595805001,109.58764041949988,7.655776603671118,-0.03870372409617606,0.0,1.0,115.18166666666666,114.49866666666667,115.86466666666668,-1.1859526255625294,4.842362127867212,0.0,1.0,112.06,117.86,114.96000000000001,5.089974067459706,-0.4844827586206903,1.6220193262371105,3.001473087367462,38.991404693599925,0.0,0.0,0.0,11.299596215627714,-76.69733671884835,-48.44827586206903,-41.12749954477379,-148.44827586206904,-0.6394117647058835,-5.0,0.5813932427726038,1.5328884910376568,-0.9514952482650529,0.4580418502083937,1.362624647991926,-0.9045827977835322,112.73055969717163
111.74,2019-11-01,112.4,110.67,111.14,1290400,0.4105651108050665,1.4560268059789923,-1.0454616951739257,114.01,113.49153846153845,112.7365837605893,112.32601864978423,0.6860902255639103,0.5822368421052634,0.10385338345864692,0.1910333936813517,23.200481487973395,2.8844999999999885,30.93262967967415,60.98857871373669,-30.055949034062543,114.96000000000001,114.96000000000001,114.96000000000001,107.045,0.671847316076612,28.06568790451192,33.19921952428021,53.434438251406156,-127.13490156637026,108.66749999999999,102.505,72.0,96.0,-24.0,115.46853758610179,116.9469019264,0.0,0.0,34346.433647989936,1540.5899999999997,5.924765960108426,-39.87704852075904,129676.03364953835,77.11285518140878,22.713037961605828,115.22144324282911,43.674221722320034,895.2648480708134,113.8255,118.40671152098446,109.24428847901555,8.049534631491982,0.15560420147093315,0.0,0.0,114.58533333333332,113.86033333333333,115.31033333333335,-1.2654324579062042,3.2002298850574418,0.0,1.0,112.06,117.86,114.96000000000001,5.095519018146195,-0.23965517241379333,1.7748173936134002,3.373795135705753,44.60124889640022,0.1724019806950559,0.05746732689835197,0.01915577563278399,7.780572139380706,-35.52497654164403,-23.96551724137933,-36.14820720660871,-123.96551724137933,-1.4161176470588117,-4.430051813471499,0.365512029839807,1.299413198798087,-0.93390116895828,0.27401166009966604,1.144902050413474,-0.8708903903138079,112.44099926842804
112.21,2019-11-04,112.89,111.52,112.06,1105900,0.28310346357591243,1.2214421374983764,-0.938338673922464,113.5775,113.44999999999999,112.54941702819094,112.26631356461503,0.6403669724770645,0.5899082568807339,0.05045871559633064,0.16004300002949398,23.242141881197817,3.0500000000000114,23.294097427532407,54.594606534039784,-31.300509106507377,114.96000000000001,114.96000000000001,114.96000000000001,107.225,0.335923658038306,27.09575321699799,36.23670951332773,48.51424292032392,-89.60959698167017,108.7575,102.505,68.0,92.0,-24.0,115.46853758610179,116.555949772288,0.0,0.0,34346.433647989936,1652.7999999999997,5.3788987630472525,-20.554827303507842,-521477.58666785265,-22181.769658074238,23.574865918595066,114.98389396496779,43.406694284055945,895.2648480708134,113.80999999999999,118.42011930431313,109.19988069568684,8.101430989039882,0.2516333256432746,0.0,0.0,114.11033333333334,113.32733333333333,114.89333333333335,-1.3723559946367843,2.1541081311196124,0.0,1.0,112.06,117.86,114.96000000000001,5.09621298655654,-0.0931034482758632,1.81933565425206,3.6328393117412077,47.701280320954616,0.26767228384238906,0.14669142151248166,0.06805291613694454,5.831917951155393,-23.83864654043061,-9.31034482758632,-27.2413793103449,-109.31034482758632,-2.013558823529422,-4.446919715534229,0.25217133669662345,1.0899648263777943,-0.837793489681171,0.15954311572869298,0.9478302634765178,-0.7882871477478248,112.36474569968463
113.28,2019-11-05,114.07,111.82,111.84,1260600,0.20394572328439153,1.0179428546555793,-0.8139971313711878,113.15749999999998,113.37153846153845,112.43719902385388,112.23325330056949,0.6699463327370304,0.5760286225402501,0.0939177101967803,0.13230265608854988,23.717405583813118,2.089500000000001,15.607166006669566,47.67779990173162,-32.07063389506205,114.15,114.96000000000001,114.555,107.225,0.167961829019153,26.1950995785922,35.427936201483,47.431445242353774,-77.16197839654576,109.445,102.9,64.0,88.0,-24.0,115.46853758610179,116.19627379050496,0.0,0.0,34346.433647989936,1766.0799999999997,5.368411198011501,-12.763566260149627,-944915.2542372775,-69310.3247236602,23.879600495352598,114.70425029911462,43.14052414398736,895.2648480708134,113.8605,118.35883513647,109.36216486353,7.901484951269324,0.2731938663866141,0.0,0.0,113.548,112.768,114.328,-1.3738683200056385,1.6076923076923115,0.0,1.0,112.06,117.86,114.96000000000001,5.093952687718741,-0.041379310344829175,1.8924020888268536,3.851396476910677,48.79047099927451,0.30114534004655363,0.24707320152799953,0.15041064997961104,4.579565367564664,-15.699761455487218,-4.137931034482918,-12.471264367816195,-104.13793103448293,-2.26308823529412,-4.3128529864795535,0.18171595074252087,0.9083150512507397,-0.7265991005082189,0.14331442657101887,0.7869270960954181,-0.6436126695243992,112.28648868882168
112.79,2019-11-06,113.39,112.29,113.08,830100,0.17709626039749082,0.8497735358039616,-0.6726772754064708,112.8525,113.34423076923076,112.41455302018406,112.23745675978657,0.709633649932157,0.6092265943012204,0.10040705563093666,0.10848925177012697,23.927026265229635,3.611000000000004,9.180712651271318,40.26971267908599,-31.089000027814674,113.63499999999999,114.96000000000001,114.2975,107.225,0.0839809145095765,24.532444121586455,40.873548847665134,43.330560060438025,-62.50454967664523,109.9225,103.215,60.0,84.0,-24.0,115.46853758610179,115.86537188726456,0.0,0.0,34346.433647989936,1878.8699999999997,5.6041124899154475,-3.3671567944137566,-76957.1770547043,-61601.16557549016,24.353677583530043,114.39488444547392,42.8232860869697,899.0278106767273,113.829,118.36192797207286,109.29607202792712,7.96445189200093,0.3302421735485667,0.0,0.0,113.12433333333334,112.33733333333335,113.91133333333335,-1.3913894151862387,1.0300720033883999,0.0,1.0,112.06,117.86,114.96000000000001,5.095362341758249,0.03965517241379381,1.8601618799441688,4.025771481318631,50.528779176435194,0.35456710399702435,0.3077949092953223,0.23385317744526782,4.040021416688807,-10.97671633103712,3.965517241379381,-3.160919540229957,-96.03448275862061,-2.1351176470588342,-3.1565329883570477,0.1577871287448331,0.7582094667495585,-0.6004223380047253,0.09446034482509577,0.6484337458413537,-0.5539734010162579,112.28675038843079
112.47,2019-11-07,114.83,112.4,113.37,1265100,0.16281709419951085,0.7123822474830716,-0.5495651532835607,112.4325,113.39769230769231,112.41231409400189,112.24949699980237,0.6556603773584906,0.6196397941680953,0.03602058319039525,0.08830263750635302,24.286368373898327,1.6760000000000161,3.841604388202702,32.87656851725787,-29.034964129055172,113.49000000000001,114.96000000000001,114.22500000000001,107.91499999999999,0.04199045725478825,22.806102008878238,39.83720712719836,40.1280042517343,-42.08019055180565,110.38,103.215,56.00000000000001,80.0,-23.999999999999993,115.46853758610179,115.56094213628339,0.0,0.0,34346.433647989936,1991.3399999999997,5.551120030160061,-1.1187486809260863,-1122877.2117008958,-132830.78738188586,24.463853912677788,114.11580295820096,42.52116956617157,899.9085040525795,113.83399999999999,118.36038663836847,109.30761336163151,7.952609305424528,0.34159550270799843,0.0,0.0,112.87833333333333,111.99533333333333,113.76133333333333,-1.5645163671799942,0.7708569271423142,1.0,1.0,112.06,117.86,114.96000000000001,5.095138535059822,0.05862068965517303,1.928145691949751,4.1859726005430495,50.94844948310882,0.38251179123349666,0.3460747450923582,0.3003142853052267,3.7127161477828405,-6.434402615293628,5.862068965517303,1.8965517241379175,-94.13793103448269,-1.7299117647058893,-4.29155313351498,0.14504928623403765,0.6355774306464543,-0.49052814441241666,0.03253233919508232,0.5252534645120994,-0.4927211253170171,112.29329670440134
110.35,2019-11-08,112.85,109.99,112.31,1297800,-0.04247646443651831,0.5614105050991536,-0.6038869695356719,111.97250000000001,113.37230769230769,112.03965038723236,112.08212685166887,0.7365916955017304,0.6340830449826991,0.10250865051903135,0.0670419664990129,24.103547459165604,1.4065000000000083,-2.437980927792735,25.463270693237593,-27.90125162103033,112.89500000000001,114.96000000000001,113.92750000000001,108.86500000000001,0.020995228627394124,22.301371368667798,39.83720712719836,54.720464614536624,-93.81172826680223,110.79750000000001,103.215,52.0,76.0,-24.0,115.46853758610179,115.28086676538072,0.0,0.0,34346.433647989936,1880.9899999999998,5.962863474876084,-38.95085601222252,743815.1336656,-83297.35450880403,22.09780853901229,113.74366105270236,42.83076627531455,880.613312818,113.59349999999999,118.39198423984082,108.79501576015916,8.448519043503074,0.1245168453320244,0.0,0.0,112.53566666666669,111.69766666666666,113.37366666666667,-1.4893056127390738,2.018894192521877,0.0,1.0,112.06,117.86,114.96000000000001,5.105925955270326,-0.35689655172413937,1.780331122754775,4.511483979136479,42.45158706178802,0.11069294954983204,0.28259061492678433,0.31215342310482164,0.804908204625443,-11.52052018508523,-35.689655172413936,-8.620689655172422,-135.68965517241395,-1.5696764705882345,-4.778807029694407,-0.037897625276804646,0.5008824194618026,-0.5387800447386072,-0.16622702301670386,0.38695736700633876,-0.5531843900230426,112.08678612827998
108.93,2019-11-11,109.83,107.91,109.79,1450900,-0.368760859784544,0.37537623212241406,-0.7441370919069581,111.38166666666666,113.17076923076924,111.40431955842737,111.77308041821192,1.0240286298568506,0.7510224948875266,0.273006134969324,0.04223352325646521,23.912336231786224,0.7775000000000034,-9.582961553587447,17.938453036576465,-27.521414590163914,111.6,113.845,112.7225,109.89500000000001,0.010497614313697062,23.049808779521385,39.33765993790667,77.7029960598212,-151.00677830940987,111.3125,103.215,48.0,100.0,-52.0,115.46853758610179,115.02319742415027,0.0,0.0,34346.433647989936,1772.0599999999997,10.40002468307122,-65.75421943904786,101716.69879737242,86841.42932722998,20.037853997690355,113.09351204705952,35.48723060462578,863.9602017109772,113.24249999999999,118.59374611656023,107.89125388343976,9.450950158395008,0.001751565537438514,0.0,0.0,111.997,111.203,112.79100000000001,-1.41789512219078,3.0736775818639734,0.0,1.0,109.83,117.86,113.845,7.090977327416828,-0.2391033623910338,1.6222980104792963,4.8420691465652235,36.75431540035228,0.0,0.16440158026110957,0.26435564676008405,-3.6636666431777787,-19.78058831858511,-23.91033623910338,-17.912640815333344,-123.91033623910337,-1.9767941176470742,-6.165217391304351,-0.3299192063104842,0.33472209430734523,-0.6646413006178294,-0.4215396171963869,0.22525797016579363,-0.6467975873621805,111.59227474021677
107.69,2019-11-12,109.0,107.6,108.5,1695100,-0.6449237238346086,0.17131624093100956,-0.8162399647656182,110.84666666666668,113.00807692307693,110.81903962636162,111.46396335019622,0.9759879939969983,0.7418709354677354,0.2341170585292629,0.015497727356303129,23.4667357165269,0.4975000000000165,-17.532580002763215,10.431755117341474,-27.96433512010469,111.185,113.43,112.3075,109.89500000000001,0.005248807156848531,24.015943702652926,37.47167777784161,80.69021418144442,-151.50158937813396,111.3325,103.235,44.0,100.0,-56.0,115.46853758610179,114.50387768173525,0.0,0.0,34346.433647989936,1664.3699999999997,10.607235445221692,-61.12988809061248,492153.40328721434,113176.14560054123,19.728486005845294,112.4666779756856,35.88846915879242,861.4782476517574,112.87249999999999,118.68954693121871,107.05545306878126,10.307288190159209,0.04680613184468885,0.0,0.0,111.47999999999999,110.697,112.263,-1.404736275565126,2.9776500638569625,0.0,1.0,109.0,117.86,113.43,7.849564774413609,-0.15801354401805934,1.569068209431367,5.119602101022957,35.97930276603519,0.0,0.036897649849944016,0.16129661501261264,-7.468948097113551,-27.512557295037233,-19.33701657458573,-26.312335995367686,-119.33701657458572,-2.6702941176470603,-5.630591124364148,-0.5785939279840557,0.15205888984906507,-0.7306528178331209,-0.7065597247196641,0.03889443118870209,-0.7454541559083662,111.15972031397496
108.4,2019-11-13,108.46,106.22,107.69,1574900,-0.9640265520922355,-0.05575231767363947,-0.9082742344185961,110.25083333333333,112.83153846153846,110.11149506845983,111.07552162055207,0.9663608562691126,0.7008154943934773,0.26554536187563527,-0.013814868199313364,23.133999554311384,0.1465000000000174,-23.55219678615693,3.305610098116646,-26.857806884273575,110.91499999999999,113.16,112.0375,110.005,0.0026244035784242655,25.085502857991283,37.18193929327755,84.70562099761113,-156.18161567188628,111.38749999999999,103.235,40.0,100.0,-60.0,115.46853758610179,113.84341235992702,0.0,0.0,34346.433647989936,1555.9699999999996,10.556963384423097,-73.76733264909635,479474.1697416979,101391.18145208608,18.338225782796975,111.85755192083049,36.25034992200637,861.4782476517574,112.39349999999999,118.72258927097741,106.06441072902257,11.262375975438829,0.01229160028528099,0.0,0.0,111.03133333333332,110.20233333333333,111.86033333333334,-1.493272169417656,3.4018898271009,0.0,1.0,108.46,117.86,113.16,8.363472976640114,-0.23829787234042485,1.4981613884882303,5.407837465883984,32.676117244703065,0.0,0.0,0.0670997433703512,-11.793201312843053,-46.2862750206721,-33.18518518518511,-25.477512666291414,-133.1851851851851,-3.5414117647058987,-6.3067830995854335,-0.8679018905582737,-0.051933266232402686,-0.815968624325871,-0.8724868205977848,-0.1433818191685953,-0.7291050014291895,110.6602119339066
108.75,2019-11-14,109.33,107.45,108.82,1311700,-1.1049301747773512,-0.26558788909438186,-0.8393422856829693,109.82666666666667,112.62115384615385,109.70203428869678,110.80696446347413,0.8262888992104037,0.712958662331632,0.11333023687877175,-0.04144654028518454,22.920317164397712,-1.1304999999999836,-27.577977158174967,-3.1955684394221446,-24.38240871875282,110.91499999999999,113.16,112.0375,111.52000000000001,0.0013122017892121327,25.294370797129123,38.399620649713434,68.28029627379108,-116.078707598792,112.145,103.235,36.0,96.0,-60.0,115.46853758610179,113.08973462953723,0.0,0.0,34346.433647989936,1664.7199999999996,10.686096878476267,-44.12021369922538,-468965.517241384,19433.832820795364,19.597522525406667,111.38304271404718,43.354895832304365,861.4782476517574,111.93049999999998,118.2835385643408,105.57746143565916,11.351755891988013,0.14737346116953204,0.0,0.0,110.78399999999999,109.939,111.62899999999999,-1.5254910456383572,2.4727810650887534,0.0,1.0,108.46,117.86,113.16,8.398068444257827,-0.10744680851063726,1.6593452496394072,5.530519374450425,38.12844509412198,0.275321457041901,0.09177381901396699,0.04289048962130367,-13.75896808695557,-34.244958637508574,-15.634674922600459,-22.718958894123773,-115.63467492260045,-4.4058235294117765,-4.522836324862274,-0.9971667215390374,-0.24097995729372965,-0.7561867642453077,-0.9682491584855578,-0.30835528703198783,-0.65989387145357,110.57051560713556
108.85,2019-11-15,109.45,107.76,109.37,1223200,-1.1780036093622357,-0.44807103314795266,-0.729932576214283,109.57333333333334,112.44653846153845,109.40325978274343,110.58126339210567,0.7471783295711063,0.7128668171557581,0.034311512415348244,-0.06616837108235987,22.589555706305077,-2.225500000000011,-31.238897922663018,-9.254790144999413,-21.984107777663603,110.91499999999999,113.16,112.0375,113.075,0.0006561008946060664,25.12475087310501,37.09644633616048,59.15757036850461,-98.77780004007214,112.9225,103.235,32.0,92.0,-60.0,115.46853758610179,112.44157178140202,0.0,0.0,34346.433647989936,1773.5699999999995,12.629815847580788,-32.99682602790743,-24621.03812586134,1200.3906562519805,19.911561613354543,110.9732769859185,50.52986754955368,861.4782476517574,111.47550000000001,117.65219968510708,105.29880031489294,11.081716942479858,0.1992325845986471,0.0,0.0,110.52966666666666,109.80266666666667,111.25666666666666,-1.315483927392037,2.4048601558917957,0.0,1.0,108.46,117.86,113.16,8.432346120896524,-0.07446808510638173,1.6934107246754664,5.5693220287444625,39.45921245054567,0.3712221908698408,0.21551454930391392,0.10242945610596031,-14.945623845809536,-32.24660576932333,-13.282732447817596,-20.70086418520106,-113.2827324478176,-4.87173529411767,-2.743682310469307,-1.0652831892372217,-0.405840603682428,-0.6594425855547936,-1.0255978984046656,-0.4518038093065234,-0.5737940890981422,110.39494231776554
109.06,2019-11-18,109.5,108.29,108.54,1428500,-1.1795511309388758,-0.5943670527061373,-0.5851840782327384,109.49333333333334,112.19615384615385,109.23198904693675,110.41154017787562,0.6889179755671903,0.6692844677137888,0.019633507853401455,-0.08685102712576544,22.508070435252066,-0.42249999999999943,-35.13205663106147,-14.89248154919175,-20.239575081869717,110.91499999999999,113.16,112.0375,113.16,0.0003280504473030332,24.967246657939768,35.047795286703725,55.890593862978434,-92.68873323261394,113.28,103.235,28.000000000000004,88.0,-60.0,115.46853758610179,111.88415173200573,0.0,0.0,34346.433647989936,1882.6299999999994,12.148458675858143,-20.025593738206354,343297.26755914005,-17818.842408611068,20.447955451513423,110.63187067706112,50.801131584117,861.4782476517574,111.0925,117.05824513367793,105.12675486632207,10.740140214106132,0.2651173543955747,0.0,0.0,110.19166666666668,109.45166666666668,110.93166666666666,-1.3431142705891026,1.784909909909929,0.0,1.0,108.46,117.86,113.16,8.461417287395644,-0.018085106382977383,1.6980696522079193,5.543368142364872,41.765381822879135,0.49743319350727294,0.3813256138063383,0.2295379940414064,-15.257465719808444,-30.366077260906884,-3.4623217922604304,-10.793243054226169,-103.46232179226043,-4.8512058823529145,-0.878718535469102,-1.068322323045753,-0.538336947555093,-0.52998537549066,-1.044067220716486,-0.570256491588516,-0.47381072912797007,110.2327969695308
106.88,2019-11-19,109.28,106.59,108.78,1261500,-1.30293393410075,-0.7360804289850599,-0.5668535051156901,109.15333333333332,111.8753846153846,108.82552919356186,110.12846312766261,0.6123050990307628,0.6329540665823868,-0.020648967551624042,-0.10674885336495482,22.364549629005488,0.9699999999999989,-40.489261046170775,-20.411367515574206,-20.07789353059657,110.91499999999999,113.16,112.0375,113.16,0.0001640252236515166,24.647799600606657,35.54955862893262,53.877655253436,-99.2686456820715,113.465,103.345,24.0,84.0,-60.0,115.46853758610179,111.40477048952494,0.0,0.0,34346.433647989936,1775.7499999999995,12.626352201843481,-43.121366061319776,-4678.143712573919,-48187.9257978869,18.770090459362716,110.36912615125178,51.09315201288258,847.9542563228445,110.55,116.06445736224354,105.03554263775645,9.976404092706554,0.14094381914044987,0.0,0.0,109.75566666666666,109.18866666666668,110.32266666666666,-1.0332040562825788,3.2915931804821037,0.0,1.0,108.46,117.86,113.16,8.502939846223434,-0.1989361702127648,1.6272626869871267,5.509451809457757,36.90879916630478,0.2316443170130873,0.36676656713006706,0.3212022434134398,-17.016278832604755,-25.130088927114127,-38.08553971486734,-18.276864651648463,-138.08553971486734,-4.684029411764712,-3.6866359447004595,-1.1831037109728562,-0.6672903002386457,-0.5158134107342105,-1.2051148110771355,-0.69722815548624,-0.5078866555908955,109.7512277701661
107.26,2019-11-20,108.35,106.42,107.25,1339700,-1.3983143760754189,-0.8685272184031316,-0.5297871576722872,108.72833333333334,111.5453846153846,108.45544777916774,109.85376215524316,0.6438299628559638,0.6252579446966594,0.018572018159304426,-0.12538177442159612,22.489821412885,1.7245000000000061,-44.747584109801295,-25.81016623757465,-18.937417872226646,110.33,113.10499999999999,111.7175,113.10499999999999,8.20126118257583e-05,24.783092200972863,33.78456679956404,58.19865891015746,-112.13993279234657,113.465,103.345,20.0,100.0,-80.0,115.46853758610179,110.99250262099144,0.0,0.0,34346.433647989936,1668.4899999999996,11.718388735226272,-39.56605662398841,1261420.8465411125,27647.258892937512,18.599021878820448,110.11222173839576,51.316869123978826,847.9542563228445,110.09549999999999,115.3939921439974,104.79700785600258,9.625265599406712,0.15315603948154274,0.0,0.0,109.19766666666666,108.55166666666666,109.84366666666665,-1.1831754646771946,2.649896800825605,0.0,1.0,108.35,116.24,112.29499999999999,7.166505443001759,-0.24461343472750222,1.6405364182884132,5.37606293167114,36.45231665234307,0.20666214681139564,0.3119132191105853,0.3533351333489969,-18.569805314244093,-13.217102576015801,-38.446215139442,-26.664692215523264,-138.446215139442,-4.587411764705891,-4.573170731707312,-1.272887107952979,-0.7884096617815124,-0.4844774461714667,-1.2910371579335567,-0.8159899559757033,-0.4750472019578533,109.19116195631229
108.0,2019-11-21,109.49,107.0,107.32,1540900,-1.4108396297470165,-0.9769897006719087,-0.4338499290751078,108.32666666666667,111.20692307692308,108.23153273621887,109.64237236596588,0.6505175983436858,0.6915113871635632,-0.040993788819877364,-0.14113857211464442,23.007117376505587,2.5945000000000107,-47.4672158443499,-30.813414561636552,-16.65380128271335,109.07,113.10499999999999,111.08749999999999,113.10499999999999,4.100630591287915e-05,24.853338143257766,32.01724811407757,54.24370786733521,-84.88203307736853,114.6125,104.0,16.0,96.0,-80.0,115.46853758610179,110.56970220163281,0.0,0.0,34346.433647989936,1776.4899999999996,11.51018402092501,-24.965191391990093,-1215601.8518518466,-68444.0186428757,19.187633042135612,109.86515429685805,51.0885007926245,847.9542563228445,109.6955,114.64924797501875,104.74175202498124,9.031816209450264,0.22793327258541154,0.0,0.0,108.638,107.921,109.35499999999999,-1.3199801174542825,1.6422594142259535,0.0,1.0,108.35,115.21,111.78,6.253674945644989,-0.19679300291545107,1.783482776459571,5.308205311340994,39.21453331912338,0.35783150115219176,0.26537932165889155,0.314686369299848,-19.089143393778524,-9.129988275777693,-26.892430278884294,-34.47472837773122,-126.89243027888429,-4.53038235294116,-4.310499016276152,-1.2867649607561351,-0.888080721576437,-0.3986842391796981,-1.2903103006634427,-0.9108540249132513,-0.37945627575019136,108.89377223924282
109.04,2019-11-22,110.16,108.03,108.55,2030700,-1.3224096760168322,-1.0460736957408934,-0.27633598027593886,107.97166666666668,110.87307692307692,108.20052769987751,109.52293737589434,0.6500597847748111,0.7090474292546854,-0.05898764447987437,-0.1522379096520436,23.54259560894469,3.004000000000005,-48.39609908181871,-35.1259853981067,-13.270113683712012,108.86,113.10499999999999,110.98249999999999,113.10499999999999,2.0503152956439574e-05,23.98519514767824,37.31577390887372,48.172176094715255,-48.933567363438044,114.9175,104.305,12.0,92.0,-80.0,115.46853758610179,110.21454984937155,0.0,0.0,34346.433647989936,1885.5299999999995,11.443475643162047,-5.354278335991495,-1402696.2582538554,-131388.20947044733,20.237270425313184,109.6295302323051,50.88193521485743,847.9542563228445,109.396,113.97806678257776,104.81393321742225,8.37702801304939,0.3509406273612273,0.0,0.0,108.35766666666666,107.53366666666666,109.18166666666666,-1.520889154128454,0.6988268608414195,1.0,1.0,108.35,114.92,111.63499999999999,6.005704047679996,-0.04870624048706131,1.9211344988136136,5.238483900757817,43.879747126849175,0.6131472291532511,0.39254695903894615,0.32327983326947435,-18.182814927555636,0.6668788380307885,-6.374501992031724,-23.904382470119344,-106.37450199203172,-4.363735294117632,-3.793748330216409,-1.207427145126853,-0.9519500062865203,-0.25547713884033274,-1.199309674758363,-0.9685451548822737,-0.23076451987608926,108.86221189787034
112.39,2019-11-25,113.35,109.75,109.83,3367900,-1.1008487757893022,-1.0570287117505752,-0.04382006403872696,107.75083333333333,110.59961538461539,108.43890805374251,109.53975682953181,0.5595836324479543,0.738693467336686,-0.17910983488873167,-0.15644108569047824,24.429332027615985,0.7749999999999915,-47.10281165055715,-38.411566692306025,-8.691244958251126,109.09,113.10499999999999,111.0975,113.10499999999999,1.0251576478219787e-05,22.339477902024548,41.46562882900014,42.25693575302059,24.762902193519338,114.9175,104.305,8.0,88.0,-80.0,115.46853758610179,109.9162218734721,0.0,0.0,34346.433647989936,1997.9199999999996,11.118193544334213,23.026447140578703,-6999911.024112456,-563887.9073186743,22.026688179640683,109.51035084854267,50.79989338050646,847.9542563228445,109.215,113.42579802412827,105.00420197587174,7.7110250865325565,0.5635271505465705,0.0,0.0,108.53766666666665,107.36566666666667,109.70966666666666,-2.15961893413346,-0.017207053469853472,1.0,0.0,108.35,113.73,111.03999999999999,4.926063269697394,0.26022304832713816,2.2610210489322515,5.118888289537148,50.68613568926354,0.9856442083898882,0.6522076462317771,0.43671130897653826,-15.260282824211266,3.651139061349233,27.8884462151395,-1.792828685258847,-72.1115537848605,-3.81988235294115,-2.3576512455516063,-1.00497646484871,-0.9625552979989583,-0.042421166849751724,-0.8701334160189591,-0.9488628071096108,0.07872939109065169,108.89364733621896
95.26,2019-11-26,98.98,92.65,95.76,23908100,-2.278818454804309,-1.301386660361322,-0.9774317944429871,106.30583333333334,109.70346153846154,106.00984527624367,108.28866373104798,0.799155908639524,0.7418073485600813,0.05734856007944267,-0.18550462220895328,25.066878240656752,-0.31050000000001887,-58.360525950860385,-42.279158821717516,-16.08136712914287,104.405,108.42,106.4125,108.42,5.1257882391098935e-06,24.757308187110684,23.1492189373877,82.52868285303805,-380.32973545566097,114.9175,104.305,4.0,100.0,-96.0,115.46853758610179,109.83,0.0,0.0,34346.433647989936,1902.6599999999996,11.081599379061775,-212.96961673664674,48066764.6441318,2874949.3656232194,7.184355605608793,108.39298723124942,44.153702134707295,715.8356432647977,108.22050000000002,116.37178327320323,100.0692167267968,15.064212923065812,-0.4550950125354466,0.0,1.0,107.28066666666666,105.83666666666667,108.72466666666666,-2.6920041511051926,5.566020313942766,0.0,1.0,98.98,113.37,106.17500000000001,13.296926183116875,-0.439888811674774,3.433918944039026,6.847096750350942,22.05161644447827,0.0,0.5329304791810464,0.5258950281505899,-26.640239082996615,-17.44302374202263,-43.988881167477395,-7.491645648123214,-143.98888116747742,-5.664970588235306,-15.765069551777424,-2.104392441727894,-1.1909227267447455,-0.9134697149831486,-1.8586869822625376,-1.1308276421401962,-0.7278593401223414,106.1080148753994
93.03,2019-11-27,94.6,92.85,94.5,7354000,-3.1598053149465244,-1.6730703912783624,-1.486734923668162,105.05083333333334,108.7576923076923,103.98525369528309,107.14505901022962,0.9234063995968769,0.7379692617787879,0.18543713781808902,-0.22943904857098446,25.440733509543488,0.2769999999999868,-68.82794092369757,-46.86248812899781,-21.965452794699758,102.215,106.22999999999999,104.2225,106.22999999999999,2.5628941195549468e-06,27.48667071158318,21.400512233607227,94.17916952716946,-319.2241217979058,115.00750000000001,104.39500000000001,0.0,100.0,-100.0,115.46853758610179,109.83,0.0,0.0,34346.433647989936,1995.6899999999996,12.066477012584505,-179.8873857742688,303128.02321830025,2976806.882403162,7.385175897028111,107.10864579498269,37.28435391464949,717.3808902011491,107.32300000000001,117.77006102212498,96.87593897787504,19.468447624693624,-0.19268284971959285,0.0,1.0,105.93333333333332,104.55633333333333,107.31033333333332,-2.599748269351785,5.250665698378131,0.0,1.0,94.6,113.37,103.985,17.489261388518777,-0.09323388385721891,3.2855270496351223,7.9317537895272405,22.602356949263637,0.01923344687847916,0.33495921842278914,0.5066991146118709,-33.35233604899291,-17.995390061399526,-9.881422924901182,-8.660619292413033,-109.88142292490119,-7.7535000000000025,-13.956074506533225,-2.9490910212153074,-1.542556385638858,-1.4065346355764494,-2.7985846812133968,-1.4643790499548364,-1.3342056312585604,104.06884213137107
91.46,2019-11-29,93.05,91.2,92.76,3004800,-3.9456519396739225,-2.1275867009574747,-1.8180652387164478,103.68416666666667,107.82269230769231,102.01829158831647,105.9639435279904,0.9120182555780939,0.7662271805273853,0.14579107505070865,-0.28411719243607136,25.648494204027273,-0.20049999999999102,-81.29596130660482,-52.42438406054689,-28.87157724605793,101.44,104.645,103.04249999999999,105.455,1.2814470597774734e-06,30.168379216568287,21.40051223360723,100.9951021036855,-248.37711152383423,115.9925,104.6,0.0,100.0,-100.0,115.46853758610179,106.78399999999999,0.0,0.0,34346.433647989936,1904.2299999999996,11.899646127353625,-175.7476163779446,521594.13951452635,2960933.9542495133,5.759877027884338,105.84794049717513,38.21161010569029,704.6326029762499,106.42049999999999,118.9556752680209,93.88532473197908,23.55782066053234,-0.1071115750104325,0.0,1.0,104.31366666666668,102.95866666666666,105.66866666666667,-2.597933795827336,5.338991389913883,0.0,1.0,93.05,113.37,103.21000000000001,19.094065523090016,-0.09104330708661386,2.97697434467161,8.969055009982487,21.2673257362396,0.0,0.006411148959493053,0.2914336155211095,-38.637505486828246,-17.81417563678252,-11.025029797377796,-21.631777963252134,-111.0250297973778,-10.180264705882365,-15.241635687732336,-3.7235797463801243,-1.9787610577871113,-1.744818688593013,-3.644260813584902,-1.9003554026808498,-1.7439054109040524,101.3921179177639
89.47,2019-12-02,91.59,89.09,91.5,8044500,-4.684698133523881,-2.6390089874707563,-2.0456891460531246,102.25666666666666,106.82615384615384,100.0293236516524,104.71402178517629,0.8695432752964931,0.7294978551602337,0.14004542013625942,-0.34709441362600146,25.636495831220003,2.1085000000000065,-94.7003690033115,-59.04308543524134,-35.657283568070156,100.71000000000001,103.4,102.055,104.725,6.407235298887367e-07,32.79209221768433,21.100736047159753,106.39754993221746,-197.78682534711328,116.155,105.97,0.0,100.0,-100.0,115.46853758610179,104.0372,0.0,0.0,34346.433647989936,1814.7599999999995,14.228898557294746,-177.60962832395253,136805.6331731358,2963440.306704925,3.689902247182588,104.6693411379969,39.15850790089446,688.3302477977425,105.3415,119.7959543653506,90.8870456346494,27.443038812529913,-0.06216234764825054,0.0,1.0,102.50033333333333,101.14433333333334,103.85633333333332,-2.645845054162415,5.444813176007884,0.0,1.0,91.59,113.37,102.48,20.675612175638282,-0.1147842056932966,2.718276910204449,10.132306331942335,19.667508977492545,0.0,0.006411148959493053,0.11592717211392507,-43.214905531340506,-23.357675580012508,-13.706140350877197,-11.537531024385396,-113.7061403508772,-13.032852941176472,-16.12690642063641,-4.473802126648013,-2.477769271559292,-1.9960328550887212,-4.4420989970259255,-2.408704121549865,-2.0333948754760605,98.50841567914638
88.65,2019-12-03,90.08,88.26,88.54,3441600,-5.2765468821695976,-3.1665165664105244,-2.110030315759073,100.65749999999998,105.83538461538461,98.2186584744751,103.4952053566447,0.9152542372881364,0.7472805464204417,0.16797369086769465,-0.4140830107300958,25.759027762218807,3.5814999999999912,-108.25616380399703,-66.57274129722204,-41.68342250677499,99.955,102.5,101.22749999999999,103.97,3.2036176494436835e-07,35.361283757726106,21.100736047159753,113.99054884824906,-168.22672840218723,116.265,105.97,0.0,100.0,-100.0,115.46853758610179,101.54776,0.0,0.0,34346.433647989936,1726.1099999999994,14.323047025130363,-162.74818142053073,3882571.9120135154,3205613.0573282326,2.8640014726848864,103.42270133426152,40.15579819054996,681.917473011884,104.17850000000001,120.1234594229651,88.23354057703493,30.61084470013502,0.0008297112041240646,0.0,0.0,100.51866666666668,99.10466666666666,101.93266666666666,-2.8134077915876348,4.834747760490327,0.0,1.0,90.08,113.37,101.725,22.35586037426149,-0.0781451266638039,2.5454492191840035,11.27353003730193,19.06012487436132,0.0,0.0,0.004274099306328702,-46.808062041085385,-27.627744753064054,-9.215189873417687,-11.315453340557568,-109.21518987341767,-16.709294117647076,-17.859469520707304,-5.098349110943454,-3.0018852394361244,-2.09646387150733,-5.1043476452691205,-2.947832826293716,-2.1565148189754044,95.84553514213327
89.26,2019-12-04,90.1,88.68,89.36,3945900,-5.646610182308891,-3.6625352895901977,-1.9840748927186929,99.0675,104.88576923076923,96.7511725553251,102.39778273763399,0.8785485065415954,0.7667242656134301,0.11182424092816534,-0.4797445916018436,25.8375156415675,5.268499999999989,-120.6206991107367,-75.00308740843708,-45.61761170229961,99.955,101.905,100.93,103.97,1.6018088247218417e-07,37.36333816189432,24.105356904697313,107.5820881012338,-133.4919161793549,116.065,106.205,0.0,96.0,-96.0,115.46853758610179,99.25420799999999,0.0,0.0,34346.433647989936,1815.3699999999994,14.555017855932203,-134.14284121759778,-348196.2805287854,3146493.7394517697,3.2887601402579647,102.2298262967771,46.678990054360185,681.917473011884,103.02150000000002,119.91082594865775,86.13217405134229,32.787963577811865,0.07542710574723098,0.0,0.0,98.635,97.19699999999999,100.07300000000001,-2.9158006792720825,3.9614047287899603,0.0,1.0,90.08,113.37,101.725,22.60693156282912,-0.06011163589523363,2.474904297265602,12.250559044037326,20.399753314664935,0.04235843869604885,0.014119479565349617,0.006843542841614224,-49.05288256844382,-28.296908385888457,-7.088607594936666,-10.003312606410523,-107.08860759493666,-17.44038235294117,-17.70601336302895,-5.514387158925861,-3.5043856233340716,-2.0100015355917895,-5.535899959165666,-3.465446252868106,-2.0704537062975596,94.17833085444948
90.8,2019-12-05,91.59,89.44,89.95,4687700,-5.811570201707951,-4.092342272013749,-1.7192279296942026,97.49666666666667,103.99730769230769,95.62637677758278,101.43794697929073,0.8776978417266194,0.7851649714711004,0.09253287025551893,-0.5398219613018596,26.06748996616194,4.7109999999999985,-132.67415058819574,-84.47052460219773,-48.203625985998016,99.955,101.725,100.84,103.97,8.009044123609209e-08,38.941520524151144,25.565652176066205,100.553353242738,-106.22516666736149,115.8,106.205,24.0,92.0,-68.0,115.46853758610179,97.41936639999999,0.0,0.0,34346.433647989936,1906.1699999999994,14.447859710063204,-105.12129247222678,-1878414.0969163117,3045818.8409035606,4.066928836694583,100.96764203009363,45.319940965607785,681.917473011884,101.879,119.19195803726225,84.56604196273776,33.987294805135996,0.14076040693832165,0.0,0.0,96.93366666666665,95.44166666666666,98.42566666666667,-3.078393815702156,3.011282394995525,0.0,1.0,90.08,113.37,101.725,22.86045210494803,-0.027479604980678418,2.5184138675390413,13.137351010841908,22.88688655803483,0.12100045453315077,0.054452964409733205,0.02285748132502761,-50.006886056550314,-32.76375620917606,-3.240506329113927,-6.514767932489431,-103.24050632911393,-17.411823529411762,-17.406962785114054,-5.729187522786146,-3.9493460032244867,-1.7798415195616597,-5.6995737979387675,-3.9122717618822387,-1.7873020360565288,93.21109141438403
92.24,2019-12-06,92.59,91.17,91.43,3195200,-5.736577963895741,-4.421189410390148,-1.315388553505593,96.21166666666666,103.24230769230768,94.94078035026234,100.67735831415808,0.8562469850458275,0.8118668596237348,0.04438012542209269,-0.5897984190127937,26.32194436611165,5.602500000000006,-144.62552031157693,-95.16268251661532,-49.462837794961615,99.955,101.725,100.84,103.97,4.0045220618046043e-08,39.71169121965841,30.412130099177343,90.56836085471302,-82.72774251893473,115.265,106.925,20.0,88.0,-68.0,115.46853758610179,95.95149312,0.0,0.0,34346.433647989936,1998.4099999999994,14.52839568863429,-67.3075078333372,-1559410.234171724,2936191.041185999,5.851088049574726,99.7301794426767,43.97650605310671,681.917473011884,100.8175,118.02301176222326,83.61198823777673,34.13199446965709,0.21963926056584324,0.0,0.0,95.313,93.922,96.704,-2.9188043603705647,1.9892163910855496,0.0,1.0,90.08,112.31,101.195,22.04974334812905,0.04903283850652286,2.581572480785138,13.848217346766255,28.37316205355053,0.29447397693296473,0.15261095672072145,0.07372780023193476,-49.02541026219617,-13.940874158042684,5.518987341772169,-1.6033755274261472,-94.48101265822783,-16.837588235294106,-14.466647903180412,-5.697982207672821,-4.299073244114154,-1.3989089635586671,-5.652846145839499,-4.260386638673691,-1.3924595071658077,92.86713519321717
93.2,2019-12-09,93.42,91.87,92.1,3011300,-5.556608797930096,-4.648273287898137,-0.908335510031959,94.99916666666667,102.57384615384613,94.46835260406813,100.02496140199823,0.8358351203240414,0.8463187991422455,-0.010483678818204112,-0.6287313304678337,26.416059679783505,7.088499999999996,-155.69157097866895,-107.22810021973883,-48.463470758930114,92.92,101.725,97.32249999999999,103.97,2.0022610309023022e-08,40.11777101692898,32.3936651528507,86.25751325864563,-68.33135853482612,114.96000000000001,106.925,16.0,84.0,-68.0,115.46853758610179,94.77719449599999,0.0,0.0,34346.433647989936,2091.609999999999,14.189698054283225,-48.372149571431855,-1062231.7596566484,2835796.110670585,6.566674316987253,98.5129497515131,51.435876371487225,681.917473011884,99.9115,116.99748522181275,82.82551477818726,34.20223942551708,0.26467555439138934,0.0,0.0,93.66799999999999,92.306,95.03,-2.908143656318064,1.1600587371512454,0.0,1.0,90.08,109.83,99.955,19.76749423239567,0.09063291139240538,2.548415232706624,14.483656893051094,30.526947199287648,0.3625756783565996,0.25935003660757167,0.15547131924600877,-47.56888551953756,-10.764656443652397,9.063291139240539,3.7805907172995874,-90.93670886075945,-15.870323529411763,-13.672242059763198,-5.555222136600685,-4.55030302261146,-1.0049191139892253,-5.477086454158992,-4.503726601770752,-0.9733598523882403,92.68956007956265
91.55,2019-12-10,94.26,91.18,93.04,2656900,-5.407326872482031,-4.800084004814916,-0.6072428676671153,93.68083333333334,101.82423076923078,93.96245220344225,99.36977907592428,0.8010145261701639,0.8517408346783504,-0.05072630850818649,-0.6588374699717116,26.47407956192997,8.954999999999984,-168.46523431951414,-119.46195670514481,-49.003277614369324,92.28999999999999,101.725,97.0075,103.97,1.0011305154511511e-08,40.06032590126339,35.29839499021194,81.03198460296602,-58.88573673765669,114.96000000000001,107.045,12.0,80.0,-68.0,115.46853758610179,93.8377555968,0.0,0.0,34346.433647989936,2000.0599999999993,9.327197510219419,-50.48605677551299,-1186018.5690879393,2751414.651715202,5.8790777130904495,97.36046310202893,59.093017753746274,676.7958548952171,99.07500000000002,116.15084785596324,81.9991521440368,34.47054828354926,0.26882553456217045,0.0,0.0,91.85300000000001,90.721,92.985,-2.4648078995786697,0.7972614840989382,1.0,1.0,90.08,109.83,99.955,19.93439313651274,0.055696202531646,2.5325737094359617,15.110178977940336,29.58266958276485,0.3327180519221632,0.3299225690705758,0.247294520799623,-46.65340113340097,-4.988973077297166,5.5696202531646,6.717299578059097,-94.4303797468354,-14.26908823529412,-14.785046728971956,-5.4416211073092144,-4.728566639551011,-0.7130544677582034,-5.417482312668591,-4.68647774395032,-0.7310045687182711,92.324935999503
91.5,2019-12-11,91.68,89.88,91.51,2259200,-5.332449844025774,-4.906557172657087,-0.425892671368687,92.16833333333334,100.99192307692309,93.3343826336819,98.66683247770767,0.8420802659700785,0.89931132747566,-0.05723106150558155,-0.6830371197829265,26.093301804931627,11.561000000000007,-171.07366122106708,-130.82259229374142,-40.25106892732566,91.56,101.725,96.6425,103.97,5.0056525772557554e-09,40.48405641085996,34.66059850840667,93.69428755485664,-66.6601115572599,114.96000000000001,107.225,8.0,76.0,-68.0,115.46853758610179,93.08620447743999,0.0,0.0,34346.433647989936,1908.5599999999993,10.083742880116384,-60.266620093297,381803.27868852834,2688584.825440017,4.574515309054464,96.12510546343775,60.558578478743755,667.1464294580182,98.189,115.2424183083628,81.13558169163719,34.73590383518074,0.2563831529328828,0.0,0.0,91.37566666666666,90.54866666666666,92.20266666666666,-1.8101099125587736,1.404272470777913,0.0,1.0,90.08,109.83,99.955,20.114269419181376,-0.010126582278481157,2.3293163384923656,15.802176347269272,27.835654320411592,0.27747822820307233,0.32425731949394504,0.30450997505736416,-46.384538295380196,-2.5147988313247684,-1.0126582278481158,4.540084388185668,-101.0126582278481,-13.120058823529419,-16.800888642043883,-5.404500894695858,-4.863753490579981,-0.5407474041158773,-5.3176293078512815,-4.8127080567305125,-0.504921251120769,92.2011050307923
92.55,2019-12-12,93.0,91.25,91.46,2861700,-5.103729097012746,-4.9459915575282185,-0.1577375394845273,90.62666666666667,100.20076923076924,93.01370838234621,98.11743747935895,0.8218690702087287,0.8804554079696403,-0.0585863377609116,-0.6986087465817503,26.004531908085113,-4.790499999999994,-171.9138518973293,-140.89124680382193,-31.022605093507366,91.56,101.725,96.6425,103.97,2.5028262886278777e-09,40.87752045548534,31.706634886048708,85.709153743833,-54.608513248551326,114.555,107.225,4.0,72.0,-68.0,115.46853758610179,93.04,0.0,0.0,34346.433647989936,2001.1099999999992,9.959493095762252,-33.54374579425452,-1056618.0443003674,2699940.811693695,5.985212905850191,94.86308363627182,59.56622130662407,667.1464294580182,97.4405,114.33158104888506,80.54941895111494,34.66952868444857,0.31675240376610997,0.0,0.0,91.16766666666666,90.19666666666667,92.13866666666667,-2.1301411684698084,0.4576038448335061,1.0,1.0,90.08,109.83,99.955,20.268779408972655,0.05924050632911401,2.4083847046431295,16.38157325239948,32.36849335340028,0.42080452564596105,0.34366693525706554,0.3326156079405288,-44.819197403410115,5.368873406701334,5.924050632911401,3.493670886075956,-94.0759493670886,-12.114529411764707,-16.856492027334852,-5.201653475801813,-4.9313334876243475,-0.27031998817746583,-5.093840075087301,-4.868934460401871,-0.22490561468543024,92.18031176898582
93.59,2019-12-13,93.92,91.92,92.39,3749700,-4.81292248215054,-4.919377742452683,0.10645526030214292,90.56583333333333,99.41730769230769,92.84544555429294,97.65836803644348,0.8236141108711303,0.8816894648428134,-0.058075353971683064,-0.7052514357498384,25.892420229061933,-3.814000000000007,-171.7199909923284,-149.44898258037935,-22.271008411949055,91.56,101.725,96.6425,103.97,1.2514131443139389e-09,40.78418923875238,34.804150089807415,80.38585122168406,-43.61690260012132,114.2975,107.225,0.0,68.0,-68.0,115.46853758610179,92.44800000000001,0.0,0.0,34346.433647989936,2094.6999999999994,9.759426028563784,-19.793882109360997,-1512180.788545793,2692120.488101413,6.672394275713207,93.53703539088343,58.50749925864347,667.1464294580182,96.664,113.06381634043515,80.26418365956485,33.93159054132904,0.3553642339181793,0.0,0.0,91.20833333333334,90.11333333333333,92.30333333333333,-2.4010963910461367,0.17503805175037723,1.0,1.0,90.08,109.83,99.955,20.431598113051393,0.09316455696202548,2.434546234178817,16.915336198755984,34.53420669839102,0.4892833912754589,0.3958553817081641,0.3545932121530582,-42.89626850294544,5.380485249232733,9.31645569620255,4.742616033755272,-90.68354430379745,-11.222294117647067,-0.7879114948731829,-4.928325732777438,-4.930731936654966,0.0024062038775278793,-4.7743887393573505,-4.8500253161929665,0.07563657683561598,92.1774147504228
94.22,2019-12-16,94.57,92.57,94.0,3068700,-4.478382570424856,-4.831178708047118,0.3527961376222626,90.5425,98.65461538461538,92.80306931517094,97.2814518855958,0.8735897435897437,0.8748717948717957,-0.0012820512820519436,-0.7031005892112031,25.801219802667642,-4.704499999999996,-169.8263858455679,-156.29011836277613,-13.536267482791771,92.05,101.195,96.6225,103.97,6.257065721569694e-10,39.94194176726863,39.43750771483984,71.6426809384311,-31.274851800102024,114.22500000000001,107.91499999999999,0.0,64.0,-64.0,90.08,92.44800000000001,1.0,0.0,34346.433647989936,2188.919999999999,7.810220283132928,-8.217184665166684,-683612.8210570895,3143284.6454625106,7.3386584184460055,92.02673109104379,57.231030582235505,667.1464294580182,95.9045,111.56893548296598,80.24006451703401,32.66673718744373,0.3935646291362989,0.0,0.0,91.50699999999999,90.364,92.65,-2.4981695389423777,0.0349956255468121,1.0,1.0,90.08,109.83,99.955,20.593402812172528,0.12607594936708835,2.4560916107609345,16.903788252670093,36.65353166719735,1.0,0.63669597230714,0.4587394297574565,-40.68831210529991,4.217131014474156,43.83802816901394,19.69284483270929,-56.16197183098606,-10.30332352941177,-0.3015616585891235,-4.603531797296251,-4.865291908783223,0.2617601114869723,-4.417102911025216,-4.763440835159416,0.3463379241342004,92.21141386180732
92.04,2019-12-17,94.94,92.02,94.48,3266100,-4.209117596048046,-4.706766485647304,0.4976488895992581,90.61083333333333,97.96346153846154,92.68259711283696,96.891714708885,0.6051862673484292,0.8842220598977365,-0.2790357925493073,-0.6948266001915031,25.80025508489603,-6.000999999999991,-168.85088206440423,-161.6490275798503,-7.201854484553934,93.035,99.955,96.495,103.97,3.128532860784847e-10,38.940972426090546,38.048148960108904,64.6852442946029,-26.215107723822822,113.92750000000001,108.86500000000001,40.0,60.0,-20.0,90.1584,92.44800000000001,0.0,0.0,34346.433647989936,2096.879999999999,8.353052742713222,-14.275015427285693,-212407.64884832606,-305227.661178927,6.791807386794286,91.87505513311935,64.79128310104812,663.1826124956989,95.091,109.75609993147008,80.42590006852991,30.844348953045152,0.39529563336251505,0.0,0.0,91.99233333333333,90.95733333333334,93.02733333333333,-2.250187515626295,0.48663446054750653,1.0,1.0,90.08,109.83,99.955,20.769578614169586,0.09822784810126571,2.4474824496848417,16.240130446693467,35.603247662616695,0.9403024089110288,0.8098619333954958,0.6141377624702665,-39.10682290763777,0.4157713610629919,43.891402714932056,32.34862886004951,-56.108597285067944,-9.522941176470582,0.8991228070175364,-4.34414604870448,-4.7610627367674745,0.41691668806299464,-4.271357942811002,-4.665024256689733,0.3936663138787315,92.19173528120251
91.83,2019-12-18,92.38,91.14,92.28,2366500,-4.020387287393305,-4.569490645996504,0.5491033586031993,90.78166666666668,97.31846153846153,92.44527448009282,96.46566176748613,0.5719271035284985,0.9751841799146962,-0.4032570763861977,-0.683142947199598,25.71302235659016,-6.058499999999995,-161.59181229204603,-164.86210110250033,3.2702888104543035,93.08000000000001,99.955,96.51750000000001,103.97,1.5642664303924236e-10,38.64673321004965,37.514081142541016,77.59796398751443,-43.50468158988021,112.7225,109.89500000000001,36.0,56.00000000000001,-20.000000000000007,90.331264,92.44800000000001,0.0,0.0,34346.433647989936,2005.0499999999993,9.017915139442673,-23.78007036624482,259174.56169006502,-308367.1941452295,5.913624383099444,91.72628143942937,64.95709846662768,656.8405053559878,94.3185,108.0791253854977,80.5578746145023,29.179059008567148,0.38450742931531967,0.0,0.0,92.24766666666667,91.27666666666667,93.21866666666668,-2.105202299606502,1.0703741846893253,0.0,1.0,90.08,109.83,99.955,20.93968839623192,0.053670886075949484,2.2387342047163576,15.702444861150232,33.92809252074153,0.8450874706332824,0.928463293181437,0.7916737329613577,-38.18915638195215,-7.114985689021076,24.09090909090911,37.27344665828503,-75.90909090909089,-8.782264705882355,2.3010438882029374,-4.16768745865628,-4.642387681145236,0.4747002224889556,-4.127992649034957,-4.557617935158778,0.4296252861238212,92.13906011973603
92.1,2019-12-19,92.64,91.52,91.87,2245500,-3.796391891297503,-4.414870895056705,0.6184790037592016,91.05333333333334,96.69999999999999,92.30292456007854,96.09931645137604,0.4953857511997039,0.8881506090808421,-0.3927648578811382,-0.6676710107154088,25.620167700542932,-4.893499999999989,-154.6337945528304,-165.9741315737507,11.340337020920288,93.08000000000001,99.955,96.51750000000001,103.97,50.00000000007822,38.37351108086882,35.986728103200974,74.43863067764087,-39.54580080926817,112.3075,109.89500000000001,32.0,52.0,-20.0,90.49721344000001,92.44800000000001,0.0,0.0,34346.433647989936,2097.149999999999,9.040858926678633,-15.383203171067052,62703.58306188537,-341145.0910347039,6.297627016410835,91.70313619121849,72.14359151841919,656.8405053559878,93.5735,106.19933743757237,80.94766256242762,26.9859253689824,0.4186786615084585,0.0,0.0,92.41600000000001,91.532,93.3,-1.9130886426592801,1.0067873303167423,0.0,1.0,90.08,109.83,99.955,21.106402988025458,0.07291139240506318,2.164860784244722,15.041708989074694,35.342804052014,0.925498930899667,0.9036296034813261,0.8806516100194197,-37.03952939512138,0.19368026831255097,32.727272727272634,33.569861511037935,-67.27272727272737,-8.199911764705888,3.6936324495807735,-3.9504879238328265,-4.504007729682754,0.5535198058499273,-3.947138085461584,-4.43552196521934,0.48838387975775577,92.11306241157337
94.06,2019-12-20,94.12,92.1,92.52,3744800,-3.5313653913216143,-4.238169794309687,0.7068044029880731,91.33833333333332,96.15692307692309,92.27170539698953,95.80307078831115,0.4092150170648458,0.8580204778156998,-0.448805460750854,-0.6479286292144284,25.7237937139339,-3.3884999999999934,-147.3233736593739,-165.04433187160683,17.720958212232915,93.08000000000001,99.955,96.51750000000001,103.97,75.00000000003911,37.79095796478267,37.63061517231449,70.22095047773915,-19.824840243575167,112.0375,110.005,28.000000000000004,48.0,-19.999999999999996,90.65652490240001,92.44800000000001,0.0,0.0,34346.433647989936,2191.209999999999,9.10986956369823,-5.39205986091464,-1811609.610886674,-480317.6084675475,6.893724044382854,91.85939390644538,79.1530664518313,656.8405053559878,92.82849999999999,103.85445714666096,81.80254285333902,23.755543064168812,0.4669643192736056,0.0,0.0,92.53433333333334,91.60633333333334,93.46233333333333,-2.005742012874495,0.7340158045977064,1.0,1.0,90.08,109.83,99.955,21.275793533236023,0.10227848101265803,2.2083747058202507,14.176021750261452,37.541042795423856,1.0,0.9235288005109831,0.9185405657245821,-35.47542464392201,10.198221596622252,45.90909090909076,34.242424242424164,-54.09090909090924,-7.624264705882339,3.8565629228687275,-3.686067014620656,-4.340419586670334,0.6543525720496786,-3.5943727688021267,-4.267292125935898,0.6729193571337708,92.1128187148252
92.44,2019-12-23,94.5,92.3,94.11,2413900,-3.2675256504137593,-4.044040965530502,0.7765153151167423,91.57666666666665,95.57423076923077,92.2760584128373,95.54358406325106,0.29143601432758015,0.8368609573428849,-0.5454249430153048,-0.6245073735802701,25.848326086958263,-0.8719999999999999,-139.48883270488372,-161.82473169220344,22.335898987319723,93.08000000000001,99.955,96.51750000000001,103.97,87.50000000001955,36.48236477192825,42.16154540589341,62.54946273016328,13.844731888371001,112.0375,111.52000000000001,24.0,44.0,-20.0,90.809463906304,92.44800000000001,0.0,0.0,34346.433647989936,2283.649999999999,9.605250453060673,-1.9806227379267969,-415566.8541756819,-787327.5203382045,7.094462372287305,92.18565137036865,85.91235868864976,658.2668691026893,92.042,100.58226603801103,83.50173396198898,18.5573239130202,0.5151049158686444,0.0,0.0,92.65166666666667,91.81666666666668,93.48666666666666,-1.802450036876459,0.710578842315375,1.0,1.0,90.08,109.83,99.955,21.457595445557462,0.11240506329113918,2.227537235238226,13.174946656374829,38.31977941111267,1.0,0.975166310299889,0.9341082380973994,-33.948928597866654,6.961044392876646,50.22831050228306,42.95489137954882,-49.77168949771694,-7.085852941176469,3.1976744186046506,-3.4199320471907524,-4.1563220787744175,0.7363900315836651,-3.4148746860562462,-4.096808637959967,0.6819339519037206,92.1146954588565
93.23,2019-12-24,93.39,92.46,92.76,952900,-3.010813310381522,-3.837395434500706,0.826582124119184,91.68416666666667,94.98576923076924,92.30435711855465,95.31517042893617,0.3327770360480633,0.82977303070761,-0.4969959946595467,-0.5980712650708567,25.823267201221725,0.6925000000000097,-131.06948900771124,-157.37982366849724,26.310334660785998,93.43,99.955,96.6925,103.97,93.75000000000978,35.60330025623636,41.05610063661221,67.23628459142087,33.36812002764926,112.0375,113.075,20.0,40.0,-20.0,90.95628535005184,92.44800000000001,0.0,0.0,34346.433647989936,2376.879999999999,9.740154733436842,0.4332947960626998,831170.2241767591,-703087.0557163798,7.256074506631823,92.42823774784164,78.76071348503406,658.2668691026893,91.1775,93.87323644854325,88.48176355145674,5.913161577238371,0.737875627770112,0.0,0.0,92.65599999999999,91.88,93.43199999999999,-1.6750129511310576,0.6262886597938138,1.0,1.0,90.08,95.76,92.92,6.229607085081305,0.419014084507041,2.113783511714404,12.134817574137905,38.97528484714773,1.0,1.0,0.966231703603624,-32.48122203849886,5.377788728737324,30.10380622837336,42.08040254658239,-69.89619377162664,-6.828147058823518,1.4149391247120675,-3.1587975941629196,-3.9568171818521183,0.7980195876891987,-3.168502379182693,-3.9111473862045125,0.7426450070218196,92.12574343627375
92.08,2019-12-26,93.3,91.84,93.3,1615100,-2.8248328353091807,-3.634882914662401,0.8100500793532204,91.68166666666667,94.35307692307694,92.23291756185394,95.05775039716312,0.35532448906418024,0.8307637145930433,-0.4754392255288631,-0.5707660714553633,25.682302856410054,0.043000000000006366,-119.40154659400362,-151.5451230792388,32.14357648523519,93.43,99.955,96.6925,103.97,96.87500000000489,34.523600927570506,42.19512737713483,63.93946152583443,43.08666017526764,112.0375,113.16,16.0,36.0,-20.0,91.09723393604978,92.44800000000001,0.0,0.0,34346.433647989936,2284.7999999999993,9.605158886787192,-7.7842616033747,0.0,-568914.6202223575,6.638622635552447,92.60275341976252,71.70403257850865,653.8527931904714,91.137,93.76655585603437,88.50744414396563,5.770556099135087,0.633672764240155,0.0,0.0,92.835,92.076,93.594,-1.6351591533365655,1.1554677206851054,0.0,1.0,90.08,94.5,92.28999999999999,4.8498414474911415,0.3981900452488698,1.9864051605429638,11.083173556681329,37.32016179498386,0.8514202918856763,0.9504734306285587,0.9752132469761493,-31.58690500434925,-2.29302557758814,5.714285714285598,28.682134148314006,-94.2857142857144,-6.047823529411772,-0.03265483835855136,-2.9717017534148216,-3.759794096164659,0.7880923427498376,-3.037697894053711,-3.736457487774352,0.698759593720641,92.10653533464959
92.84,2019-12-27,92.96,91.94,92.11,2768300,-2.638952601730452,-3.4356968520760116,0.7967442503455597,91.745,93.78961538461539,92.18785332156872,94.82680592329918,0.4230471771075016,0.8070378963650423,-0.3839907192575407,-0.5427361227205217,25.488337641133526,-1.211500000000001,-109.37609835426892,-144.61802389723223,35.241925542963315,93.43,99.955,96.6925,103.97,98.43750000000244,33.633138991630574,41.49089833267861,64.9740044057157,20.473657300131357,112.0375,113.16,12.0,32.0,-20.0,91.23254457860779,92.44800000000001,0.0,0.0,34346.433647989936,2377.6399999999994,7.956960018958897,-5.34593851717839,700398.5351141706,-407499.70813050785,6.739711485726651,92.64576759711078,64.59734129723262,653.8527931904714,91.0915,93.63086429052719,88.55213570947281,5.575414370225958,0.6670693730642024,0.0,0.0,92.87833333333333,92.18833333333333,93.56833333333333,-1.485814775602486,1.1799516908212577,0.0,1.0,90.08,94.48,92.28,4.830307987024042,0.42272727272727206,1.8997646444886667,10.119194632209151,37.77911684680261,0.8926204960322333,0.9146802626393032,0.9550512310892874,-30.70829083388751,-0.6822005597906936,9.28571428571397,15.034602076124308,-90.71428571428604,-5.357558823529416,0.8335161219565593,-2.7829183700070774,-3.5644189509331428,0.7815005809260653,-2.8362164737213194,-3.556409284963746,0.7201928112424265,92.1027252775575
93.49,2019-12-30,94.01,92.34,92.81,3409500,-2.4313375742630114,-3.234824996513412,0.8034874222504005,91.95,93.24807692307692,92.21126050286585,94.64259807712887,0.4127725856697808,0.8091900311526479,-0.39641744548286706,-0.5135631629605963,25.12530761512118,0.10150000000000148,-99.84719275390744,-136.84255799815884,36.9953652442514,93.43,99.955,96.6925,103.97,99.21875000000122,32.44069092206751,43.624232156271034,61.41703098273752,62.92611164718267,111.7175,113.10499999999999,8.0,28.000000000000004,-20.000000000000004,91.36244279546348,92.44800000000001,0.0,0.0,34346.433647989936,2471.129999999999,7.454623290746461,0.760052699561454,-1123114.7716333414,-411848.4947002717,7.146455014114726,92.68823799761596,64.62147202905041,653.8527931904714,91.1485,93.74556969486855,88.55143030513145,5.698546207273957,0.7293931507410532,0.0,0.0,92.90933333333332,92.25233333333333,93.56633333333333,-1.4142820240521305,0.9332825976661512,1.0,1.0,90.08,94.48,92.28,4.827287338793294,0.5136363636363641,1.9167881800398008,9.134783688618917,39.68166776038824,1.0,0.9146802626393032,0.9266113186357217,-29.476976053527054,5.33020960702379,23.571428571428473,12.857142857142676,-76.42857142857153,-4.775735294117638,2.7369826435247084,-2.568967487855306,-3.365328658317576,0.7963611704622697,-2.5906138065175837,-3.3632501892745137,0.77263638275693,92.10616874595291
94.05,2019-12-31,94.38,93.38,93.67,1873500,-2.1580057142898,-3.0194611400686897,0.8614554257788898,92.1275,92.72423076923077,92.39106657934803,94.54907229363783,0.41689696012633176,0.7970785629688112,-0.3801816028424794,-0.4817799667628332,24.724975557795172,0.5570000000000022,-89.66411330281721,-128.04402813576027,38.37991483294306,93.245,99.955,96.6,103.97,99.60937500000061,30.89435625046271,45.36352704458979,56.339301964881614,102.00562084823714,111.08749999999999,113.10499999999999,4.0,24.0,-20.0,91.48714508364495,92.44800000000001,0.0,0.0,34346.433647989936,2565.1799999999994,4.884163983396379,14.624616599623995,-464274.3221690511,-360295.33420606545,8.205714273373978,92.75964349266422,64.71668829646683,653.8527931904714,91.363,93.95320539726188,88.77279460273812,5.670140860658873,0.8893513622765544,0.0,0.0,92.919,92.248,93.59,-1.4442686641052946,0.15648286140090026,1.0,1.0,90.08,94.48,92.28,4.815953941967761,0.7499999999999983,1.92910936203582,7.936912733467056,44.438644020171914,1.0,0.9642068320107445,0.9311891190964503,-27.15183186514743,10.714749036222726,60.71428571428537,31.190476190475934,-39.28571428571463,-4.367470588235292,2.3342465753424606,-2.2824187080204816,-3.1487466682581573,0.8663279602376757,-2.320784872607437,-3.1547571259410985,0.8339722533336613,92.14036814121879
93.78,2020-01-02,94.69,93.3,94.69,2191500,-1.9256459298174775,-2.8006980980184473,0.8750521682009698,92.24249999999999,92.15769230769232,92.53090249021756,94.45654842003503,0.3106350420811012,0.7593726090283085,-0.4487375669472073,-0.4487762673537272,23.896464254567324,0.9549999999999983,-78.50640654597994,-118.81231638619738,40.30590984021744,93.66499999999999,99.955,96.81,103.97,99.80468750000031,28.96057660706498,47.983808823024894,51.7968687897594,127.10746402333507,110.98249999999999,113.10499999999999,0.0,20.0,-20.0,91.60685928029915,92.44800000000001,0.0,0.0,34346.433647989936,2471.399999999999,4.805312577355269,11.463614228249162,0.0,-387566.99696953176,8.125371587574023,92.9872790703627,71.74232085197198,653.2926280217497,91.615,93.91278589080977,89.31721410919022,5.016178335010156,0.8666573127503583,0.0,0.0,92.96033333333334,92.33533333333334,93.58533333333334,-1.3446595501307008,0.22826666666667278,1.0,1.0,90.1,94.69,92.395,5.010096599901767,0.6971677559912856,1.8671984258322383,6.2914245648280644,44.1502038763677,0.9761030204371621,0.9920343401457207,0.9569738115985894,-25.229320646757998,9.554543487512378,39.82683982683986,41.37085137085123,-60.17316017316014,-3.6309411764705857,1.5013054830287156,-2.038657945931287,-2.9267289237927834,0.8880709778614966,-2.1058462135536917,-2.9449749434636177,0.8391287299099259,92.20611455076674
93.03,2020-01-03,93.58,92.5,93.01,2102600,-1.7854706464865302,-2.5976526077120643,0.8121819612255341,92.23666666666666,91.49423076923078,92.5261482609533,94.31161890743984,0.4109824109824097,0.8352638352638352,-0.4242814242814255,-0.4170618487742187,23.076810951918524,0.21399999999999864,-70.24058864766562,-109.43529350784573,39.19470486018011,93.82499999999999,92.92,93.3725,103.97,99.90234375000017,27.636683501189243,47.98380882302489,59.154083858360885,32.800164958172374,111.0975,113.10499999999999,0.0,16.0,-16.0,91.7918477234812,92.44800000000001,0.0,0.0,34346.433647989936,2378.369999999999,4.798887165691465,-0.806044947214966,854724.2824895069,-251042.5450559693,7.32768670011422,93.06733365060359,64.6390111029975,647.6909763345321,91.806,93.6948345613114,89.9171654386886,4.11483903298564,0.683711166190798,0.0,0.0,93.07000000000001,92.398,93.74199999999999,-1.444074352637793,0.9241071428571397,1.0,1.0,91.59,94.69,93.14,3.3766856196762682,0.2935483870967736,1.7094785832490136,4.398823629918734,41.26571441595627,0.6981195892158845,0.8914075365510156,0.9492162362358268,-24.20142951421237,2.022880699001628,5.194805194805387,35.2453102453102,-94.80519480519462,-3.197235294117661,-0.07561845090201273,-1.893160850349566,-2.72001530910414,0.8268544587545741,-1.9773813294434006,-2.7514562206595743,0.7740748912161737,92.22482827697571
93.03,2020-01-06,93.06,90.88,91.59,3431600,-1.784530231951038,-2.435028132559859,0.650497900608821,92.14166666666667,91.42615384615384,92.27289468234511,94.05742491429615,0.5085846867749405,0.7916473317865425,-0.28306264501160194,-0.3900194520056507,22.874971556015335,-0.7379999999999995,-64.8431759206094,-100.27082709242745,35.427651171818056,93.82499999999999,92.38499999999999,93.10499999999999,103.97,99.95117187500009,26.621592821237993,47.983808823024894,62.86583200107872,-89.5722372960835,106.4125,108.42,92.0,12.0,80.0,91.96573686007233,92.44800000000001,0.0,0.0,34346.433647989936,2285.339999999999,4.812308295655929,-22.220695669041458,1532731.3769751664,-33548.81894732934,5.698404537952049,93.00317739450067,57.544539324143315,647.6909763345321,91.878,93.49009925252896,90.26590074747104,3.5092171195040462,0.19046570847471,0.0,0.0,93.05333333333334,92.31133333333334,93.79533333333333,-1.5947843530591717,1.9645103324348698,0.0,1.0,91.68,94.69,93.185,3.2760835020352976,-0.26578073089701454,1.629530724924112,1.0046216781947408,36.11950200498627,0.20849614640711353,0.6275729186867199,0.8370049317944854,-24.620628962024156,-13.343341276673211,-64.93506493506487,-6.637806637806548,-164.93506493506487,-2.746588235294098,-1.2388611171484467,-1.8972773638839016,-2.5554677200600926,0.658190356176191,-1.8543177450906951,-2.5720285255457984,0.7177107804551033,92.20092021871837
91.93,2020-01-07,93.39,91.77,92.61,2969000,-1.6924597620790678,-2.2865144584637007,0.5940546963846329,92.19416666666666,91.38461538461537,92.19552626967663,93.8879860317557,0.5291919663708531,0.7790751985053705,-0.24988323213451746,-0.3647417525799973,22.876628178803443,-0.38800000000000523,-60.40160105072718,-91.48335690863229,31.081755857905108,93.82499999999999,92.38499999999999,93.10499999999999,103.97,99.97558593750004,25.143795647552828,49.27210216557754,55.486856564325926,-20.33555471275617,104.2225,106.22999999999999,88.0,8.0,80.0,92.12919264846799,92.44800000000001,0.0,0.0,34346.433647989936,2377.2699999999986,4.8973244692786295,-7.358067716321244,-572718.3726748596,-25627.7869200272,6.598687328445015,92.92248513381489,57.43281584348094,654.0339007286534,91.908,93.48829870594278,90.32770129405722,3.438870840281109,0.45633736853638796,0.0,0.0,93.021,92.361,93.681,-1.4190344115844735,1.4477272727272812,0.0,1.0,91.68,94.69,93.185,3.2750141445793526,0.029900332225910122,1.7175776524317015,1.102316333891122,40.50894756421811,0.6261189095389741,0.510911548387324,0.6766306678750199,-23.786147255195534,-3.1628515413035236,-26.406926406926356,-28.71572871572862,-126.40692640692636,-2.345941176470589,0.6912442396313314,-1.8026371995098796,-2.4049016159500503,0.6022644164401707,-1.8309517447946961,-2.423813169395578,0.5928614246008819,92.19676993394545
89.79,2020-01-08,91.95,89.79,91.95,5911500,-1.7589862057739083,-2.1810088079257426,0.4220226021518343,92.05,91.33038461538462,91.825445305111,93.58443151088491,0.6597294484911534,0.8532778355879282,-0.1935483870967748,-0.3450512917890761,22.86554834045507,0.29599999999999227,-58.49371999335114,-83.41938257370339,24.925662580352245,93.32,92.38499999999999,92.85249999999999,103.16,99.44166733703472,24.384806341272704,48.63248669584482,65.15159792974426,-144.45416545153947,103.04249999999999,105.455,84.0,4.0,80.0,92.12919264846799,94.69,0.0,1.0,34346.433647989936,2287.4799999999987,4.838516446399207,-31.704658042560933,-0.0,-10455.812002289624,4.6614071715310015,92.74219268232538,50.469665056809575,639.9226756720693,91.804,93.63456712523863,89.97343287476137,3.9879899029206363,-0.050102744726570274,0.0,1.0,92.78033333333333,92.15933333333334,93.40133333333333,-1.3386457618532557,2.907675791733775,0.0,1.0,91.68,94.69,93.185,3.278724238595258,-0.6279069767441882,1.563819887188532,1.4878691175325522,34.782763265601844,0.08131549946799965,0.3053101851380291,0.481264884070691,-24.724689210177097,-17.388017924970253,-78.83211678832119,-56.72470271010415,-178.8321167883212,-2.2588823529411854,-1.8902972027971916,-1.8795713959851523,-2.299835571957071,0.42026417597191856,-1.9761222602043689,-2.334274987557336,0.3581527273529672,92.03274697708346
91.06,2020-01-09,91.16,89.12,89.27,4131400,-1.8445099299704566,-2.1137090323346857,0.26919910236422906,91.80166666666668,91.33153846153846,91.40922295047854,93.253732880449,0.627780523974295,0.7459218981710325,-0.11814137419673754,-0.3306959013923785,23.067727694359785,0.5990000000000038,-56.87871819685151,-76.47240164068648,19.593683443834976,92.925,92.38499999999999,92.655,102.645,93.77750451993188,23.99243238805903,48.63248669584481,71.28719931759046,-215.46004810614846,102.055,104.725,80.0,0.0,80.0,92.12919264846799,94.6352,0.0,0.0,34346.433647989936,2196.4199999999987,4.696655308939317,-35.89116403648082,3601087.19525589,228252.23325241217,3.981930615121605,92.5963957406451,50.579143654867714,639.9226756720693,91.701,93.86235050373706,89.53964949626292,4.7139082534259575,-0.09708038921436576,0.0,1.0,92.47833333333332,91.73133333333334,93.22533333333334,-1.6155135437129418,2.747880410531014,0.0,1.0,91.16,94.69,92.925,3.8494672904330396,-0.5779036827195443,1.544437898469678,1.878793579374722,33.07880680695537,0.0,0.23581146966899125,0.3506777343981147,-26.023380770756273,-25.381286953865814,-57.79036827195443,-54.34313715573399,-157.79036827195443,-2.6004999999999825,-3.235613463626482,-1.977947555552669,-2.2354579686761906,0.2575104131235215,-1.9595520248935645,-2.2593303950245818,0.29977837013101727,91.7532249570086
91.35,2020-01-10,91.98,90.64,91.36,2682400,-1.7692420793555357,-2.0448156417388557,0.27557356238332,91.66333333333334,91.42307692307692,91.29088095809723,93.06012303745277,0.573876794812413,0.8077813802686427,-0.2339045854562296,-0.31683121277666243,23.231196394267954,0.7209999999999894,-53.18068168655328,-70.22846645538476,17.047784768831484,92.925,92.395,92.66,102.5,91.29507922924887,22.54765718959617,55.681187253112476,60.038712190797646,-101.77230237207405,101.22749999999999,103.97,76.0,0.0,76.0,92.12919264846799,94.496192,0.0,0.0,34346.433647989936,2287.7699999999986,3.864302735596572,-10.927854888412192,-987520.525451571,153236.22550145097,5.539964726432194,92.54857548450808,50.524996402844955,639.9226756720693,91.739,93.79511186466215,89.68288813533786,4.4825251303418225,0.2327480039174352,0.0,0.0,92.32966666666667,91.52066666666667,93.13866666666667,-1.752416160930573,1.5442933662958422,0.0,1.0,91.16,94.69,92.925,3.847872769487351,-0.1473087818696872,1.6759941086227101,2.013194636584166,40.232244922260506,0.6297130831225737,0.2370095275301911,0.25937706077907047,-24.988453494328915,-17.93244376713765,-14.73087818696872,-50.451121082414794,-114.73087818696872,-2.451088235294108,-1.7984832069339076,-1.901181753911383,-2.1686027257232294,0.2674209718118463,-1.8997887843855885,-2.1874220728967835,0.28763328851119496,91.73016657505084
90.77,2020-01-13,91.52,90.46,90.76,3509100,-1.704468212584814,-1.9767461559080475,0.2722779433232334,91.49666666666667,91.49153846153845,91.16305311838997,92.86752133097478,0.6789129340714646,0.7725213890286865,-0.09360845495722192,-0.30365257220426034,23.271373227665812,0.14050000000000296,-49.92759867486015,-64.68184489104615,14.754246216186004,92.925,92.925,92.925,101.905,90.77009766405706,21.407299018871534,55.17887552328834,62.9552211303563,-122.42043994255033,100.93,103.97,72.0,92.0,-20.0,92.12919264846799,94.36274431999999,0.0,0.0,34346.433647989936,2196.9999999999986,3.8921396609356296,-11.700818475781967,443758.9511953245,314333.97993587947,5.359706562266258,92.40723099254629,43.41591493455476,638.6518671811053,91.6995,93.82098509304319,89.57801490695681,4.627037427779193,0.20786973614271537,0.0,0.0,92.18733333333333,91.38733333333334,92.98733333333334,-1.7355963581403024,1.5795833333333464,0.0,1.0,91.16,94.69,92.925,3.8495302591617193,-0.19830028328611973,1.5963946977604386,2.175541509673006,39.691168470346796,0.5820824312251858,0.4039318381159198,0.2922509451050341,-24.307537919906487,-19.991895410856973,-19.830028328611974,-30.78375826251171,-119.83002832861197,-2.180294117647051,-2.1630975556997623,-1.8353760153780592,-2.1019573836541956,0.26658136827613643,-1.881883898759561,-2.126314438069339,0.24443053930977787,91.69699884181396
90.57,2020-01-14,90.73,88.62,89.83,4549100,-1.7810759441737503,-1.9376121135611881,0.15653616938743786,91.22833333333334,91.46000000000001,90.7718141770992,92.55289012127295,0.8381215469613262,0.7403314917127075,0.09779005524861872,-0.29470914912391794,23.324666045404072,0.4054999999999893,-48.77878988682838,-60.13903117815851,11.360241291330134,92.71000000000001,92.71000000000001,92.71000000000001,101.725,48.78756329925738,20.691100641777986,55.17887552328834,69.35102830017279,-172.4018525732585,100.84,103.97,68.0,100.0,-32.0,92.12919264846799,94.23463454719999,0.0,0.0,34346.433647989936,2106.4299999999985,3.9975508445652417,-33.83624440781297,854587.611791989,405059.2989335702,3.5174691092483625,92.13114443583785,36.33174550855169,625.6613803845851,91.53450000000001,94.04024120770771,89.02875879229231,5.474965630899169,-0.08156444708554796,0.0,1.0,91.85466666666666,91.08466666666666,92.62466666666667,-1.676561524727475,2.6004329004328888,0.0,1.0,90.73,94.69,92.71000000000001,4.32623764809989,-0.5328282828282835,1.4997552279843942,2.5657172412510683,34.572621634403504,0.13149966847325614,0.4477650609403385,0.36290214219548317,-25.28509741271919,-29.441779028579298,-53.282828282828355,-29.28124493280302,-153.28282828282835,-2.163264705882341,-3.5060975609756087,-1.9243871713136014,-2.0664433411860768,0.14205616987247538,-1.8643267549310425,-2.0739169014416796,0.20959014651063712,91.46355741202991
90.75,2020-01-15,90.92,89.86,90.04,3945100,-1.7218817060263376,-1.8944660320542182,0.17258432602788054,91.05499999999999,91.40961538461539,90.63153507293009,92.35341677895643,0.7312273433454174,0.7131020196789236,0.018125323666493776,-0.2858986516878559,23.358286474341355,0.9410000000000025,-47.90418929899275,-56.738784817382154,8.834595518389406,91.87,92.71000000000001,92.29,101.725,52.75110056836477,19.91078274168256,50.72923028248718,61.71086044942891,-119.73209685729103,100.84,103.97,64.0,96.0,-32.0,92.12919264846799,94.02435647436799,0.0,0.0,34346.433647989936,2197.1799999999985,3.7669783092790476,-12.926780920982615,-193939.3939393957,331837.1833538449,4.787272765307945,91.94684006974408,43.389415136053216,625.6613803845851,91.399,93.95861637750748,88.83938362249252,5.600972390305105,0.1993690121840332,0.0,0.0,91.501,90.714,92.288,-1.7201997792373833,1.542566709021601,0.0,1.0,90.73,94.69,92.71000000000001,4.332651341918395,-0.2196969696969712,1.5797797051859546,2.7562397987556944,40.17207088867774,0.6244159972177898,0.4459993656387439,0.4325654215650008,-24.363866546220546,-8.936902417303317,-21.969696969697118,-31.69418452704582,-121.96969696969713,-1.836382352941186,-2.2623450076136593,-1.8644482966424303,-2.0260443322773476,0.1615960356349173,-1.8142168664258809,-2.02197689443852,0.20776002801263926,91.35481492125126
91.08,2020-01-16,91.92,90.83,91.17,2141900,-1.578502952993162,-1.831273416242007,0.252770463248845,90.92916666666667,91.36961538461539,90.66206813863316,92.24057109162632,0.6955674622503656,0.7359961032635177,-0.04042864101315213,-0.27500133934627685,23.365747930162982,2.0404999999999944,-46.6322153541127,-54.11563222920961,7.483416875096907,91.67,92.71000000000001,92.19,101.725,67.21027142867221,18.5788640586143,54.23439739926026,55.62290713768123,-49.71246006389721,97.32249999999999,103.97,60.0,92.0,-32.0,92.12919264846799,93.82669508590591,0.0,0.0,34346.433647989936,2288.2599999999984,3.2791511297655425,1.540987782014886,-876976.2845849782,269196.0201692036,5.770442139890635,91.83958449836378,50.50684332263061,625.6613803845851,91.3395,93.89392733308358,88.78507266691642,5.593258848764402,0.40027118927964195,0.0,0.0,91.209,90.34700000000001,92.071,-1.8901643478165415,0.7198375870069648,1.0,1.0,90.73,94.69,92.71000000000001,4.335473699768439,0.025252525252523857,1.6278017346673592,2.8434294833874265,44.19544291837873,0.9785911455218538,0.5781689370709665,0.4906444545500163,-22.328444911887228,-6.220631503671112,2.5252525252523856,-24.242424242424367,-97.47474747474762,-1.3990588235294155,-1.6352609919861438,-1.711289223724743,-1.963093310566827,0.2518040868420839,-1.725904970496457,-1.9627625096501076,0.2368575391536505,91.33556310033431
91.55,2020-01-17,91.73,90.87,91.0,2447300,-1.4449896512948754,-1.7540166632525809,0.30902701195770543,90.72000000000001,91.3576923076923,90.69405765576653,92.1390473070614,0.689807976366322,0.7548005908419502,-0.06499261447562821,-0.26254478943741466,23.497358851951468,1.9740000000000038,-44.56867854485642,-51.86291029857039,7.294231753713973,91.67,92.71000000000001,92.19,101.725,80.67855797170267,17.439636702061293,53.49683275379773,56.38641162694298,-52.3456790123456,97.0075,103.97,56.00000000000001,88.0,-31.999999999999993,92.12919264846799,93.64089338075155,0.0,0.0,34346.433647989936,2379.8099999999986,2.1611362905547424,1.8439895274414126,143528.1267067182,229419.56242581413,5.810759215746646,91.75818142944884,50.60235017723743,625.6613803845851,91.326,93.88734652087618,88.76465347912381,5.609238378722785,0.4109843208868122,0.0,0.0,91.026,90.148,91.90400000000001,-1.9291191527695544,0.5888382687927093,1.0,1.0,90.73,94.69,92.71000000000001,4.336114578542796,0.03535353535353555,1.555021561200624,2.927128503139472,44.361605698686255,0.9932183604360079,0.8654085010585505,0.6298589345894202,-20.653557524745214,4.012324750773539,3.5353535353535555,-5.3030303030304,-96.46464646464645,-1.366382352941173,-2.687941743413998,-1.568270666484451,-1.8841287817503518,0.3158581152659008,-1.5962824624869736,-1.8894665002174809,0.2931840377305073,91.32450009642984
89.5,2020-01-21,91.55,89.45,91.24,9623800,-1.4371944473854654,-1.690652220079158,0.25345777269369263,90.39916666666666,91.34115384615384,90.50266417026398,91.93985861764945,0.7584566596194519,0.7389006342494719,0.019556025369979912,-0.2520152303087842,23.427764193646418,1.2775000000000034,-42.6902123625698,-49.894978222108456,7.204765859538654,91.34,92.71000000000001,92.025,101.725,90.33927898585134,16.246391745729376,53.84800531167818,54.64456570257619,-72.20683287165313,96.6425,103.97,52.0,84.0,-32.0,92.12919264846799,93.46623977790645,0.0,0.0,34346.433647989936,2290.3099999999986,2.6788947571700317,-16.575151833621668,-10391.061452511976,308899.8274387306,4.412167821447097,91.59314655082773,43.4438890542133,615.8843454979766,91.2225,93.9083881212747,88.5366118787253,5.888652736495274,0.17003465521140554,0.0,0.0,90.91633333333333,90.15433333333333,91.67833333333333,-1.676266457438892,1.4621609798775088,0.0,1.0,90.73,94.69,92.71000000000001,4.341034284304852,-0.32323232323232404,1.467519405080561,3.13509857583067,39.827794986647625,0.5941095856409085,0.8553063638662568,0.7662946006652579,-20.551253165003782,-3.3103697230198628,-32.3232323232324,-8.754208754208827,-132.32323232323242,-1.2709705882352864,-4.126473740621645,-1.5631897514247113,-1.8199409756852238,0.25675122426051256,-1.6553094407320132,-1.8426350883203875,0.18732564758837422,91.28529711631246
89.87,2020-01-22,90.75,89.69,89.96,3153500,-1.3955635104492075,-1.6316344781531682,0.23607096770396074,90.165,91.28115384615384,90.37763891330029,91.7732024237495,0.8580858085808596,0.7095709570957099,0.14851485148514965,-0.24225429634148649,23.330252460316405,-0.2220000000000084,-41.08774340405734,-47.96098082329804,6.873237419240695,91.045,92.71000000000001,91.8775,101.725,95.16963949292567,15.579238600501219,51.487056980332866,59.12628863140195,-97.12867777383941,96.6425,103.97,48.0,80.0,-32.0,92.12919264846799,93.30206539123206,0.0,0.0,34346.433647989936,2380.1799999999985,2.689287579053834,-11.126015857390069,914209.4135974249,407362.95142205025,4.653294707975884,91.32736209567626,36.15397055346838,615.8843454979766,91.102,93.83542715286224,88.36857284713777,6.000806025909934,0.2417161824632003,0.0,0.0,90.67066666666666,89.90766666666667,91.43366666666667,-1.6830139846771424,1.142638706858895,0.0,1.0,90.73,94.69,92.71000000000001,4.34677614102873,-0.2626262626262646,1.4507674645725044,3.3012423383305083,40.926687046273855,0.6955614750051216,0.7609631403606792,0.8272260017618288,-20.148049256751115,-12.492447278489767,-26.262626262626462,-18.350168350168442,-126.26262626262647,-1.2209705882352893,-3.03783783783784,-1.520665590381596,-1.7600858986244983,0.23942030824290228,-1.6511540403705358,-1.8043388787304173,0.1531848383598815,91.22859856505357
87.94,2020-01-23,89.55,87.91,89.2,3679600,-1.489037123841598,-1.6031150072908542,0.11407788344925618,89.9175,91.12692307692308,89.99800215740794,91.48703928124954,0.9700460829493106,0.7079493087557611,0.2620967741935495,-0.23669154554771468,23.258216175936962,0.8874999999999886,-39.93468549830486,-46.07831052345952,6.1436250251546625,90.455,92.12,91.2875,101.46000000000001,60.573904740498634,15.56665913617673,50.82824045960087,69.3375248136142,-149.97474399595964,96.6425,103.97,44.0,100.0,-56.0,92.12919264846799,93.14774146775814,0.0,0.0,34346.433647989936,2292.2399999999984,2.578904491394003,-31.89847073490579,390038.66272457736,435222.85590237717,2.9080254471887237,90.94493489071597,28.83529755158132,603.6614205901117,90.88250000000001,93.88743510745317,87.87756489254684,6.612791477904248,0.005396973028253493,0.0,0.0,90.43633333333334,89.63833333333334,91.23433333333332,-1.764777430899811,2.0829156223893173,0.0,1.0,89.55,94.69,92.12,5.655654278876572,-0.31906614785992227,1.3546907181152534,3.5575927595140286,35.71683363705539,0.23380961190697247,0.5078268908510007,0.7080321316926456,-21.40307756879392,-25.7145389005936,-47.39884393063574,-35.328234172164876,-147.39884393063573,-1.4438823529411735,-3.268045774647886,-1.6275935209401615,-1.733587423087631,0.1059939021474694,-1.7991057719636363,-1.8032922573770611,0.004186485413424812,91.12242897231839
87.71,2020-01-24,88.65,87.34,88.0,4061100,-1.5907724377662333,-1.6006464933859301,0.009874055619696787,89.54833333333333,90.92576923076923,89.58907874857594,91.17985118634218,0.9382369455362167,0.6586187535092644,0.2796181920269524,-0.23495377857096927,23.288617905228527,-0.8364999999999867,-38.83568961393843,-44.4844225153912,5.6487329014527745,89.945,91.67,90.8075,100.48,30.286952370249317,15.969855898840743,50.381926632952414,77.50950808241697,-175.60873872464677,96.6225,103.97,40.0,100.0,-60.0,92.12919264846799,92.85992215033748,0.0,0.0,34346.433647989936,2204.5299999999984,2.632592727337415,-34.48364634420488,778132.4820431013,429752.01301334816,2.339322227987279,90.5877115794459,29.070570012182003,599.7473378948966,90.6265,93.90973788355407,87.34326211644591,7.24564643576455,-0.0004967834439061278,0.0,1.0,90.251,89.577,90.925,-1.4936122591439418,2.659495548961422,0.0,1.0,88.65,94.69,91.67,6.664717273645119,-0.2168874172185437,1.2932216463037292,3.7759116442487337,34.21482386427044,0.10068574900751397,0.34335227863986933,0.5373807699505164,-22.899020178477837,-17.05402631609562,-33.08080808080819,-35.580759424690136,-133.08080808080817,-2.046558823529409,-4.827285605317634,-1.74465347011283,-1.735800632492671,-0.008852837620159093,-1.9165488873016574,-1.8259435833619806,-0.0906053039396768,91.00806172770537
88.4,2020-01-27,88.88,86.19,86.73,2805500,-1.7440890234591109,-1.6293349994005664,-0.11475402405854451,89.24833333333333,90.70153846153848,89.06614355648735,90.81023257994646,0.9023861171366611,0.6811279826464208,0.22125813449024023,-0.23785666736340985,23.767498382538292,-1.2239999999999895,-40.11961587789054,-43.394646649061244,3.275030771170705,89.945,91.67,90.8075,99.24000000000001,15.143476185124658,16.34425289274304,50.381926632952414,77.50950808241697,-182.031857957343,96.495,103.97,36.0,96.0,-60.0,92.12919264846799,92.43892993530373,0.0,0.0,34346.433647989936,2116.1299999999983,2.710778902642603,-44.08026829503282,1264705.8823529438,410607.3348260466,1.1753652781361146,90.26259028047353,29.282295522322244,599.7473378948966,90.344,94.09931836200403,86.58868163799596,8.313376343761696,-0.053082268873631024,0.0,1.0,89.845,89.018,90.672,-1.8409482998497373,2.7097944377267287,0.0,1.0,88.65,94.69,91.67,6.685557424953503,-0.4072847682119224,1.3178994816733556,4.0480068753094605,31.350319750930836,0.0,0.11149845363816215,0.32089254104301074,-25.07912049604682,-35.209502315531104,-62.12121212121242,-47.53362137755213,-162.12121212121244,-2.6713529411764796,-4.0093551620447805,-1.920586451448266,-1.7727577962837902,-0.14782865516447585,-1.9270784404259678,-1.8461705547747782,-0.08090788565118956,90.42232665461204
86.76,2020-01-28,88.91,86.64,88.52,3821200,-1.808435761270232,-1.6651551517744996,-0.1432806094957324,89.04166666666667,90.52846153846154,88.69289070164315,90.50132646291338,0.8873994638069722,0.6938337801608578,0.19356568364611437,-0.24238868545373748,24.04540417741352,0.5609999999999928,-40.00525508743562,-42.41980944912872,2.4145543616930993,89.945,91.67,90.8075,99.24000000000001,7.571738092562329,15.508206916552258,55.89875334225971,61.33808448651893,-127.0868191113586,96.51750000000001,103.97,32.0,92.0,-60.0,92.12919264846799,92.06003694177336,0.0,0.0,34346.433647989936,2202.8899999999985,3.1565598223377425,-32.20565853859953,-409059.47441217053,422297.2561305244,1.6283412614288502,89.93784546442872,28.735063584332494,602.8786327324963,90.07900000000001,94.08599338656863,86.07200661343138,8.89662049216493,0.07087525880034157,0.0,0.0,89.55600000000001,88.76599999999999,90.346,-1.7642592344455004,2.3455696202531477,0.0,1.0,88.65,94.69,91.67,6.705225413248361,-0.3327814569536437,1.45810953350602,4.209728732680803,33.68977634164747,0.1798021041202478,0.09349595104258725,0.18278222777353959,-26.18647264497045,-37.35911020855827,-60.90909090909112,-52.03703703703726,-160.9090909090911,-3.1104411764705873,-2.78276481149013,-1.9982422710802064,-1.8178546912430735,-0.18038757983713283,-2.060058578922572,-1.8889481596043372,-0.17111041931823467,90.07815857210437
86.11,2020-01-29,87.4,86.04,87.13,2028400,-1.8861041654097903,-1.709344954501558,-0.17675921090823232,88.65833333333335,90.31769230769231,88.28475367062113,90.17085783603092,0.8783151326053061,0.6968278731149243,0.1814872594903818,-0.24865603817663842,24.017530125992067,0.695999999999998,-39.266553197097366,-41.460072104473674,2.1935189073763084,89.32,91.045,90.1825,98.61500000000001,3.7858690462811646,15.484418916171393,53.376613674337,72.4747832922271,-153.9665555082296,96.51750000000001,103.97,28.000000000000004,100.0,-72.0,92.12919264846799,91.71903324759603,0.0,0.0,34346.433647989936,2116.7799999999984,3.5092018994033554,-34.98570731879953,454651.02775521274,454772.329541611,1.032011621539659,89.63360358060346,28.917250107062785,598.7035729490302,89.764,93.99476541538345,85.53323458461654,9.426419088684684,0.059890512192051944,0.0,0.0,89.269,88.542,89.99600000000001,-1.6287849085348864,2.7207702888583096,0.0,1.0,87.4,94.69,91.045,8.121295842431255,-0.18655692729766815,1.3882985801554184,4.322511306502435,32.11814615290733,0.059012337831907416,0.07960481398405173,0.09486640622160036,-27.58076120203289,-40.0972279209402,-34.34343434343438,-52.45791245791264,-134.34343434343438,-3.5668235294117636,-5.075022065313322,-2.0917003682492763,-1.8726238266443143,-0.21907654160496204,-2.2008343728883215,-1.9513254022611342,-0.24950897062718735,89.82949375426186
87.61,2020-01-30,87.75,85.37,85.7,2497000,-1.9789087080785492,-1.7632577052169565,-0.21565100286159278,88.23416666666667,90.05884615384615,87.8363300289871,89.81523873706566,0.8129790495656631,0.6760347470618288,0.13694430250383438,-0.25680092140640465,24.352301420982187,-0.7434999999999974,-39.111828617407355,-40.62447357817308,1.5126449607657264,89.32,91.045,90.1825,98.61500000000001,1.8929345231405823,15.462330058674876,53.376613674337,72.4747832922271,-156.60761351883377,96.51750000000001,103.97,24.0,96.0,-72.0,92.12919264846799,91.20074925788451,0.0,0.0,34346.433647989936,2029.1699999999985,3.4911921629179807,-38.37327770182819,1263554.3887684015,287805.7005067904,0.3497859125670836,89.38231888231984,29.078584435623483,598.7035729490302,89.3635,93.66514282571262,85.06185717428738,9.627292632255047,0.03581687720220871,0.0,0.0,88.869,88.025,89.713,-1.8994249963429184,2.5728672985782106,0.0,1.0,87.4,94.69,91.045,8.157693017842846,-0.27846364883401964,1.420468722139876,4.45132056971511,30.412040096431284,0.0,0.07960481398405173,0.08423519300356357,-29.26514088129903,-31.604759567993625,-51.26262626262637,-48.83838383838397,-151.26262626262638,-3.89314705882353,-5.626796374087983,-2.20331063626275,-1.9387611885680016,-0.26454944769474853,-2.153308593991511,-1.9917220406072096,-0.1615865533843015,89.09011204585828
87.07,2020-01-31,87.55,86.23,87.42,2704700,-1.9604631650631603,-1.8026987971861974,-0.1577643678769629,88.03500000000001,89.82538461538462,87.58920233221986,89.54966549728302,0.8491265219692975,0.6548438327157216,0.19428268925357595,-0.26358331765218074,24.49005713446835,0.8499999999999943,-38.20015511060912,-39.91685986325671,1.716704752647594,89.32,91.045,90.1825,98.61500000000001,0.9464672615702912,14.394027073511868,58.859191489296656,59.457980815458725,-111.39809247077496,96.51750000000001,103.97,20.0,92.0,-72.0,92.12919264846799,90.74465934693836,0.0,0.0,34346.433647989936,2116.2399999999984,4.440335016919363,-22.194209458709885,-113471.91914551085,350237.7438143661,1.2269113664735998,89.07787716044922,28.59168817789967,604.7347908562126,89.01,93.11716934153011,84.9028306584699,9.228557109381216,0.1615673997307933,0.0,0.0,88.445,87.663,89.227,-1.7683306009384443,1.9162404092071523,0.0,1.0,87.4,93.01,90.20500000000001,6.302662622177283,-0.20855614973262065,1.4964218499258877,4.589296515909243,35.172237049020694,0.3412433826484114,0.1334185734934396,0.09754273382051436,-29.337045050666443,-26.985415255794628,-30.46875000000013,-38.69160353535363,-130.46875000000014,-3.940264705882356,-2.6969081471451144,-2.1892467762737113,-1.9888583061091436,-0.20038847016456773,-2.1407001443552747,-2.021517661356823,-0.1191824829984518,88.58428182681709
87.51,2020-02-03,88.25,87.14,87.56,1906000,-1.8510774756344262,-1.8123745328758432,-0.03870294275858299,87.80833333333334,89.62076923076923,87.52009428110911,89.37117175674354,0.7403894158761873,0.6510234648027948,0.08936595107339251,-0.2667432252675366,24.72971254885955,2.087999999999994,-41.236807851531665,-39.75537047314137,-1.4814373783902965,88.68,91.045,89.86250000000001,98.61500000000001,4.033877858166758,13.408996230136813,53.47026970029144,52.8286544261776,-77.353441984919,96.6925,103.97,16.0,88.0,-72.0,92.12919264846799,90.34330022530575,0.0,0.0,34346.433647989936,2203.7499999999986,4.4174624245327845,-7.647308107465658,-331162.15289681207,294886.2363792136,2.150419426313557,88.84320970463794,35.69128687240932,604.7347908562126,88.742,92.59490851176159,84.88909148823842,8.683393459154816,0.29210510772450765,0.0,0.0,88.09,87.312,88.86800000000001,-1.7663752979907046,1.110539845758352,0.0,1.0,87.4,92.61,90.005,5.870951747763171,-0.04990403071017379,1.5487796649332985,4.643996990738229,39.86016245385309,0.6773058478533915,0.33951641016726763,0.18417993254825302,-28.0174528118468,-10.03214732020462,-6.770833333333486,-29.50073653198667,-106.77083333333348,-3.793058823529421,-3.0269307812152224,-2.0712243548432077,-2.0053315158559566,-0.06589283898725107,-2.067496084753263,-2.0307133460361113,-0.03678273871715154,88.43250607369015
88.31,2020-02-04,89.54,87.86,88.25,1588100,-1.6868456394650906,-1.787268754193693,0.10042311472860233,87.56083333333333,89.4676923076923,87.57238746863078,89.25923310809587,0.6027522935779828,0.6876146788990816,-0.0848623853210988,-0.26529242393709696,24.985326571019293,2.2790000000000106,-41.9887931348563,-39.855487109896806,-2.133306024959495,88.30000000000001,91.045,89.67250000000001,98.61500000000001,19.291539795646777,12.887351777032634,54.2619569304471,48.01684028110127,-35.20489807277535,96.6925,103.97,12.0,84.0,-72.0,92.12919264846799,89.99010419826907,0.0,0.0,34346.433647989936,2292.0599999999986,4.406072364130982,2.528478765029421,-1446155.5882686093,130547.43637488507,2.8800866285169078,88.75781169785861,42.89485681318341,604.7347908562126,88.591,92.33199933173007,84.85000066826991,8.445551651364317,0.40229883312195985,0.0,0.0,87.87033333333333,86.99433333333333,88.74633333333334,-1.9938469942453192,0.5058980213089813,1.0,1.0,87.4,92.61,90.005,5.880958562382177,0.08829174664107377,1.6339016984399692,4.527077725277619,43.350682424137446,0.9275301250681677,0.6486931185233235,0.37387603406134357,-25.865266500448797,-0.12301639644878233,11.979166666666538,-8.420138888889033,-88.02083333333346,-3.631764705882347,-3.2698447649455016,-1.8898276186422809,-1.9822307364132217,0.09240311777094079,-1.9147525694805596,-2.0075211907250012,0.09276862124444163,88.41292344022496
88.71,2020-02-05,89.08,88.13,88.84,1315000,-1.517412199281523,-1.7332974432112591,0.21588524392973607,87.3325,89.32115384615385,87.65817401191836,89.17558621119989,0.6346525096525111,0.7109073359073346,-0.0762548262548235,-0.2597109103564311,24.961245027862784,1.0409999999999968,-42.272695024485074,-40.115265946139054,-2.15742907834602,88.12,91.045,89.58250000000001,98.61500000000001,44.13818690059685,12.728267929486218,54.73554243899994,44.1899129001961,-23.298626829636472,96.6925,103.97,8.0,80.0,-72.0,92.12919264846799,89.67929169447677,0.0,0.0,34346.433647989936,2380.7699999999986,4.5956079259455045,5.588938941453739,-17585.39059857865,143144.15089922916,3.1526987386921896,88.64139374163724,42.72564463362592,604.7347908562126,88.409,91.85629981289777,84.96170018710224,7.798526875991738,0.4595335457977637,0.0,0.0,87.72533333333334,86.90433333333333,88.54633333333334,-1.8717512235158336,0.25355257815672266,1.0,1.0,87.4,91.95,89.67500000000001,5.1465348550486905,0.1604395604395583,1.5925115285959721,4.486524356525526,44.648090027605456,1.0,0.8682786576405196,0.6188293954437035,-23.711743571756774,4.833112263003625,19.010416666666455,8.072916666666496,-80.98958333333354,-3.136147058823539,-3.015296577528347,-1.7016004758160432,-1.9261046842937861,0.22450420847774288,-1.7372218246032893,-1.953461317500659,0.21623949289736966,88.40352820679965
87.94,2020-02-06,88.98,87.87,88.98,1815700,-1.3881134960119965,-1.6642606537714066,0.2761471577594101,87.20083333333334,89.14923076923077,87.69076262546938,89.07887612148137,0.6663249615581763,0.6658124038954368,0.000512557662739499,-0.25163870421169243,24.79613976989417,1.3769999999999953,-42.06421271019607,-40.47399073461212,-1.590221975583944,88.19,91.045,89.6175,98.61500000000001,67.86996244923003,12.65867444321535,52.08428879038327,41.12813822290273,-21.960068234784305,96.6925,103.97,4.0,76.0,-72.0,92.12919264846799,89.40577669113956,0.0,0.0,34346.433647989936,2292.8299999999986,4.600382731015229,1.524176235531891,0.0,205785.31408387047,2.893259274264645,88.4425955135939,35.31677264450781,602.9507100026711,88.313,91.70765521076957,84.91834478923043,7.687781438224431,0.43475036896316055,0.0,0.0,87.69766666666666,86.91166666666666,88.48366666666666,-1.7925220359340646,0.39037319762510103,1.0,1.0,87.4,91.36,89.38,4.484051045712402,0.11868686868686859,1.5182603757363757,4.513842495874969,43.612269040847266,0.9272395789726795,0.951589901346949,0.8228538925035972,-22.188633410738912,0.8130691161069318,12.239583333333337,14.409722222222102,-87.76041666666666,-2.5166176470588226,-1.766349916154274,-1.5582970468991502,-1.8525431568148591,0.294246109915709,-1.64772108738271,-1.8923132714770692,0.24459218409435923,88.40104339119836
87.14,2020-02-07,87.89,86.66,87.89,1286500,-1.3675163524702185,-1.604911793511169,0.23739544104095045,86.94833333333332,88.89076923076922,87.53218376001254,88.89970011248276,0.7069243156199694,0.7257112184648407,-0.018786902844871278,-0.24434942576161295,24.676341413342296,-0.28000000000000114,-43.19906551372382,-40.81615180526026,-2.382913708463562,88.19,91.045,89.6175,98.61500000000001,83.93498122461502,11.850921857673027,51.99300561092273,50.60775352157554,-69.7359673283309,96.6,103.97,0.0,72.0,-72.0,92.12919264846799,89.16508348820281,0.0,0.0,34346.433647989936,2205.6899999999987,4.551143731804137,-13.756334655258478,-0.0,195533.30503339058,1.6933116243272248,88.16929271833878,35.55320200916671,594.6478721842662,88.19,91.63665054799657,84.74334945200343,7.816420337899012,0.27804538367120757,0.0,0.0,87.646,86.925,88.367,-1.6452547748899062,1.1837725381414697,0.0,1.0,87.4,91.36,89.38,4.490305023245259,-0.18686868686868946,1.3684343381627377,4.546857138459288,39.06954008325512,0.6081391979291672,0.8451262589672822,0.8883316059849169,-22.110772898873368,-4.720944148603269,-19.270833333333623,3.9930555555553817,-119.27083333333363,-2.305029411764707,-3.378303043817595,-1.5382688026393017,-1.7896882859797478,0.25141948334044617,-1.631234366456849,-1.8400974904730254,0.20886312401617646,88.37505024918853
87.18,2020-02-10,87.42,86.77,87.18,1201900,-1.3270198285845254,-1.5493334005258403,0.22231357194131496,86.85333333333334,88.63961538461537,87.41492472001062,88.74194454859514,0.7156600748262963,0.7183324425440927,-0.002672367717796331,-0.23719845401213766,24.515578140578516,-0.6564999999999941,-43.74484622098155,-41.231661931209814,-2.5131842897717362,88.19,90.20500000000001,89.1975,98.61500000000001,91.9674906123075,11.20797583275224,49.560906372559636,52.46841293729596,-81.07429718875538,96.81,103.97,0.0,68.0,-68.0,92.12919264846799,88.98,0.0,0.0,34346.433647989936,2292.8699999999985,4.607847066919994,-10.421172561650131,162422.57398485442,207877.13613605962,1.803971675100363,87.90724583285841,35.726539120184285,594.6478721842662,87.9965,91.30291966483462,84.69008033516538,7.514889034983485,0.3145274761935963,0.0,0.0,87.63166666666667,87.10166666666666,88.16166666666668,-1.2096083987904103,1.3128930817609983,0.0,1.0,87.4,91.24,89.32,4.363809924258339,-0.16406250000000297,1.3075909043464644,4.490638287719165,39.684615320822665,0.6513446685857888,0.728907815162545,0.8418746584922587,-21.87724006349197,2.5254324519312625,-24.609375000000494,-10.546875000000268,-124.6093750000005,-2.2802941176470313,-1.296780798543966,-1.495369337842094,-1.7308244963522172,0.23545515851012322,-1.5965196633228733,-1.791381925042995,0.19486226172012167,88.35110280271299
88.19,2020-02-11,88.71,87.3,87.3,1708200,-1.2378898474366622,-1.487044689908005,0.24915484247134279,86.85000000000001,88.43961538461538,87.39724399385514,88.6351338412918,0.6160206718346256,0.7483204134366908,-0.13229974160206515,-0.22884792322098554,24.434345176397027,-1.6484999999999985,-43.46137475886101,-41.69775321585021,-1.7636215430107995,88.2,90.005,89.10249999999999,91.58000000000001,95.98374530615375,10.528192993008117,48.24624508764236,49.90601559507284,-43.83677623609052,93.3725,103.97,4.0,64.0,-60.0,92.12919264846799,88.7904,0.0,0.0,34346.433647989936,2381.0599999999986,4.5726177992307795,-2.2551907671286724,-1127168.613221437,62064.419934712336,2.34264517976787,87.73427530205939,43.03884255893782,594.6478721842662,87.8385,90.95551957003885,84.72148042996115,7.097160288572435,0.4136194066318795,0.0,0.0,87.60633333333332,86.97433333333333,88.23833333333333,-1.4428180610990788,0.7423523206751074,1.0,1.0,87.4,91.24,89.32,4.371659352106411,-0.02604166666666896,1.3708318139118176,4.377194226115107,42.68666145314227,0.8622210104666718,0.7072349589938759,0.7604230110412343,-20.851072506011775,1.0554392634668377,-5.555555555556038,-16.478587962963392,-105.55555555555604,-2.3019705882352923,-0.04579803068468771,-1.3966130514940065,-1.6639822073805752,0.26736915588656873,-1.4599245394752545,-1.725090447929447,0.26516590845419263,88.33354560182318
89.52,2020-02-12,89.63,88.25,88.49,1370600,-1.078168183033796,-1.4052693885331633,0.3271012054993674,87.02166666666666,88.33846153846154,87.52843722556973,88.60660540860353,0.4997640396413405,0.7739499764039625,-0.274185936762622,-0.2175446336491767,24.49112187816187,-1.1800000000000068,-40.81244022234971,-41.88671006084381,1.0742698384941036,88.2,90.005,89.10249999999999,91.045,97.99187265307688,10.435438155052765,53.71225422700746,44.635156740214555,14.399699615132056,93.10499999999999,103.97,0.0,60.0,-60.0,92.12919264846799,88.623552,0.0,0.0,34346.433647989936,2470.5799999999986,4.458369114266806,10.216122199604031,-1343498.6595174267,-61759.674511145095,3.316803255369241,87.728711839934,50.36332979021316,594.6478721842662,87.82000000000001,90.92260535679374,84.71739464320628,7.065828642208451,0.5692965992369007,0.0,0.0,87.79966666666668,87.08066666666667,88.51866666666666,-1.6378194298383684,0.18683356513676166,1.0,1.0,87.4,91.24,89.32,4.372580277841026,0.2213541666666658,1.4667486325206356,4.171455353952812,47.71050521360101,1.0,0.8378552263508201,0.7579993335024137,-18.50537741873055,5.301572966112125,53.79746835443008,7.877512599624507,-46.20253164556992,-2.1277058823529416,2.3900684534168724,-1.2168033952569273,-1.5745464449558457,0.35774304969891846,-1.2160005931916735,-1.6232724769818925,0.40727188379021895,88.3274748370276
89.27,2020-02-13,89.46,88.04,89.21,1200400,-0.957495446729169,-1.3157146001723645,0.35821915344319555,87.13833333333334,88.19500000000001,87.60713919086669,88.56463463759586,0.4367497691597422,0.7765466297322243,-0.33979686057248215,-0.20476218909574012,24.591508681794952,-1.688999999999993,-37.395679861972944,-41.797323922106465,4.4016440601335205,88.315,89.67500000000001,88.995,91.045,98.99593632653844,10.77332120598488,55.501381688101546,40.88379736634089,26.15453594380422,93.10499999999999,103.97,0.0,56.00000000000001,-56.00000000000001,87.4,88.623552,1.0,0.0,34346.433647989936,2381.3099999999986,4.913033721162422,6.07857617108925,-77013.55438557146,-122841.53425605029,3.1043760599018277,87.79487010593196,57.61256653094427,593.2328460861507,87.729,90.69048543808765,84.76751456191235,6.751440089565934,0.5525074336007595,0.0,0.0,88.06266666666667,87.52366666666667,88.60166666666666,-1.2241282722909315,0.5210265924551568,1.0,1.0,87.4,91.24,89.32,4.377115890982445,0.1666666666666673,1.4410737692685713,3.9674433616299445,46.735278420450065,0.9436235072565499,0.9352815059077404,0.8267905637508122,-16.81120238791837,0.5945661552515372,35.35911602209971,27.867009606991243,-64.64088397790029,-1.94670588235293,1.6158818097876333,-1.0811261748520897,-1.4758623909350945,0.3947362160830048,-1.03360906694327,-1.505339794974168,0.471730728030898,88.29595215780931
88.68,2020-02-14,88.95,88.01,88.89,1690300,-0.8544328134793346,-1.2234582428337586,0.36902542935442395,87.3025,88.12653846153846,87.6691177768872,88.52355059036654,0.38563956252971965,0.7703281027104123,-0.38468854018069265,-0.19119209021485484,24.251836022050597,-2.2179999999999893,-34.927841132293175,-41.096327619968854,6.168486487675679,88.315,89.38,88.8475,91.045,99.49796816326922,10.696194633413333,51.383554415622946,42.30209035575635,19.397235440743742,92.85249999999999,103.16,4.0,52.0,-48.0,87.4362,88.623552,0.0,0.0,34346.433647989936,2292.6299999999987,6.345404855476705,4.830151003790772,28078.484438430838,-211172.06267851547,3.0741579772121446,87.89208157181572,57.53574463134809,593.0306995007057,87.588,90.19250071990875,84.98349928009124,5.947163355502481,0.581013607862392,0.0,0.0,88.21766666666667,87.68566666666666,88.74966666666667,-1.2061076201667924,0.6951754385964847,1.0,1.0,87.4,91.24,89.32,4.384162214001906,0.15885416666666696,1.3879663923417138,3.6200924076540626,46.58877103879127,0.9351541210615066,0.9595925427726854,0.9109097583437485,-15.439459528339317,0.6295605417414951,33.70165745856373,40.9527472783645,-66.29834254143627,-1.6118823529411657,2.2896327289632716,-0.9652039573436599,-1.3737307042168077,0.4085267468731477,-0.9320771743292343,-1.3906872708451814,0.4586100965159471,88.27500778467815
91.08,2020-02-18,91.17,88.9,88.9,2078300,-0.6929514590701586,-1.1173568860810388,0.42440542701088013,87.59666666666665,88.11807692307691,87.85848427275072,88.55143573182087,0.36329762459245474,0.7591988821611542,-0.3959012575686994,-0.1753542509961391,24.45558741852994,-1.2594999999999885,-31.769307637754768,-39.960829231402016,8.191521593647249,88.315,89.38,88.8475,91.045,99.7489840816346,10.631042752479757,47.503400004601374,39.03629694786225,103.48644161593799,92.655,102.645,0.0,48.0,-48.0,87.471676,88.623552,0.0,0.0,34346.433647989936,2383.7099999999987,6.328349310544432,15.720300860392097,-2778930.6104523498,-380448.57239567116,3.995203312969447,88.01306398124743,57.74253230064272,593.0306995007057,87.48949999999999,89.71089123073924,85.26810876926075,5.07807503926584,0.8174812208857558,0.0,0.0,88.41833333333334,87.72833333333334,89.10833333333333,-1.560762285348056,0.1509661835748763,1.0,1.0,87.4,91.24,89.32,4.389098120345858,0.3906250000000011,1.5651697531075421,3.3996000415096437,51.45113220323407,1.0,0.9595925427726854,0.9514888638177036,-12.85844526840868,7.733125547478154,82.87292817679612,50.64456721915318,-17.127071823203874,-0.9913529411764728,4.134942017102028,-0.7825411901493847,-1.255492801403323,0.47295161125393836,-0.626075741190359,-1.237764964914217,0.611689223723858,88.32026910681746
91.99,2020-02-19,92.55,90.52,91.11,2154500,-0.42930707645247423,-0.9797469241553259,0.5504398477028517,87.95416666666667,88.11346153846155,88.26794823078907,88.69725530724155,0.24958949096880154,0.7729885057471261,-0.5233990147783245,-0.1547769043060285,24.73703851785006,-0.4029999999999916,-27.220940888590246,-38.288412105191476,11.06747121660123,89.265,89.32,89.29249999999999,91.045,99.8744920408173,11.811729387957643,56.48669910474883,32.35634565052954,221.32383496586428,92.66,102.5,20.0,44.0,-24.0,87.50644248,88.623552,0.0,0.0,34346.433647989936,2475.6999999999985,5.778562644802074,34.763657880335955,-2809870.6381128253,-613628.6913862453,5.671511524443007,88.34408184163844,64.92680106005875,593.0306995007057,87.54299999999999,89.99069360827804,85.09530639172195,5.591980188657104,1.108123498368394,1.0,0.0,88.70266666666666,87.99766666666667,89.40766666666667,-1.5895801704571038,-0.7888888888888849,1.0,0.0,87.4,91.11,89.255,4.237917366322829,0.8409703504043115,1.7736527777967872,3.0885695425792723,58.80288848697148,1.0,0.9783847070205022,0.9658565975219576,-8.183876057221683,21.339885572233705,84.01084010840098,66.86180858125361,-15.989159891599018,-0.17988235294119193,4.97506668212918,-0.4840139359052119,-1.101197028303701,0.617183092398489,-0.2984562642883476,-1.0499032247890432,0.7514469605006956,88.55686289377353
93.22,2020-02-20,93.61,91.8,91.91,1979500,-0.1157474367782072,-0.8069470266799023,0.691199589901695,88.34249999999999,88.16499999999999,88.81134081066767,88.92708824744588,0.195027195027195,0.8045843045843039,-0.6095571095571088,-0.12877227691183704,25.059810043434656,0.2115000000000009,-21.570837276448717,-36.01137039033066,14.440533113881944,89.66499999999999,89.655,89.66,91.045,99.93724602040865,13.271458824302922,56.59755351317273,28.995542110997462,256.1069710903224,92.925,101.905,100.0,40.0,60.0,87.6505847808,88.623552,0.0,0.0,34346.433647989936,2568.9199999999983,5.741634966086978,46.843363897430834,-1695987.9854108584,-825024.5752561924,6.989690932308676,88.7961891192611,72.09508106919186,593.0306995007057,87.6485,90.58944729636646,84.70755270363354,6.710776103108347,1.205809996175242,1.0,0.0,89.07833333333335,88.22733333333333,89.92933333333333,-1.910677867794261,-1.0990990990990992,1.0,0.0,87.4,91.91,89.655,5.145552975806764,0.9756097560975611,1.9052875000171088,2.6310734773611086,63.50530766954676,1.0,1.0,0.9793257499310625,-2.5313238462012286,25.670899754164115,97.55011135857463,88.1446265479239,-2.44988864142538,0.5973235294117529,5.3477163185678185,-0.1301599310843641,-0.9069896088598336,0.7768296777754695,0.06988215719957463,-0.8259461483913197,0.8958283055908944,89.01587106878483
93.89,2020-02-21,94.08,92.4,92.71,2279000,0.17910125455381376,-0.609737370433159,0.7888386249869728,88.72083333333335,88.31038461538462,89.36344222441112,89.1843409698573,0.21633126934984542,0.813854489164086,-0.5975232198142406,-0.09864943721670003,25.327856043014798,0.2569999999999908,-13.9378992876382,-32.760129698543366,18.822230410905167,90.065,90.055,90.06,91.045,99.96862301020431,14.965457138757841,58.734273868443964,27.017056202459134,234.44959281100736,92.71000000000001,101.725,100.0,36.0,64.0,87.906149693952,88.623552,0.0,0.0,34346.433647989936,2662.809999999998,5.384730523875315,48.19916905494083,-926562.9992544467,-883102.5095496877,7.603351063027649,89.23624858630775,72.38387168610961,593.0306995007057,87.873,91.47150580102425,84.27449419897576,8.190242283805595,1.1290110743619584,1.0,0.0,89.52366666666667,88.53566666666667,90.51166666666666,-2.207237564740778,-0.9556342780027146,1.0,0.0,87.4,92.71,90.055,6.0428117851899765,0.9416195856873845,1.942758750015398,2.2494830016406957,65.49359979433049,1.0,1.0,0.9927949023401673,2.792549936216212,24.95328573598659,94.13988657845012,91.90027934847524,-5.860113421549878,1.4474117647058762,5.167311632142051,0.20082141394569117,-0.6854274042987287,0.8862488182444199,0.41506964639728444,-0.577742989433599,0.9928126358308835,89.64638313650617
91.04,2020-02-24,92.72,90.1,92.34,2805300,0.22459124058826774,-0.4428716482288737,0.6674628888171414,88.88499999999999,88.31961538461539,89.47675880527095,89.25216756468268,0.3032311516155757,0.837199668599834,-0.5339685169842583,-0.07189307908215482,25.41431235513818,-0.14099999999999113,-7.900040872388364,-28.777373548699682,20.87733267631132,90.71,90.055,90.3825,91.045,99.98431150510216,15.427593331174416,58.734273868443964,37.99911913133279,135.37252722655583,92.29,101.725,96.0,32.0,64.0,88.29045771843585,88.623552,0.0,0.0,34346.433647989936,2571.769999999998,5.879551756686404,11.40043061852057,361050.0878734557,-833658.7780660974,5.337203876880456,89.5267636023012,65.12580584617962,578.2691128248223,88.011,91.72693272275012,84.29506727724987,8.44424611184994,0.7810868974040454,0.0,0.0,89.94766666666666,88.92166666666665,90.97366666666666,-2.281326549141545,0.42576348278102444,1.0,1.0,87.4,92.71,90.055,6.033336741998146,0.5084745762711854,1.7804828750138575,2.0734605530499643,53.46802379417117,0.5449005137117924,0.848300171237264,0.9494333904124211,3.6618687265088603,10.663018817158692,50.66162570888462,80.78387454863643,-49.33837429111538,2.1919117647058783,2.235334165437421,0.2516367352372729,-0.49801457639152846,0.7496513116288014,0.42850275668870463,-0.37649384020913834,0.804996596897843,89.68931393706654
88.67,2020-02-25,92.36,88.51,91.62,2739600,0.13083449186210316,-0.32813042021067834,0.4589649120727815,88.93833333333333,88.23038461538462,89.32802668138311,89.197192189521,0.350833333333333,0.760416666666666,-0.40958333333333297,-0.05189863609137742,25.45297757158249,-1.4669999999999987,-3.917863927849136,-24.383650123031696,20.46578619518256,90.83,90.055,90.4425,91.045,99.99215575255107,15.584800344772527,51.87704672813431,36.3278533893362,81.07517482517518,92.19,101.725,92.0,28.000000000000004,64.0,88.64402110096098,88.623552,0.0,0.0,34346.433647989936,2483.099999999998,6.272600898446652,-10.368959469839377,450659.74963346863,-698171.9682159489,3.772439170998118,89.6873786065217,58.05153778705863,568.0643637749725,88.127,91.7520412411454,84.50195875885458,8.226857242718829,0.5528269852012763,0.0,0.0,90.31833333333334,89.24233333333333,91.39433333333332,-2.3826834714251297,1.340303593556382,0.0,1.0,87.4,92.71,90.055,6.025395168336592,0.20903954802259922,1.8284345875124721,2.186662848561373,47.038035622434904,0.30156212278917427,0.615487545500322,0.8212625722458619,2.1083418474201263,2.4970880288143036,20.604914933837524,55.135475740390746,-79.39508506616248,2.5927647058823595,0.72834869693866,0.14668005645751006,-0.3690756498217208,0.5157557062792308,0.22513026561914098,-0.2561690190434825,0.4812992846626235,89.65551572737354
87.75,2020-02-26,89.87,87.66,89.45,2372100,-0.011918909468803918,-0.26488811806230345,0.25296920859349953,89.02166666666666,88.10692307692308,89.07140719193954,89.08332610140835,0.4403479701739846,0.7941176470588228,-0.35376967688483824,-0.039071853677289686,25.490034158444484,-1.4080000000000013,-1.875430285571253,-20.05731568561187,18.181885400040617,90.83,90.055,90.4425,91.045,99.99607787627554,14.802969821544979,48.13437915008816,52.8177217791012,-1.3441159652754375,92.19,101.725,88.0,24.0,64.0,88.9692994128841,88.623552,0.0,0.0,34346.433647989936,2395.349999999998,6.219980298636131,-19.543036688433858,1115213.675213679,-617257.7492293591,2.9297377813246235,89.70981192986929,51.09686642708614,562.608994786059,88.178,91.7461793676895,84.60982063231049,8.093128371452085,0.42741396288950867,0.0,0.0,90.44066666666667,89.46366666666667,91.41766666666666,-2.1605325038146486,1.9230638007506027,0.0,1.0,87.4,92.71,90.055,6.021910227040745,0.048964218455742274,1.781591128761225,2.4518866771293144,43.99225414160001,0.1862966596416516,0.344253098714206,0.6026802718172639,-0.2016019175420504,-2.452982810040271,4.536862003780628,25.26780088216758,-95.46313799621937,2.257000000000005,1.1539349180706209,-0.013379506570327179,-0.2979364211714421,0.28455691460111493,-0.018681943484363053,-0.20867160393165862,0.18998966044729557,89.64092071193197
85.3,2020-02-27,88.19,84.81,86.76,3271100,-0.3509773417426345,-0.2821059627983697,-0.06887137894426482,88.85833333333333,87.92846153846153,88.4158060854873,88.76678342722994,0.5638693675072346,0.8387763538652337,-0.27490698635799915,-0.0377927424457056,25.60389395232107,-0.8165000000000049,-3.255024916104628,-16.263909580515385,13.008884664410758,90.44999999999999,90.055,90.2525,91.045,49.99803893813777,14.900607783937028,48.13437915008816,66.70356066790836,-107.39345594209371,92.025,101.725,84.0,20.0,64.0,88.9692994128841,92.71,0.0,1.0,34346.433647989936,2310.049999999998,5.962465722894602,-51.480460018657524,3663012.8956623534,-355613.97096776246,0.15646604963400623,89.57437883770179,51.28195082933968,544.3174634702906,88.1165,91.86766661853417,84.36533338146583,8.51410716161938,0.05927044353843337,0.0,0.0,90.22033333333333,89.21433333333333,91.22633333333333,-2.230095950284674,3.189032471835649,0.0,1.0,87.42,92.71,90.065,6.003415932316867,-0.4933837429111538,1.6934320158851015,3.1706195230196785,35.65565994250686,0.0,0.16261959414360852,0.37412007945271214,-5.494629716478358,-22.398943748016272,-49.33837429111538,-8.065532451165751,-149.33837429111537,1.3316176470588204,-2.2588452230033353,-0.3953926549905483,-0.31742766793526334,-0.07796498705528498,-0.428779177804215,-0.2526931187061699,-0.1760860590980451,89.37634239510268
83.03,2020-02-28,83.74,80.69,83.37,4580400,-0.9412826394871843,-0.4139412981361326,-0.5273413413510517,88.3075,87.5823076923077,87.22722053387388,88.16850317336106,0.6782506833268253,0.8676298320968375,-0.18937914877001227,-0.053298463970505305,25.671511087030254,0.3674999999999926,-8.544816723166392,-13.332462423945744,4.787645700779352,88.225,88.225,88.225,89.215,24.999019469068884,16.526937243407634,43.948599683338614,97.06872702429395,-253.26770799435997,91.8775,101.725,80.0,100.0,-20.0,88.9692994128841,92.61959999999999,0.0,0.0,34346.433647989936,2227.0199999999977,6.636834443440705,-92.9951943017065,1746838.49211124,-230839.79295981667,-3.877063015334751,89.25681371332176,51.63378212220242,517.874969076969,87.88250000000001,92.71718251284459,83.04781748715543,11.002605781229665,-0.24384408706169225,0.0,1.0,89.59,88.572,90.608,-2.2725750641812716,4.8713163064833,0.0,1.0,83.74,92.71,88.225,10.206810229567886,-0.3400222965440354,1.6680888142965913,4.550789975026751,27.532931417814595,0.0,0.06209888654721709,0.1896571931350105,-13.797101184923399,-51.330657564256626,-34.00222965440354,-26.267913980579436,-134.00222965440352,-0.4405000000000001,-7.571592210767468,-1.0675951225307636,-0.4674611588543634,-0.6001339636764003,-0.952421380067919,-0.39263877097851974,-0.5597826090893993,88.37869005420646
84.56,2020-03-02,84.71,80.91,83.23,3936600,-1.375495819891185,-0.6062522024871431,-0.769243617404042,87.69583333333334,87.31307692307692,86.25534045173943,87.63083627163061,0.5947350190509177,0.7997921718046417,-0.20505715275372394,-0.07882419176869915,25.838250759334766,0.4235000000000042,-13.19747512173893,-11.268925477721762,-1.9285496440171688,88.225,88.225,88.225,89.215,12.499509734534442,18.037100312916053,35.95541425810308,79.41427751538501,-206.93367393486028,91.2875,101.46000000000001,76.0,96.0,-20.0,88.9692994128841,92.264416,0.0,0.0,34346.433647989936,2311.5799999999977,5.89526077213547,-77.05256654431987,-726348.1551560957,-294323.4164698845,-3.6465115219650603,88.97811837146288,58.23018074646924,517.874969076969,87.6165,93.29700446703505,81.93599553296495,12.96674591437697,-0.09030848746964158,0.0,1.0,89.02333333333334,87.86333333333334,90.18333333333332,-2.606058336765618,3.9971264367816426,0.0,1.0,83.74,92.71,88.225,10.237797675095443,-0.3154960981047936,1.903279932866932,5.567553835872195,28.47000097013698,0.024685275375764877,0.008228425125254847,0.07764896860536012,-19.368054082179363,-51.54721731844466,-31.54960981047936,-38.2967379186661,-131.54960981047935,-1.926029411764702,-8.317280453257794,-1.5696481722798354,-0.6878985615394578,-0.8817496107403776,-1.217628306415211,-0.557636678065858,-0.6599916283493529,87.58260291681484
81.82,2020-03-03,84.75,80.71,84.1,3248600,-1.7159705815194854,-0.8281958782936116,-0.8877747032258738,87.085,87.05807692307691,85.40221115147182,87.1181817329913,0.5739356516087094,0.750081247968801,-0.17614559636009164,-0.11029628095870211,25.598426769633555,0.7150000000000176,-19.419070951285192,-10.402051040243423,-9.01701991104177,88.225,88.225,88.225,89.215,6.249754867267221,18.898995370007672,34.241234854434246,63.735914457567425,-164.75374416374194,90.8075,100.48,72.0,92.0,-20.0,88.9692994128841,91.92343936,0.0,0.0,34346.433647989936,2229.7599999999975,6.333652693784721,-68.38277132370278,-361464.1896846755,-239630.24336011586,-3.848760934893004,88.6818555112839,57.8753150153828,516.5948430874079,87.29499999999999,93.72533591657583,80.86466408342415,14.732426637438213,-0.012026127828366253,0.0,1.0,88.37633333333333,87.37833333333333,89.37433333333334,-2.258523209456539,4.340848363393439,0.0,1.0,83.74,92.71,88.225,10.275502606105734,-0.3377926421404684,2.096951939580239,6.509010492214835,28.114085316105346,0.015309369490719439,0.013331548288827995,0.027886286653766607,-23.65279780062142,-50.258032066516385,-33.77926421404684,-33.11036789297659,-133.77926421404683,-3.241529411764702,-8.325761017719232,-1.9697043112983776,-0.9442597114912419,-1.0254445998071358,-1.6645827519532808,-0.7790258928433427,-0.8855568591099381,86.58999853961754
78.91,2020-03-04,82.49,78.07,81.22,7807300,-2.1737673824360257,-1.0973101791220945,-1.0764572033139312,86.25666666666666,86.74576923076923,84.27417866663,86.44794604906602,0.6939113170086033,0.739907346128392,-0.04599602911978873,-0.15006363541264842,25.58549312539876,2.0944999999999965,-29.855876622633193,-11.322610967597253,-18.53326565503594,87.6,87.6,87.6,88.59,3.1248774336336105,20.364598646524943,33.115596490261204,76.20826558738003,-192.07361878333654,90.8075,99.24000000000001,68.0,100.0,-32.0,88.9692994128841,91.5961017856,0.0,0.0,34346.433647989936,2150.8499999999976,6.554475895590378,-88.37414684888812,4136231.149410709,151779.02870617952,-6.42988347237287,88.15473127727023,51.38871605003569,499.6971800252005,86.80550000000001,94.37828409833567,79.23271590166435,17.447705729097027,-0.07676938141679601,0.0,1.0,87.29633333333334,86.31533333333334,88.27733333333333,-2.247517077845945,5.202514441046582,0.0,1.0,82.49,92.71,87.6,11.77344753500642,-0.432485322896282,2.0652567456222153,7.716677298729551,23.871770838461885,0.0,0.013331548288827995,0.011630507234303575,-28.95831259651402,-51.19653955109335,-43.2485322896282,-36.1924687713848,-143.2485322896282,-4.554735294117648,-11.294171116918545,-2.5145390744185425,-1.2583155840767022,-1.2562234903418403,-2.27106689930328,-1.0774340941353302,-1.19363280516795,84.3322749754702
77.99,2020-03-05,79.73,77.51,78.63,4237300,-2.552340176516651,-1.388316178601006,-1.164023997915645,85.30749999999999,86.39461538461538,83.23353579484078,85.78587597135743,0.795891750896641,0.7460058689272901,0.04988588196935084,-0.19473250351524446,25.711008326105276,4.245499999999993,-42.36295689470351,-14.480950701715622,-27.882006192987888,86.035,86.22,86.1275,87.21000000000001,1.5624387168168052,22.370794777162143,31.87645192187626,91.79875006934735,-191.88129374535953,90.8075,99.24000000000001,64.0,100.0,-36.0,88.9692994128841,91.049735678464,0.0,0.0,34346.433647989936,2072.859999999998,6.379045045473165,-81.98846872761825,3772919.6050776,426774.2543821203,-6.9893096283866925,87.489519457878,44.81090757957106,496.1128272544293,86.2745,94.8272550531981,77.7217449468019,19.826843512736897,-0.012378756639518363,0.0,1.0,85.91466666666666,84.99366666666667,86.83566666666665,-2.14398783288843,5.062794064422762,0.0,1.0,79.73,92.71,86.22,15.045001709659273,-0.1710323574730355,2.024731071059995,8.836963967846993,23.076318419009752,0.0,0.0051031231635730355,0.010588739913742972,-33.31844140360983,-49.03269522767336,-17.10323574730355,-31.377010750326207,-117.10323574730354,-5.881382352941159,-12.81214848143982,-2.975245222615478,-1.6017015117844573,-1.373543710831021,-2.8166657957297137,-1.425280434454207,-1.3913853612755067,81.83783372586446
80.24,2020-03-06,80.54,75.56,76.0,3879900,-2.975411850779082,-1.7057353130366213,-1.2696765377424608,84.06083333333333,85.99153846153845,82.05299182640373,85.02840367718281,0.8408051235132658,0.748093931076548,0.09271119243671777,-0.24483912450663914,26.055637415556053,6.140999999999991,-57.13937788361798,-19.951988147407803,-37.18738973621018,85.67500000000001,86.22,85.9475,87.21000000000001,0.7812193584084026,24.233691184182398,31.876451921876253,91.79875006934735,-174.1142786083234,90.1825,98.61500000000001,60.0,96.0,-36.0,88.9692994128841,90.14415682418688,0.0,0.0,34346.433647989936,1992.6199999999978,6.462353049982267,-92.62840176652998,5148803.589232291,792540.3332959675,-9.007991088843413,86.73530642391972,45.515980234694894,496.1128272544293,85.659,95.3587544298815,75.95924557011851,22.64736788867835,-0.020580189581324643,0.0,1.0,84.345,83.107,85.583,-2.9355622739937153,4.048061389337641,0.0,1.0,79.73,92.71,86.22,15.153107087404697,-0.32126348228043183,2.1252579639539957,10.090192058339346,20.513065792305653,0.0,0.0,0.00614489048413364,-37.89954042039982,-50.26305513117251,-32.126348228043184,-30.826038754991657,-132.12634822804318,-6.547941176470587,-16.526734423331852,-3.4993151959849476,-1.9812242486245555,-1.518090947360392,-3.0078176392391742,-1.7417878754112004,-1.2660297638279738,79.17454972395169
83.51,2020-03-09,84.66,75.12,75.44,5052700,-3.308070149978647,-2.026202280425027,-1.2818678695536203,82.67083333333333,85.5973076923077,80.9863776992647,84.29444784924334,0.8422411567260522,0.7980893364317068,0.04415182029434539,-0.2971323984881223,27.164960285034844,7.318000000000012,-70.18772690369128,-27.315306255834706,-42.87242064785658,84.59,86.22,85.405,87.21000000000001,0.3906096792042013,25.96352356212978,31.87645192187626,91.79875006934736,-129.27293978257052,90.1825,98.61500000000001,56.00000000000001,92.0,-35.99999999999999,88.9692994128841,89.31102427825194,0.0,0.0,34346.433647989936,1909.1099999999979,6.527315910130257,-84.64497294273995,-19652257.214704756,-412697.28129348997,-9.49428542447073,85.93525134784346,44.66238628164783,496.1128272544293,85.082,95.79494656012088,74.36905343987911,25.182639242427037,0.03504855344449795,0.0,0.0,83.01366666666667,80.89166666666668,85.13566666666667,-5.112411209399238,2.359959158027025,0.0,1.0,79.73,92.71,86.22,15.255870806986191,-0.35516178736517745,2.8227321675585957,11.260253213194625,19.973938467054097,0.0,0.0,0.0017010410545243082,-41.64655273594143,-31.661944626600764,-35.516178736517745,-28.2485875706215,-135.51617873651773,-6.999147058823539,-18.169934640522868,-3.924422348545393,-2.3698638686087232,-1.5545584799366696,-2.81563840750567,-1.9565579818300942,-0.8590804256755757,77.46421759734768
88.06,2020-03-10,88.95,84.32,85.08,4897100,-2.7970979325426555,-2.1803814108485526,-0.6167165216941028,81.99749999999999,85.52384615384615,81.49924266860859,84.29634060115124,0.6742997342056838,0.8335718666939279,-0.15927213248824412,-0.3278449254794545,27.961393976059014,5.140499999999989,-73.40177174708845,-35.26267752933662,-38.139094217751826,83.245,86.22,84.7325,87.21000000000001,2.0080406163330213,24.827339713529998,61.34040820522538,50.12989581939472,-5.026789959240515,90.1825,98.61500000000001,52.0,88.0,-36.0,88.9692994128841,88.54454233599178,0.0,0.0,34346.433647989936,1997.1699999999978,6.372920172984421,43.18316604907989,-30609300.476947587,-2398370.8412102587,1.2904856085431007,85.52947706853425,44.21745411926199,496.1128272544293,84.9595,95.64844096718687,74.27055903281314,25.162438496429157,0.470085904582916,0.0,0.0,82.54233333333333,80.10733333333334,84.97733333333333,-5.900002826832281,0.1349760438056144,1.0,1.0,79.73,92.71,86.22,15.27786768989929,0.35362095531587,3.9234589508027353,11.500230017158124,49.726300520837086,0.6536156286372612,0.2178718762124203,0.07262395873747339,-32.544443006612525,2.443567019761907,35.362095531587,-10.760143810991316,-64.637904468413,-6.352323529411763,-8.744588744588757,-3.3181724290703736,-2.5595255807010533,-0.7586468483693203,-2.202289287938781,-2.0057042430518317,-0.1965850448869495,77.67194876207262
83.67,2020-03-11,87.79,83.06,86.32,3444800,-2.465400634750452,-2.237385255628933,-0.22801537912151915,81.41083333333333,85.36692307692307,81.73935918113034,84.20475981588079,0.7094745384459321,0.8314059646987221,-0.12193142625278997,-0.3449300956164264,28.295449017382886,3.762500000000003,-78.37696511640402,-43.609559773814325,-34.7674053425897,83.025,86.22,84.6225,87.21000000000001,5.585372245789021,24.10490707045298,61.39936585329926,45.649032383681934,-9.740434077558236,89.86250000000001,98.61500000000001,48.0,84.0,-36.0,88.9692994128841,87.83937894911243,0.0,0.0,34346.433647989936,1913.4999999999977,6.601180970977681,21.953542327782873,-70276.08461814183,-2282248.5625822074,0.040198606645580615,85.00107092771478,36.31949900013568,488.69937656253444,84.7475,95.41050684610143,74.08449315389858,25.164180291103396,0.4208712877917274,0.0,0.0,82.21533333333335,79.67533333333333,84.75533333333333,-6.1788960696706985,0.33372703412073307,1.0,1.0,79.73,92.71,86.22,15.316086020236572,0.2565485362095532,3.878113055722463,11.81328030258494,47.14130943733433,0.5968271770510941,0.416814268562785,0.21156204825840172,-27.075586583408807,-1.3353920748915118,25.654853620955322,8.500256805341516,-74.34514637904468,-5.215264705882376,-7.813540510543832,-2.9278637456376715,-2.633193213688377,-0.2946705319492944,-2.1108332763070523,-2.026730049702876,-0.08410322660417613,77.85176974354732
70.35,2020-03-12,81.9,70.1,80.12,6504200,-3.2112742546027135,-2.4321630554236893,-0.7791111991790243,79.87666666666667,84.68384615384616,79.9486885378795,83.15996279248222,0.8356356356356355,0.8654654654654655,-0.029829829829830068,-0.38046374329388344,28.585744305851783,3.819999999999993,-94.38602175961537,-53.14747144453088,-41.238550315084495,83.025,86.22,84.6225,87.21000000000001,5.0323462567398645,23.047758695122535,58.152630093233725,70.084915467669,-124.22932402780299,89.67250000000001,98.61500000000001,44.0,80.0,-36.0,88.9692994128841,87.19062863318344,0.0,0.0,34346.433647989936,1843.1499999999978,7.104214977803801,-111.43067800475758,15295095.948827289,-1123558.6377192263,-10.936637415507084,83.89060895069677,28.60270837991264,412.4467408744722,83.84,96.1225827902769,71.55741720972311,29.300054366118534,-0.05932861331400247,0.0,1.0,81.29400000000001,78.719,83.869,-6.33503087558738,2.673592233009707,0.0,1.0,79.73,92.71,86.22,15.481870229007622,-0.7419106317411416,3.7843017501502167,13.219255096237585,29.915281864030078,0.2968089231243282,0.5157505762708944,0.3834789070153666,-30.5193376345028,-29.179659675621064,-76.36796193497231,-5.117004260810006,-176.36796193497233,-4.603235294117653,-20.799909614732808,-3.861562880464657,-2.8788671470436333,-0.9826957334210236,-3.2899124968276667,-2.2793665391278344,-1.0105459576998324,77.01511073521166
74.7,2020-03-13,74.85,69.49,73.23,5591600,-3.8077134239501476,-2.707273129128981,-1.1004402948211665,78.3625,83.96692307692307,78.3396595320519,82.14737295600204,0.8949981610886354,0.8916881206325855,0.0033100404560498786,-0.4278220901283653,28.896015376989958,1.897500000000008,-108.67573950463456,-63.75616748707484,-44.91957201755972,80.585,83.78,82.1825,84.77,3.3518251760870337,23.442932013069033,50.40718259332717,90.75023344488496,-162.85966966307123,89.58250000000001,98.61500000000001,40.0,100.0,-60.0,88.9692994128841,86.59377834252876,0.0,0.0,34346.433647989936,1768.4499999999978,6.867696203936725,-102.02158114693506,15115662.650602331,-69657.74038144946,-11.586665946177558,82.53071199298833,29.487630184514373,412.4467408744722,82.9125,96.51681236777537,69.30818763222462,32.816070840404954,0.006682159408734212,0.0,0.0,80.28633333333333,77.58633333333333,82.98633333333333,-6.725926787041388,2.4993209876543196,0.0,1.0,74.85,92.71,83.78,21.54078094376602,-0.3001119820828667,3.8808715751351954,14.397587028500817,29.371260938664776,0.31585130802802314,0.40316246940114836,0.44524243807827585,-32.970951290859354,-23.395855214005216,-31.961836612999384,-27.558314975672136,-131.96183661299938,-5.029088235294111,-20.72781200091262,-4.6352223898742935,-3.2301381956097655,-1.405084194264528,-3.7786420317620104,-2.57922163765467,-1.1994203941073405,76.38652045420342
67.02,2020-03-16,74.91,66.85,68.57,5182600,-4.442214614476512,-3.0542614261984875,-1.3879531882780247,76.86583333333333,83.15846153846154,76.5720196040439,81.01423421852041,0.9358706986444213,0.8715676051442475,0.06430309350017382,-0.48659119514177734,29.53440959041161,-1.1645000000000039,-125.0891175636676,-75.49728377733955,-49.59183378632805,80.585,83.78,82.1825,84.77,1.6759125880435168,23.80987866544793,50.40718259332717,90.75023344488496,-164.35066150466452,89.6175,98.61500000000001,36.0,96.0,-60.0,88.9692994128841,85.41940050827588,0.0,0.0,34346.433647989936,1701.4299999999978,5.413842711460123,-112.72318384023006,21757684.27335129,1452272.582741252,-14.132827983880828,81.13900015677089,30.56963588645992,396.7774446317235,81.8545,96.92114325588173,66.78785674411827,36.81323141887552,0.0020622793951619693,0.0,0.0,79.00233333333333,75.81633333333333,82.18833333333333,-8.065584560793564,2.407145846411384,0.0,1.0,74.85,92.71,83.78,21.81920358685228,-0.4479283314669653,4.034784417621676,15.693276132800083,27.07632289457264,0.23871665767846093,0.2837922962769373,0.40090178064966003,-35.724952365507136,-25.699279983781274,-54.794520547945176,-54.3747730319723,-154.79452054794518,-6.218588235294121,-21.17674802499706,-5.48325199556227,-3.6807609556002667,-1.8024910399620033,-4.897031084974493,-3.042783527118635,-1.8542475578558584,75.37713712710807
76.45,2020-03-17,77.98,68.0,68.55,5021600,-4.796969511732456,-3.4028030433052816,-1.3941664684271746,75.80833333333332,82.44076923076923,75.25324735726792,80.05021686900038,0.8512850987966126,0.8588619818749071,-0.007576883078294516,-0.5474492660401479,30.431719075640373,0.1004999999999967,-139.05011562796145,-87.62997700015381,-51.42013862780763,80.585,83.78,82.1825,84.77,0.8379562940217584,24.1506148426569,46.50547110995086,83.72581331794333,-131.02630017797102,89.6175,98.61500000000001,32.0,92.0,-60.0,88.9692994128841,84.3624604574483,0.0,0.0,34346.433647989936,1777.8799999999978,5.458057403309432,-84.06022900591142,-18810660.562459208,28995.85147890289,-12.817682134965343,79.86135402754249,37.50943050863449,396.7774446317235,80.8095,96.65554868729131,64.96345131270868,39.21828172997312,0.09581406529839381,0.0,0.0,77.83466666666666,73.77066666666666,81.89866666666667,-10.442647663423344,1.7099737532808374,0.0,1.0,74.85,92.71,83.78,22.1013618448326,-0.3835386338185887,4.744305975859509,16.506389258073188,29.65478946087265,0.32538092190188445,0.293316295869456,0.3267570205158472,-36.72090085080618,-17.416669196880367,-57.51469353484457,-48.09035023192971,-157.51469353484455,-8.51417647058824,-15.726855868137314,-5.992450363479394,-4.143098837176092,-1.8493515263033018,-4.792344773411654,-3.392695776377239,-1.3996489970344146,74.74126734437911
65.57,2020-03-18,77.34,60.2,73.09,4355600,-5.642467285802127,-3.850735891804651,-1.791731393997476,74.0825,81.41884615384616,72.93736314845748,78.5798304342596,0.7799339933993398,0.8625742574257425,-0.08264026402640268,-0.624296012189679,30.857412248095773,1.4164999999999992,-158.38982128999618,-100.52185082185298,-57.8679704681432,80.585,83.78,82.1825,83.93,0.4189781470108792,23.12625264026756,55.03190001735759,67.00296367814238,-127.89053903904723,89.1975,98.61500000000001,28.000000000000004,88.0,-60.0,88.9692994128841,83.41121441170347,0.0,0.0,34346.433647989936,1712.309999999998,5.727133416167964,-145.11533914792403,-12639164.251944507,-1135445.3733501586,-20.33894684084769,78.76040460634376,38.718506666642945,351.2647377474964,79.2935,96.84330828955139,61.7436917104486,44.26543988990622,-0.043980301236899104,0.0,1.0,76.79633333333334,72.43433333333333,81.15833333333335,-11.359917357165513,2.4023765856640646,0.0,1.0,74.85,92.71,83.78,22.523914318323694,-0.8202687569988797,5.203875378273559,18.05792634847629,23.567901530362334,0.12079589031658977,0.22829782329897827,0.26846880514845717,-40.15279624358982,-27.531497529102886,-127.72449869224056,-80.01123759167677,-227.72449869224056,-10.527764705882362,-25.596341614139163,-7.180554163351944,-4.750589902411263,-2.4299642609406815,-5.773885657275386,-3.8689337525568686,-1.9049519047185175,73.02550474151846
70.87,2020-03-19,77.64,64.26,65.63,4218400,-5.916718051403137,-4.263932323724348,-1.652785727678789,72.71166666666666,80.5326923076923,71.60238420254095,77.51910225394408,0.7190190735694824,0.7288283378746592,-0.009809264305176812,-0.6989170860357514,31.351891403863288,0.15349999999999397,-172.4158469433919,-113.33034738405009,-59.08549955934181,80.585,83.78,82.1825,83.78,0.2094890735054396,22.175059166620315,44.76082842658439,54.497630652840435,-123.99968222863653,89.10249999999999,91.58000000000001,24.0,84.0,-60.0,88.9692994128841,82.55509297053312,0.0,0.0,34346.433647989936,1783.179999999998,5.795161293148766,-83.2799764125063,60668548.04571762,3073248.166193154,-15.559342189684894,77.8395015010027,39.61616245669684,351.2647377474964,77.9165,95.64585337230343,60.18714662769656,45.50859797938418,0.11486187022099746,0.0,0.0,75.85166666666666,70.39866666666666,81.30466666666668,-14.378062446441547,1.5628705911119236,0.0,1.0,74.85,92.71,83.78,22.921974164650617,-0.5929451287793948,6.427487840446203,18.84260430099547,31.45459435272174,0.38587376238949367,0.27735019153598917,0.2663214369014745,-39.56588092961715,-27.030513121098192,-92.3278116826503,-92.52233463657849,-192.3278116826503,-11.958941176470589,-20.381613183000855,-7.632593618048642,-5.326990645538739,-2.3056029725099023,-5.954532541136467,-4.286053510272788,-1.6684790308636783,72.45925800952763
75.97,2020-03-20,78.77,71.32,72.08,5334700,-5.500969015319555,-4.51133966204339,-0.9896293532761646,72.14916666666666,79.88153846153847,71.5589404790731,77.05990949439266,0.6946400625978093,0.7694640062597808,-0.07482394366197154,-0.7518643744493239,31.83817755857282,0.647500000000008,-175.58453067709956,-125.04110335887324,-50.54342731822632,80.585,83.78,82.1825,83.78,0.7957684224417474,21.41127691788798,53.22833583268095,42.26382329187208,-65.32158704573467,89.10249999999999,91.045,20.0,80.0,-60.0,88.9692994128841,81.78458367347982,0.0,0.0,34346.433647989936,1859.149999999998,5.8332060651257756,5.238334503565895,-33375148.084770285,741191.0283635695,-7.212809354328536,77.17025618607364,38.60585975568334,351.2647377474964,76.8625,93.49483943256351,60.230160567436485,43.27816407887725,0.33338182753928597,0.0,0.0,75.52066666666666,69.85266666666666,81.18866666666666,-15.010460712740883,0.8705598682662906,1.0,1.0,74.85,92.34,83.595,22.754919499105558,-0.2018296169239565,7.235739056401582,18.99939748225533,42.554911691271904,0.7589640507667409,0.421877901157608,0.3091753053308584,-34.3982157864072,-13.02212207370287,-30.775937227550145,-83.60941586748034,-130.77593722755014,-11.327235294117656,-8.646086845138978,-7.138561479519826,-5.6893048123349566,-1.4492566671848692,-5.501850690793724,-4.529212946376976,-0.9726377444167476,72.44322499586765
76.37,2020-03-23,83.76,73.19,76.71,4496200,-4.963376818783203,-4.601747093391353,-0.36162972539185034,71.78916666666667,79.31038461538462,71.80987271306185,76.77324953184505,0.6538253338145076,0.8014254781667268,-0.14760014435221924,-0.7824022359131692,32.37446180992074,-0.45700000000000784,-176.02595813538454,-136.44379073535058,-39.58216740003397,80.585,83.78,82.1825,83.78,11.778290053862976,21.526229690905158,57.894786902803176,36.22730239823145,-16.596366443359916,88.995,91.045,16.0,76.0,-60.0,88.9692994128841,81.09112530613183,0.0,0.0,34346.433647989936,1935.5199999999982,5.247336240493921,24.89170100305653,-44402906.90061551,-2404626.3081314904,-5.210399090727858,76.76120821180166,37.964231492724274,351.2647377474964,76.01700000000001,91.55490217500444,60.479097824995584,40.880072023374844,0.40902890338221576,0.0,0.0,75.46866666666668,70.01766666666666,80.91966666666667,-14.445730236831198,0.7090136366415944,1.0,1.0,74.85,91.62,83.235,22.060854808792783,-0.0989862850327964,7.756165150761424,19.026018117797683,45.091322617579195,0.844214792261559,0.6630175351392644,0.4540818759442871,-29.633467066756896,-0.48454697941955854,-14.472537053182187,-45.858761987794225,-114.47253705318218,-9.402647058823533,-5.573474390401248,-6.464982072596037,-5.844440264387172,-0.6205418082088645,-5.042793400997494,-4.63192903730108,-0.41086436369641444,72.4490638530141
79.66,2020-03-24,82.99,77.03,82.2,3509300,-4.179298866297074,-4.517257447972497,0.3379585816754229,71.91166666666666,78.88807692307692,72.61296921874464,76.79226808504171,0.5931347804139325,0.7866397442369174,-0.19350496382298488,-0.7860855184818037,32.19144831853195,-0.3230000000000075,-179.35448862869555,-147.66351557004964,-31.69097305864591,78.525,83.78,81.1525,83.78,49.014729040404774,22.417616809256547,58.51605510501214,28.81765864481356,27.33433392459176,88.8475,91.045,12.0,72.0,-60.0,74.85,81.09112530613183,1.0,0.0,34346.433647989936,2015.1799999999982,5.460849208582873,65.03494371690563,-2340446.899322095,-2867246.168755262,-1.030942880863127,76.77480794322531,45.7571312615751,351.2647377474964,75.44300000000001,89.90324633261854,60.98275366738149,38.33422937215785,0.5548745838589254,0.0,0.0,74.931,69.78799999999998,80.074,-13.72729577878317,0.2959362239937772,1.0,1.0,74.85,89.45,82.15,19.352358734408767,0.14931506849315107,7.960548635685281,18.71225659987564,49.97583139758814,1.0,0.8677262810094332,0.6508739057687686,-24.030773647303132,4.547705227685978,19.00610287707068,-8.747457134553892,-80.99389712292933,-7.351352941176472,1.945473795659077,-5.442343312049088,-5.764020873919556,0.3216775618704677,-4.282553734384602,-4.562053976717785,0.2795002423331825,72.57531371241407
76.37,2020-03-25,82.8,76.13,79.83,3022100,-3.5891603124541263,-4.331638020868823,0.7424777084146967,71.99583333333332,78.39692307692307,73.15405087739931,76.74321118985344,0.5676181182402215,0.7531105147596976,-0.18549239651947613,-0.7719102761143241,31.865592338354833,9.453499999999991,-181.02109364089048,-157.2896346679691,-23.731458972921388,78.525,83.78,81.1525,83.78,74.50736452020239,23.194694517846024,54.767190801888546,27.406169616921822,19.921891699546943,88.8475,91.045,8.0,68.0,-60.0,74.997,81.09112530613183,0.0,0.0,34346.433647989936,1938.8099999999981,5.135989448493629,45.92523747163334,4977870.891711407,-2781178.21970999,-1.923231599544169,76.8408394694411,45.78710553910209,347.160645004763,74.8665,88.20863967098259,61.52436032901741,35.64248274190082,0.5473499765089381,0.0,0.0,74.31733333333332,69.02433333333332,79.61033333333333,-14.244321647708944,0.32876755463190344,1.0,1.0,74.85,86.76,80.805,15.908316803910976,0.10747271200671704,7.741493772116752,18.393977731353147,48.878361740922436,0.9634199862253102,0.935878259495623,0.8222073585481068,-20.2030490185588,5.641954273850083,11.159546643417622,5.23103748910203,-88.84045335658237,-5.906500000000008,1.3445154419595193,-4.676844058004007,-5.546585510736446,0.8697414527324394,-3.9791254201333883,-4.445468265400906,0.46634284526751735,72.66838337240401
78.14,2020-03-26,79.54,76.06,76.77,3506500,-3.091482980383958,-4.08360701277185,0.9921240323878919,71.3075,77.84076923076923,73.60111997318404,76.692602953568,0.5845156059991895,0.7376570733684636,-0.15314146736927414,-0.744800757571749,31.42201014519673,8.631,-171.0701855194388,-164.22235089183624,-6.847834627602566,78.555,83.78,81.1675,83.78,87.25368226010119,23.068407086939832,53.91692170408589,34.88881016463989,-5.812701534646468,89.29249999999999,91.045,4.0,64.0,-60.0,75.14106,81.09112530613183,0.0,0.0,34346.433647989936,1860.669999999998,5.031071179391679,38.58308926140008,11201945.226516537,-2348810.9599039727,-1.9950797540167722,76.84639708386847,45.87392734928582,347.160645004763,74.429,86.98914792906547,61.86885207093454,33.750683010830365,0.5649275792455318,0.0,0.0,74.32566666666666,68.93366666666667,79.71766666666666,-14.509119774685272,0.3391753214638965,1.0,1.0,74.85,86.32,80.585,15.410659823455909,0.1054925893635578,7.3083443949050775,17.929515128764447,48.78862067001532,0.9604288059316234,0.9746162640523112,0.9260736015191223,-17.31320871779534,5.829553788493096,10.54925893635578,13.571636152281352,-89.45074106364422,-4.284117647058821,-9.796015180265645,-4.031005418156996,-5.243469492220557,1.2124640740635613,-3.5124263516654675,-4.258859882653818,0.7464335309883503,72.78338895586865
77.05,2020-03-27,78.79,75.23,76.58,2863400,-2.7325450936579614,-3.8133946289490726,1.0808495352911112,70.655,77.20346153846154,73.85171690038649,76.58426199404445,0.5980509488801506,0.7210634296460934,-0.12301248076594273,-0.7105152375335451,30.970063711519664,-4.055999999999997,-159.82741222161525,-168.08216140938598,8.254749187770727,79.77000000000001,83.78,81.775,83.78,93.6268411300506,22.763912802933614,53.19430315179178,36.35425970567667,-11.343902544386264,89.66,91.045,0.0,60.0,-60.0,75.2822388,81.09112530613183,0.0,0.0,34346.433647989936,1783.619999999998,4.330116159513344,23.935290795485805,1348085.6586632074,-848786.468949118,-2.83588306719058,76.72497634205769,38.17738915923734,343.37227614657274,74.15599999999999,86.39313593942664,61.918864060573334,33.003764872502984,0.543882817242379,0.0,0.0,74.76,69.309,80.21099999999998,-14.58266452648473,0.45688864428545095,1.0,1.0,74.85,86.32,80.585,15.467393063272022,0.03312990409764688,6.85050995541457,17.458159734892117,47.67100206366585,0.9127220745620523,0.9455236222396618,0.9520060485958654,-15.343346503445341,12.253917356464521,3.312990409764688,8.340598663179353,-96.6870095902353,-3.531970588235282,-9.426920298579338,-3.5680243205457236,-4.90838045788559,1.3403561373398665,-3.2192988381074277,-4.05094767374454,0.8316488356371123,72.86168350902437
79.85,2020-03-30,80.56,77.0,77.0,2910500,-2.2789892554121565,-3.5065135542416894,1.227524298829533,71.23,76.61115384615384,74.33606814648087,76.61505740189303,0.6575405604719766,0.6897123893805309,-0.0321718289085543,-0.6670950081503136,30.738011222142127,-4.470500000000001,-144.75180346511107,-168.71568228018037,23.963878815069307,79.77000000000001,83.595,81.6825,83.78,96.8134205650253,22.55569918125725,51.81448021039138,34.6518463993544,16.450019004180987,90.06,91.045,0.0,56.00000000000001,-56.00000000000001,75.420594024,81.09112530613183,0.0,0.0,34346.433647989936,1863.469999999998,4.168423542701322,40.70660639613064,-4881903.5691922335,988884.7387476928,-0.9571844097400959,76.04979642725878,37.141780129760335,343.37227614657274,73.9605,85.88060817903963,62.040391820960366,32.233714426050746,0.6274946483012912,0.0,0.0,75.56766666666667,70.39466666666667,80.74066666666667,-13.691040700828843,0.36155680134029267,1.0,1.0,74.85,86.32,80.585,15.508278067346758,0.1874455100261557,6.698458959873113,17.410558271144403,50.28635639081748,1.0,0.9577169601645584,0.9592856154855104,-12.919938231707064,10.836807654508302,18.74455100261557,10.86893344957867,-81.25544899738443,-3.57238235294119,9.84308131241085,-2.9745970735980243,-4.521623781028078,1.5470267074300534,-2.6635494046795447,-3.773468019931541,1.1099186152519964,73.16955607940078
73.47,2020-03-31,77.63,72.76,76.87,5920600,-2.2359014704000373,-3.252391137473359,1.016489667073322,71.5025,75.94423076923077,74.09359612394535,76.32949759434538,0.6852517985611513,0.6885649375236653,-0.0033131389625140617,-0.6282231652384171,30.476699007941406,-6.713000000000008,-140.74944435378657,-166.7556403983793,26.00619604459274,79.91499999999999,83.235,81.57499999999999,83.78,98.40671028251265,21.60862012851038,51.81448021039139,42.9999674358292,-22.032288698955306,90.3825,91.045,0.0,52.0,-52.0,75.55618214351999,81.09112530613183,0.0,0.0,34346.433647989936,1789.999999999998,4.147335856940227,-9.610451660459397,1582686.8109432245,1106953.5170020761,-5.002805188960873,75.25200984156237,37.90302675489005,324.46450405746276,73.563,85.07968546066999,62.04631453933001,31.311081550969888,0.4651375388021893,0.0,0.0,75.99199999999999,71.686,80.298,-11.332771870723228,0.8752902926149561,1.0,1.0,74.85,86.32,80.585,15.592077538980192,-0.18221447253705225,6.091613063885801,17.26337463493556,44.54324496312082,0.7850507651848986,0.8992576132489836,0.9341660652177346,-12.5589573806831,-1.9705148874733935,-28.435374149659683,-2.1259442457598197,-128.43537414965968,-4.325058823529432,4.705713052237747,-2.9292757595271746,-4.203154176727898,1.2738784172007231,-2.856474868237666,-3.5900693895927662,0.7335945213551001,73.15998492359583
72.94,2020-04-01,75.0,70.58,71.33,4847000,-2.350566009545531,-3.072026111887794,0.7214601023422627,71.81333333333333,75.25461538461539,73.5530428741076,75.90360888365313,0.6767676767676769,0.6688583952734898,0.007909281494187126,-0.5982415751796716,30.372299266214082,-5.188500000000005,-131.0780707719359,-162.16255415710643,31.08448338517053,78.6,82.15,80.375,83.78,99.20335514125634,20.11685139133696,51.81448021039139,51.06974471498387,-76.95200014673266,90.4425,91.045,0.0,48.0,-48.0,75.55618214351999,82.2,0.0,1.0,34346.433647989936,1717.059999999998,3.9229997058393824,-30.953129994679554,20553811.351796012,1482576.0457855563,-7.188198262077974,74.90319606547749,37.98510543084845,314.743055200326,73.1885,84.58104541355915,61.79595458644086,31.1320642274651,0.3855172437190626,0.0,0.0,76.20133333333334,71.95333333333333,80.44933333333333,-11.149411208902723,1.1616446955430009,0.0,1.0,74.85,86.32,80.585,15.67186101641651,-0.37227550130775905,5.706451757497221,16.36572863994087,41.893987923010734,0.6858961900439858,0.8236489850762947,0.8935411861632789,-13.075112561603271,-6.6625130192346145,-58.095238095237974,-22.59535374742737,-158.09523809523796,-5.487558823529412,5.579655946148099,-3.0967776685671624,-3.981878875095751,0.8851012065285886,-3.0341490917357734,-3.478885330021368,0.4447362382855946,72.93154309703395
70.46,2020-04-02,72.94,68.81,72.12,4696700,-2.5548124033541626,-2.9685833701810678,0.4137709668269052,71.88083333333334,74.52961538461538,72.82334397039874,75.3781563737529,0.6360799609946368,0.6487567040468065,-0.012676743052169703,-0.5788571902214075,30.073250926834312,-12.5535,-120.28772768464209,-156.01846493572225,35.73073725108016,77.57,79.85,78.71,82.82499999999999,98.80754240064365,19.074696971655943,49.305448676901165,55.0741870619111,-84.38145774610054,90.4425,91.045,0.0,100.0,-100.0,75.55618214351999,82.056,0.0,0.0,34346.433647989936,1646.5999999999979,4.207095264220331,-44.34756856686815,739000.8515469686,455671.6315673162,-8.95518891098701,74.82935373986162,38.17757635570618,306.84995222916456,72.7535,84.11714250581686,61.38985749418315,31.238751416266858,0.3264860937863282,0.0,0.0,76.41266666666667,73.28366666666668,79.54166666666666,-8.189741665866892,1.7148716309790168,0.0,1.0,72.94,86.32,79.63,18.390867793302036,-0.30866965620328823,5.3718065817474985,15.58802548625407,39.82299950764571,0.6083846563051765,0.6931105371780202,0.8053390451677661,-14.130376258367392,-22.828594695129556,-44.60043196544269,-43.71034807011346,-144.60043196544268,-6.118294117647068,1.1911764705882386,-3.389327261715521,-3.863368552419705,0.474041290704184,-3.4040980161893155,-3.463927867254958,0.059829851065642536,72.8035732226601
70.24,2020-04-03,71.39,68.43,70.52,2416800,-2.716033225815579,-2.91807334130797,0.20204011549239098,72.56666666666666,73.89961538461539,72.1474448980297,74.86347812384528,0.6154849062280615,0.6577073513188249,-0.04222244509076334,-0.5674351987159535,29.834334413549414,-8.137,-116.05849868330233,-149.3554138854909,33.29691520218856,76.795,78.85499999999999,77.82499999999999,82.05,96.02385173317415,18.430061328233585,46.606694372943714,57.021075921907915,-92.76586439241726,90.2525,91.045,32.0,100.0,-68.0,75.55618214351999,81.69136,0.0,0.0,34346.433647989936,1576.3599999999979,4.44141583151118,-41.825230200172655,1950811.5034168705,-959104.994856571,-9.343086018965499,74.81501404050181,38.06705387677997,305.15538774948016,72.397,83.83322507648428,60.960774923515736,31.593091085222518,0.3265599018264715,0.0,0.0,76.01833333333335,73.47133333333333,78.56533333333333,-6.701015106005122,1.9896610391310037,0.0,1.0,71.39,86.32,78.85499999999999,20.622401480724328,-0.19825853985264535,5.092625923572749,14.547694464131279,39.37299236956322,0.5915420978401461,0.6286076480631028,0.7151223901058058,-15.114981368192836,-23.99045686326515,-27.382053654023988,-43.359241238234894,-127.38205365402398,-6.935911764705878,13.671096345514954,-3.6279816191848515,-3.8162911657727348,0.18830954658788324,-3.686330098639823,-3.5084083135319313,-0.17792178510789158,72.68878300880336
76.28,2020-04-06,76.41,71.31,72.4,3555700,-2.58165030066921,-2.8507887331802184,0.2691384325110082,73.15416666666667,73.53884615384615,72.01860722140975,74.60025752207896,0.5801574150787079,0.6427091963545984,-0.06255178127589056,-0.5537526143912965,29.597597874267525,-0.8865000000000123,-108.27492766414501,-141.45768488942974,33.18275722528473,75.61,78.85499999999999,77.23249999999999,82.05,93.58062453799047,17.36881769075547,46.696792973111776,50.15704189538505,-35.290245608260875,88.225,89.215,28.000000000000004,96.0,-68.0,75.55618214351999,81.0732784,0.0,0.0,34346.433647989936,1652.6399999999978,4.481691173917695,-4.4664258858623285,-18136470.896696355,-910948.5901592243,-6.1327046073039515,74.95179648658666,38.17000392106023,305.15538774948016,72.2065,83.58171212989049,60.83128787010952,31.507446365328562,0.46059414146465527,0.0,0.0,75.567,73.324,77.81,-5.936453743035988,1.4489522960320984,0.0,1.0,71.39,86.32,78.85499999999999,20.67680887454729,-0.0053583389149362585,5.381363331215473,13.693516041370808,44.492526784734906,0.78315251999629,0.6610264247138707,0.6609148699849978,-14.48860263101251,-11.632187945872957,-0.7400555041627963,-24.240847041209832,-100.7400555041628,-7.351205882352957,10.971055088702142,-3.4606452932218574,-3.7451619912625596,0.2845166980407021,-3.2256293512257943,-3.451852521070704,0.22622316984490975,72.66739792361473
76.24,2020-04-07,80.12,75.72,78.04,2967600,-2.095149145062578,-2.6996608155566904,0.6045116704941123,73.52083333333333,73.33923076923077,72.58805226426979,74.68320140933237,0.5494116421951478,0.6351140268666043,-0.08570238467145652,-0.5270341316886842,29.424822008198607,1.413499999999999,-101.56280319314814,-132.62898595079167,31.06618275764353,74.715,78.85499999999999,76.785,82.05,96.6330571112272,17.054992263208813,53.38230554064527,41.120339967693255,52.150045745654296,88.225,89.215,24.0,92.0,-68.0,75.55618214351999,80.492281696,0.0,0.0,34346.433647989936,1728.8799999999978,4.600109163449255,44.2028349549751,-12754459.601259183,-919183.9722531298,-1.4178202993527629,75.46442567834697,45.00013945205186,324.0270082792124,71.7765,81.86497912224671,61.68802087775329,28.11081376842479,0.6954457134824193,0.0,0.0,75.28900000000002,72.917,77.66099999999999,-6.301053274714745,0.40914839797639,1.0,1.0,71.39,86.32,78.85499999999999,20.800679888264252,0.290020093770931,5.724226998093926,11.36976431501209,51.277178365845465,1.0,0.7915648726121453,0.6937329817963729,-11.83170595893758,4.982623674567459,40.055504162812184,3.977798334875125,-59.944495837187816,-6.610205882352943,6.169377453729678,-2.805382074583602,-3.5572060079267684,0.7518239333431667,-2.831908254674255,-3.3278636677914144,0.4959554131171595,72.70112599934458
79.22,2020-04-08,80.3,76.35,76.62,2425400,-1.63985451722192,-2.487699555889736,0.847845038667816,73.78416666666666,73.17153846153846,73.16681345438212,74.80666797160404,0.5356498737525553,0.7057833353372611,-0.17013346158470577,-0.4899200493316499,29.27587894577096,5.588999999999999,-88.36014372179909,-123.43898130660949,35.0788375848104,74.715,78.85499999999999,76.785,82.05,98.31652855561362,16.763582937629774,52.032216240799244,40.08036744432326,62.557781201849004,88.225,89.215,20.0,88.0,-68.0,75.55618214351999,79.94614479424001,0.0,0.0,34346.433647989936,1808.0999999999979,4.36916646807692,45.01794424712146,2880080.787679894,-5046931.633541538,-0.758699855612669,76.05486946070957,44.29980379319578,324.0270082792124,71.441,80.38790315137075,62.494096848629255,25.04697065094483,0.7743407365065692,0.0,0.0,75.10600000000001,72.663,77.549,-6.505472265864258,0.24539500613999382,1.0,1.0,71.39,82.2,76.795,15.131367142117275,0.4588344125809429,5.6098042982845335,9.428684985144502,52.17647774656604,1.0,0.92771750666543,0.7934362679971486,-9.415912283797837,2.620685234504891,45.88344125809429,28.39962997224788,-54.11655874190571,-5.130617647058827,4.317529717174473,-2.1921234586259,-3.284189498066595,1.0920660394406951,-2.176274530791335,-3.097545840391399,0.9212713096000638,72.71974353926197
77.56,2020-04-09,80.72,76.97,79.64,2498300,-1.2149957117373873,-2.2331587870592666,1.0181630753218793,73.77916666666667,73.12923076923076,73.75191907678487,74.96691478852226,0.5429275640147887,0.6799945227988498,-0.13706695878406105,-0.44472458465070336,29.040846517732323,4.345499999999987,-73.96798065084528,-113.89904446541283,39.93106381456755,75.515,78.85499999999999,77.185,82.05,99.15826427780681,17.054069796117542,55.63253540501577,36.45113871255968,86.2688209694361,87.6,88.59,16.0,84.0,-68.0,71.39,79.94614479424001,1.0,0.0,34346.433647989936,1885.6599999999978,4.07953703330756,45.45640935467559,-2395048.9943269673,-2834067.412795588,-0.12887405338607472,76.4202963450361,44.64900107452917,326.65826885724925,71.78450000000001,81.02189243509812,62.5471075649019,25.736454067655583,0.7806798583276229,0.0,0.0,75.27133333333333,72.99733333333333,77.54533333333333,-6.042140877004972,0.12650249193784802,1.0,1.0,71.39,82.2,76.795,15.058961196358547,0.5161887141535613,5.48582386845608,8.480690188565042,53.09404036498004,1.0,1.0,0.9064274597591918,-7.168570554197709,9.29161178159604,51.61887141535612,45.85260561208752,-48.38112858464388,-3.2119411764705887,-0.07789173049461544,-1.6207092357539679,-2.95149344560407,1.330784209850102,-1.8130954079697776,-2.840655753907075,1.0275603459372973,72.75596611856923
76.17,2020-04-13,77.43,75.01,77.22,2374300,-1.0246362976200203,-1.9914542891714175,0.9668179915513972,73.68583333333333,73.03307692307692,73.94546998804874,74.97010628566876,0.6730548730548733,0.658312858312858,0.014742014742015308,-0.40000858068166323,28.206430998841356,3.9994999999999976,-66.14262550396494,-105.16469135861881,39.022065854653874,75.515,78.85499999999999,77.185,82.05,99.5791321389034,16.497354736729346,55.223336855695315,45.862709370118424,31.517364985966122,86.1275,87.21000000000001,12.0,80.0,-68.0,71.555,79.94614479424001,0.0,0.0,34346.433647989936,1809.4899999999977,4.9176673309925665,17.635036589722006,787120.9137455979,393791.7168016346,-2.0685024800458067,76.32453808426958,37.386478745751255,318.3400902557135,72.0605,81.33695077602462,62.78404922397539,25.746284791320118,0.6589778284396824,0.0,0.0,75.24,73.166,77.314,-5.513024986709192,0.555448408871743,1.0,1.0,71.39,82.2,76.795,15.00128364360503,0.3348751156336729,4.983241481610473,7.743908871557181,49.838604867919535,0.762741483147067,0.920913827715689,0.9495437781270395,-6.146022410654499,8.603629295824918,33.487511563367285,43.66327474560589,-66.51248843663271,-1.490735294117627,-1.4711677393931306,-1.3667264839077453,-2.634540053264805,1.2678135693570596,-1.6535658455095077,-2.6032377722275615,0.9496719267180538,72.76728802803508
79.88,2020-04-14,80.43,77.02,77.13,2313600,-0.7034756592361049,-1.733858563184355,1.0303829039482502,73.76583333333333,73.08923076923077,74.41847460527201,75.12195026450811,0.7028410093523915,0.6550202929239455,0.047820716428445986,-0.3515740626256406,26.940971412607933,2.6610000000000156,-58.235734741510925,-95.99650140169929,37.76076666018837,75.515,78.85499999999999,77.185,82.05,99.7895660694517,15.980405038726023,51.7473818233834,42.975945829423736,59.59757834757813,85.9475,87.21000000000001,8.0,76.0,-68.0,71.7167,79.94614479424001,0.0,0.0,34346.433647989936,1889.3699999999976,4.863702464094527,38.05271707690447,-6010891.337005521,131617.11410996117,0.0719961201408208,76.13423632586688,37.242953117688124,318.3400902557135,72.56899999999999,81.76180784091603,63.37619215908394,25.335357634571366,0.7420914304435452,0.0,0.0,75.24066666666667,73.19266666666667,77.28866666666666,-5.443864576780273,0.06559244791666546,1.0,1.0,71.39,82.2,76.795,14.896167785142422,0.5208140610545786,5.0269173334494255,7.391146868057291,53.019886034541244,0.9945955782339976,0.9191123537936882,0.9466753938364589,-4.3590734925131605,13.721538160218753,66.70616113744072,50.604181372054704,-33.29383886255928,-0.22720588235293349,1.262161451485661,-0.9364448829658072,-2.2949210192050056,1.3584761362391984,-1.1220890020004515,-2.30700801818214,1.1849190161816885,72.785304104165
78.09,2020-04-15,78.61,76.58,78.52,1726100,-0.4789369749269241,-1.482874245532869,1.0039372706059448,73.87833333333333,73.14538461538463,74.7510169736917,75.22995394861863,0.7349971423128221,0.7239474185559153,0.011049723756906826,-0.3030749340240693,25.897574265250718,4.001999999999995,-47.41650698363869,-86.7007720918885,39.284265108249805,75.515,78.85499999999999,77.185,82.05,99.89478303472586,15.048675397754087,49.37909285020962,46.56207773123835,49.1817150980754,85.405,87.21000000000001,4.0,72.0,-68.0,71.87516600000001,79.94614479424001,0.0,0.0,34346.433647989936,1811.2799999999977,7.0825136261330055,27.70810035163243,24779.101037266028,-222175.1566524774,-0.3741165778596932,76.01644869665319,37.24045305446128,316.521476392918,72.998,82.09822109621561,63.897778903784406,24.932795682664185,0.6968084050996076,0.0,0.0,75.45566666666667,73.47466666666666,77.43666666666665,-5.250765350073096,0.21622076392394177,1.0,1.0,71.39,82.2,76.795,14.80862489383271,0.4801110083256241,4.683225600104484,6.921966882253493,52.23885658034262,0.937673581134395,0.8983368808384865,0.9127876874492878,-3.0908250282734686,14.2869857384454,62.90909090909088,54.367587869966286,-37.09090909090912,-0.0038823529411757818,1.7944968762461706,-0.6366306900227982,-1.9632629533685642,1.3266322633457661,-0.8800639667877009,-2.0216192079032522,1.1415552411155514,72.93351652185855
80.43,2020-04-16,82.19,77.68,77.68,2057000,-0.20980909434364037,-1.2282612152950232,1.0184521209513828,73.935,72.89,75.2016297469699,75.41143884131354,0.6121777290181026,0.7566282684220152,-0.14445053940391261,-0.25314922928674205,25.43767971868588,-1.1119999999999948,-29.85462875724426,-76.6526499888443,46.798021231600046,75.515,78.85499999999999,77.185,82.05,99.94739151736293,14.183497873994432,47.656607471942976,44.93785797659309,73.95580664640207,84.7325,87.21000000000001,0.0,68.0,-68.0,72.03046268000001,79.94614479424001,0.0,0.0,34346.433647989936,1891.7099999999978,6.762485527076655,36.38880030139933,-7682083.799577282,-1571034.3728020359,0.7811850674785311,76.14958528423918,44.927428129053,316.521476392918,73.872,81.0403320235608,66.7036679764392,19.407439959824544,0.7656126967531578,0.0,0.0,76.14366666666666,74.07866666666666,78.20866666666667,-5.423957343793106,0.1280064568200157,1.0,1.0,71.39,82.2,76.795,14.633419969677282,0.5818686401480115,4.775903040094035,6.407745557717089,54.06080749161472,1.0,0.9774230531227975,0.9316240959183241,-1.5153590928880416,12.912365328025704,76.24242424242432,68.61922542965196,-23.757575757575683,0.5128823529411903,0.8831168831168921,-0.2782191900424239,-1.626254200703336,1.348035010660912,-0.438785257939744,-1.7050524179105508,1.2662671599708069,73.4454758131686
81.73,2020-04-17,81.97,79.26,81.82,2609500,0.1294769556215556,-0.9567135811117075,1.086190536733263,74.47666666666667,72.74384615384615,75.82599440128223,75.69651744566067,0.5491555555555562,0.776,-0.22684444444444385,-0.1997963784741009,25.022471144273208,-4.041999999999987,-13.178872139587988,-65.22158037287603,52.042708233288046,79.115,76.795,77.955,82.05,99.97369575868147,14.29852600430776,54.140477551332744,39.37132476783865,118.56943350366079,84.6225,87.21000000000001,32.0,64.0,-32.0,72.18265342640001,79.94614479424001,0.0,0.0,34346.433647989936,1973.4399999999978,8.527300926221129,49.63802882977083,-359721.0326685552,-1693020.5650400189,2.4435614835444404,76.46894778225305,52.617841448496854,316.521476392918,74.62199999999999,80.66045874375298,68.58354125624699,16.184124638184446,0.8840383943003831,0.0,0.0,77.11633333333333,75.11833333333333,79.11433333333333,-5.181781637266653,-0.03645311978645402,1.0,0.0,71.39,82.2,76.795,14.486344509662036,0.7280296022201668,4.727312736084631,5.723464676657163,56.62054333310259,1.0,0.9792245270447983,0.9516614870020274,0.5513139453422964,10.169685319460797,75.45541706615542,71.53564407255686,-24.54458293384458,0.9047058823529426,8.933479934029688,0.1710474404776965,-1.2667938724671297,1.4378413129448262,0.043317471704820455,-1.3553784399874766,1.398695911692297,74.66275837579569
79.19,2020-04-20,80.85,79.0,80.24,1832200,0.37308309783790605,-0.6907542453217848,1.0638373431596908,75.17833333333334,73.08615384615385,76.31430295493112,75.94121985709322,0.5871262616644456,0.7739478194629595,-0.18682155779851395,-0.14667135111655952,24.668540588348993,-6.195999999999998,1.233801574390525,-53.05394379081653,54.28774536520706,79.625,76.795,78.21000000000001,82.05,99.98684787934073,14.097996766044082,52.48317072348355,41.66454667624194,85.29488570887803,84.6225,87.21000000000001,28.000000000000004,60.0,-31.999999999999996,72.56814728934401,79.94614479424001,0.0,0.0,34346.433647989936,1894.2499999999977,8.7094920799095,39.60553899694637,1039904.0282864,-1270034.3080772595,2.1837911075666443,76.60407220822837,44.95407943586255,315.4831773282932,75.006,81.13183839160052,68.88016160839948,16.334262303283804,0.8259961938823259,0.0,0.0,78.10799999999999,76.136,80.08,-5.04941875352077,0.2738336713995937,1.0,1.0,71.39,82.2,76.795,14.412180358904624,0.703977798334875,4.4135814624761665,5.38177926696002,56.06691362521466,0.9679009669802815,0.9893003223267605,0.9819826341647854,2.1394169009079897,7.2098067672446025,72.96260786193677,74.88681639017216,-27.037392138063232,1.6494411764705603,11.929725134599039,0.4912787792189495,-0.915179342129914,1.4064581213488636,0.15923458656454914,-1.0524558346770714,1.2116904212416206,75.60084309371662
77.74,2020-04-21,78.73,76.47,77.98,2556300,0.357867589912388,-0.48102987827495025,0.8388974681873382,75.81666666666666,73.35461538461539,76.33825634648018,75.98038875656779,0.5672967863894146,0.7848771266540643,-0.21758034026464967,-0.10223005628780778,24.059862268846523,-6.739999999999981,7.423504747661392,-40.944354019615474,48.367858767276864,79.625,76.795,78.21000000000001,82.05,99.99342393967036,13.351043227567017,52.010785157315865,48.35675701600817,19.35200328537346,82.1825,84.77,24.0,56.00000000000001,-32.00000000000001,72.93822139777025,79.94614479424001,0.0,0.0,34346.433647989936,1816.5099999999977,8.856313602946493,5.850147711668313,2112811.9372266443,-1232168.2276284439,-0.3058569936991762,76.74324564582423,44.69451128340535,305.37972873790613,75.16999999999999,81.26814725961965,69.07185274038032,16.22494947351248,0.6065897513338413,0.0,0.0,78.54333333333332,76.89733333333332,80.18933333333334,-4.1913168951322195,1.1298096395301702,0.0,1.0,71.39,82.2,76.795,14.380736996142081,0.46993524514338547,4.074223316228549,5.258682493740517,50.85593976675514,0.6657726318053162,0.8778911995951991,0.9488053496555859,2.164153261044441,1.026850749292016,48.70565675934805,65.70789389581341,-51.29434324065195,1.7429705882352806,11.132102892021503,0.4709999458662334,-0.6379434845306846,1.1089434303969181,0.1001642583368609,-0.8219318160742849,0.9220960744111458,75.66163022171364
77.25,2020-04-22,79.11,77.11,79.05,1466100,0.3929224758406775,-0.30623940745182476,0.6991618832925023,76.54,73.74923076923076,76.45698613932937,76.0640636634887,0.4508442776735464,0.7651031894934331,-0.31425891181988674,-0.06369632933895632,23.126942680720546,-3.8640000000000043,12.354384515138007,-29.75385088217802,42.10823539731603,79.625,76.795,78.21000000000001,82.05,99.99671196983519,12.911156330560468,51.117476066592445,44.25750942417526,44.320998715766095,82.1825,84.77,20.0,52.0,-32.0,73.29349254185944,79.94614479424001,0.0,0.0,34346.433647989936,1893.7599999999977,11.438251609037788,12.077269467144275,-56310.67961165219,-2704319.8013004204,0.34067105651659446,77.16309050915643,51.54038210421523,307.93554182005937,75.174,81.27712510112704,69.07087489887297,16.23732966484964,0.6586072682372578,0.0,0.0,78.58966666666667,77.14566666666666,80.03366666666666,-3.6747833684665983,1.012349953831945,0.0,1.0,71.39,81.82,76.60499999999999,13.874477877989719,0.5484180249280923,3.930800984605694,4.813651417439616,52.0695190874478,0.7361350457653106,0.7899362148503027,0.8857092455907541,2.5057412737026348,10.413762504868018,54.84180249280923,58.836689038031345,-45.15819750719077,1.9275882352941238,12.684495104486324,0.5165678204874599,-0.4070412235270557,0.9236090440145155,0.002625707553961303,-0.6570203113486357,0.659646018902597,75.68827300203426
74.93,2020-04-23,76.49,74.06,76.22,4372700,0.1726045377407388,-0.21047061841331205,0.38307515615405086,76.76916666666666,73.98230769230769,76.08821904097101,75.91561450323027,0.4638240401311987,0.8051321628400538,-0.34130812270885513,-0.03857607178098634,22.320580208064143,0.6494999999999891,12.238788670722716,-20.17532095755935,32.41410962828206,79.155,76.795,77.975,82.05,99.9983559849176,12.153482638905771,50.02011799798961,52.379114352388235,-34.51977867701716,82.1825,84.77,16.0,48.0,-32.0,73.63455284018505,79.94614479424001,0.0,0.0,34346.433647989936,1818.8299999999977,12.104303772172278,-22.29612617101916,981916.4553583205,-2686968.686742466,-2.6231014762288343,77.43586463277877,51.14722827046165,295.7554951004227,75.07050000000001,81.17547330051549,68.96552669948453,16.264640039737262,0.4172396052973168,0.0,0.0,78.37299999999999,77.27000000000001,79.476,-2.8147448738723657,2.455122393472359,0.0,1.0,71.39,81.82,76.60499999999999,13.89360667639085,0.25599232981783354,3.6267208861451246,4.255804088246546,46.212685451306136,0.3965602476665674,0.599489308412398,0.7557722409526333,1.1591858271137243,-2.819404335395253,25.599232981783352,43.04889741131353,-74.40076701821665,1.2946764705882288,3.8564016267003223,0.22736368383528574,-0.2801602420545874,0.5075239258898732,-0.31208017205301053,-0.5880322834895106,0.2759521114365001,75.64570297209872
74.54,2020-04-24,75.8,74.28,75.65,2541400,0.015573622844897272,-0.16526177016167018,0.18083539300656745,76.64916666666666,74.52384615384616,75.81003149620625,75.79445787336135,0.44047852520102015,0.8123161404196899,-0.37183761521866976,-0.022905347205539092,21.272706295060328,1.3684999999999832,14.02997271459238,-11.26725448883076,25.29722720342314,78.81,76.795,77.80250000000001,82.05,99.9991779924588,11.620968241845521,47.220494634608876,51.87634258881722,-40.49275192892276,82.1825,83.93,12.0,44.0,-32.0,73.96197072657765,79.94614479424001,0.0,0.0,34346.433647989936,1893.3699999999976,12.99229113138949,-16.768279575159298,126777.56909041313,-2817256.8249086416,-2.401675605313365,77.75801594369214,50.73424952464967,296.63405584741287,74.98150000000001,81.07807042934854,68.88492957065148,16.261532322902397,0.4424676538941443,0.0,0.0,77.98633333333332,76.97633333333333,78.99633333333334,-2.590197427754449,2.3348184818481754,0.0,1.0,71.39,81.82,76.60499999999999,13.910097824129942,0.2770853307766062,3.4380487975306115,3.468203490483166,46.67858098261454,0.18024828620256603,0.4376478598781479,0.6090244610469496,0.16912460099278984,0.03377482457937433,-25.249169435215897,18.397288679792222,-125.2491694352159,0.13552941176470767,-1.901743264659268,0.02054717888597863,-0.2200187578664742,0.24056593675245283,-0.5969345227213697,-0.5898127313358825,-0.007121791385487186,75.6004768765331
80.27,2020-04-27,81.7,75.11,75.29,3092100,-0.04142294720566042,-0.14049400557046823,0.09907105836480781,76.54583333333333,74.94115384615385,75.70233434294374,75.7437572901494,0.4354550862581796,0.8245092207019626,-0.38905413444378306,-0.0120551969187703,21.023502549726008,1.9945000000000022,21.633619338076564,-2.392881813321039,24.026501151397603,78.81,76.795,77.80250000000001,82.05,99.99958899622939,11.12649058743243,45.479183067248165,49.96334112364264,20.65225789006114,82.1825,83.78,8.0,40.0,-32.0,74.27629189751454,79.94614479424001,0.0,0.0,34346.433647989936,1973.6399999999976,12.90882729321377,-4.855082492993706,-22119970.10090945,-3101792.482352434,-1.504743725938026,78.03521946995474,51.088422207207046,296.63405584741287,74.9755,81.07131651626808,68.87968348373191,16.260822578757296,0.5110321562042639,0.0,0.0,78.06766666666667,76.43766666666667,79.69766666666666,-4.175864527781443,1.4072597137014344,0.0,1.0,71.39,81.82,76.60499999999999,13.911210995591883,0.35666347075743066,3.8362439177775505,3.169862388047663,48.49129546882375,0.21893169981720714,0.26524674456211345,0.43412797095088645,-0.19964184145126163,-1.4658041650730975,-11.461794019933524,-3.7039101577886995,-111.46179401993352,-0.22873529411764082,-1.6240995415848003,-0.05468826565730394,-0.18695265942464015,0.1322643937673362,-0.22238665949845632,-0.5163275169683973,0.293940857469941,75.59812323855496
80.79,2020-04-28,82.89,79.83,81.71,1984900,0.29091789332119333,-0.05421162579213592,0.34512951911332923,76.78416666666668,75.26846153846154,76.33735982864471,76.04644193532351,0.4117408906882587,0.8392712550607282,-0.4275303643724695,0.007353390034884872,20.746153777843652,-0.10699999999999932,30.616475537478145,6.277449577914165,24.33902595956398,78.81,76.795,77.80250000000001,82.05,99.9997944981147,11.560377302826208,56.1507303777092,39.66888904918404,127.66054626838427,82.1825,83.78,4.0,36.0,-32.0,74.57804022161396,79.94614479424001,0.0,0.0,34346.433647989936,2054.4299999999976,13.068990582827059,50.31404357743396,-5557494.739447973,-2587723.563651633,3.5721940985860052,78.29371084937314,51.45196077123994,296.63405584741287,75.117,81.51796898914586,68.71603101085415,17.042664081754733,0.8681473858092303,0.0,0.0,78.396,76.97800000000001,79.81400000000001,-3.6175315067095237,-0.00564174894216895,1.0,0.0,71.39,81.82,76.60499999999999,13.885006057217398,0.8092042186001921,4.230619525999796,3.137107660499092,57.36732739217586,1.0,0.4663933286732577,0.38976264437117303,2.092629497502848,8.522298416637666,66.94352159468446,10.077519379845,-33.05647840531555,0.6989411764705693,3.7157334026243984,0.3825529320209552,-0.07305154113552108,0.4556044731564763,0.12537467005877642,-0.3879870795629625,0.513361749621739,75.72713786241911
80.86,2020-04-29,82.0,79.68,81.87,1540000,0.5360177781405611,0.06383425499440348,0.4721835231461576,77.17333333333333,75.51807692307692,76.85161216269937,76.3155943845588,0.38008086826984405,0.840391572675037,-0.4603107044051929,0.03125398771123606,20.553770048396114,1.556999999999988,39.16080293420872,13.945830876964497,25.21497205724422,78.83500000000001,76.795,77.815,82.05,99.99989724905734,11.709772791959645,52.54685777880499,39.92295792378249,108.45647897306169,82.1825,83.78,0.0,32.0,-32.0,74.8677186127494,79.94614479424001,0.0,0.0,34346.433647989936,1973.5699999999977,14.260421313442093,41.39360878065778,58681.672025720596,-2789252.071912646,3.4202587359403887,78.54493149480487,51.210890671389144,296.63405584741287,75.46300000000001,82.06198810424802,68.864011895752,17.48933412201478,0.8195186847878513,0.0,0.0,78.724,77.30199999999999,80.146,-3.6126213098928,0.1638537271448638,1.0,1.0,71.39,81.87,76.63,13.887600545962925,0.7910305343511453,4.024557573399816,3.1286263610414533,57.0309838945409,0.9698472170224828,0.7295929722798965,0.48707768183842254,3.8561347397035464,8.147812549088203,63.92092257001656,39.80088338158915,-36.07907742998344,1.4205294117647043,6.225836555125985,0.7023699185772382,0.08203275080703078,0.6203371677702074,0.4019565297326305,-0.22999835770384391,0.6319548874364744,75.8672946421026
79.67,2020-04-30,80.58,78.32,80.23,2299900,0.6134491092310697,0.17375722584173672,0.43969188338933296,77.28166666666668,75.56769230769231,77.07751798382255,76.46406887459148,0.4358915441176466,0.8428308823529413,-0.40693933823529477,0.053534925346347205,20.355739747054812,0.730000000000004,44.3921521077482,20.342611348890742,24.04954075885746,78.83500000000001,76.63,77.7325,82.05,99.99994862452867,11.447004772348924,51.585556879214266,43.91582158069036,66.10012217186811,81.1525,83.78,96.0,28.000000000000004,68.0,75.28785549598443,79.94614479424001,0.0,0.0,34346.433647989936,1893.8999999999976,14.744125580374867,20.00149324056366,672147.6088866469,-2570166.6002545306,2.0604294186712955,78.58940949337594,43.996175885663746,291.571024773712,75.85,82.15962122476512,69.54037877523487,16.637102768002965,0.6957328270598323,0.0,0.0,78.77666666666667,77.77066666666667,79.78266666666667,-2.5540557694748873,0.7269715043074938,1.0,1.0,71.39,81.87,76.63,13.816743572841139,0.6612595419847319,3.712101816059834,3.1691371010711564,53.942927228621514,0.6930067157953663,0.8876179776059496,0.6945347595197013,4.49538157640118,8.433551059405136,41.51565074135079,57.46003163535059,-58.48434925864921,2.2483235294117634,1.6878732796676152,0.8022710774614753,0.22608041613791968,0.5761906613235557,0.49220819759425377,-0.08555704664422437,0.5777652442384782,75.88700225479609
77.39,2020-05-01,79.39,77.0,78.5,1665400,0.5618246636839501,0.2513707134101794,0.3104539502737707,77.31666666666666,75.60115384615385,77.06559214015755,76.5037674764736,0.3976886471787894,0.8001359619306598,-0.40244731475187046,0.07023148490874503,20.218808786335888,1.420500000000004,46.074568654149886,25.324918802197335,20.74964985195255,78.83500000000001,76.63,77.7325,82.05,99.99997431226433,10.873299071278861,51.25507778348266,47.86983804408531,17.276097745874804,81.1525,83.78,92.0,24.0,68.0,75.68278416622536,79.94614479424001,0.0,0.0,34346.433647989936,1816.5099999999975,14.485399245258519,2.5505942061975,1679028.2982297477,-2506458.9299342334,0.7561035759746717,78.7095014025415,43.880448856478075,286.65690637864947,76.2595,81.69022177523453,70.82877822476547,14.242741626248614,0.5681769413576723,0.0,0.0,78.50466666666667,77.42466666666667,79.58466666666666,-2.751428789795931,1.1966049382716053,0.0,1.0,71.39,81.87,76.63,13.742550108511075,0.5353053435114501,3.447891634453851,3.2326297842860763,51.0534504888762,0.4339686619463675,0.6989408649214055,0.7720506049357505,4.226135731699431,3.8294663784513703,19.76935749588141,41.73531026908291,-80.23064250411859,2.748058823529405,0.5484460694698376,0.7343751585263067,0.32773936461559716,0.4066357939107096,0.3256955150796754,-0.0033065342994443997,0.3290020493791198,75.91365888614165
77.82,2020-05-04,77.96,76.33,76.94,1529700,0.46152830704521364,0.2934022321371863,0.16812607490802733,77.20416666666667,75.61153846153846,76.95242411859485,76.49089581154963,0.49659692462818184,0.8227880010083192,-0.32619107638013733,0.08058865796847486,20.161940684183875,2.6055000000000064,47.524916328731905,29.78063120009406,17.744285128637845,78.83500000000001,76.63,77.7325,82.05,99.99998715613216,10.239744297351189,51.25507778348267,53.35089211141222,-47.971624916870866,81.1675,83.78,88.0,20.0,68.0,76.05401711625184,79.94614479424001,0.0,0.0,34346.433647989936,1738.6899999999976,14.26406822435984,-5.262262108973589,1959521.9737856574,-1937143.6934491496,0.0789685110396019,78.63151857908603,36.78941440735578,286.65690637864947,76.6545,80.729965494886,72.579034505114,10.63333658137749,0.46018859681094204,0.0,0.0,78.20933333333333,77.08833333333334,79.33033333333334,-2.866665530115763,1.3382396669640224,0.0,1.0,75.8,81.87,78.83500000000001,7.918647959350081,0.08731466227347619,3.199102471008465,3.4384461523866934,49.60113209870216,0.3037700954775629,0.4769151577397656,0.687824666755707,3.597271089423293,6.057622707977159,8.73146622734762,23.338824821526597,-91.26853377265239,2.37111764705881,-1.7378990731205053,0.6033767837969624,0.38286684845187025,0.2205099353450921,0.23514202987935223,0.04438317853631493,0.1907588513430373,75.92545287651053
76.55,2020-05-05,78.9,76.15,77.94,1712300,0.36332998424228435,0.3073877825582059,0.05594220168407843,76.945,75.64692307692309,76.82897425419564,76.46564426995336,0.43813038130381193,0.8147601476014766,-0.3766297662976647,0.0856305306566795,20.104684919872977,2.103499999999997,49.72350429326385,33.93275561988582,15.790748673378033,78.83500000000001,76.63,77.7325,82.05,99.99999357806608,9.641814043062595,51.93161885502294,50.02630989709939,-35.9919548389272,81.775,83.78,84.0,16.0,68.0,76.40297608927673,79.94614479424001,0.0,0.0,34346.433647989936,1662.1399999999976,14.417560155914025,-6.47893895054871,-1216459.830176373,-2025803.6171072668,-0.10155028890798787,78.6158242354768,43.72834367006663,285.98091734225284,76.8965,80.16962251527595,73.62337748472406,8.513059801879002,0.3859651607118252,0.0,0.0,78.203,77.061,79.345,-2.9206040688976023,1.3988616462346781,0.0,1.0,75.8,81.87,78.83500000000001,7.893727282776208,0.05766062602965537,3.1361922239076194,3.649311320688564,49.19622915080652,0.2674710416807661,0.3350699330348988,0.5036419852320233,2.964568732504862,5.135264143340982,5.766062602965537,11.422295442064845,-94.23393739703447,1.4435000000000144,-3.9237951047186463,0.4751545451701011,0.40132438779551644,0.07383015737458465,0.0318963109626454,0.04188580502158103,-0.009989494058935629,75.92686068178446
75.66,2020-05-06,78.15,75.31,77.01,1943400,0.2152449166987651,0.2889592093863178,-0.0737142926875527,76.6375,75.58192307692308,76.59528590739632,76.38004099069755,0.5067494600431955,0.8007559395248388,-0.29400647948164327,0.08456131431918602,20.18242325139016,-0.4060000000000059,48.3546292253177,37.94562679261859,10.409002432699111,78.83500000000001,76.63,77.7325,81.86500000000001,99.99999678903305,9.036099733641198,50.134449915804566,51.31308124243742,-73.17192707312284,81.6825,83.78,80.0,12.0,68.0,76.73099752392012,79.94614479424001,0.0,0.0,34346.433647989936,1586.4799999999975,14.458027264319975,-14.632576243327502,1265662.1728786628,-1386678.9047889851,-0.936145167437208,78.45019350201176,36.593682154613724,282.82630183906844,76.876,80.18329738608526,73.56870261391475,8.604238998088487,0.26325080311969934,0.0,0.0,78.04299999999999,76.793,79.293,-3.2033622490165685,1.5932000000000017,0.0,1.0,75.8,81.87,78.83500000000001,7.895832249336602,-0.08072487644151471,3.0225730015168577,3.950616840786976,47.257481060730825,0.09366464786257646,0.22163526167363515,0.3445401174827665,1.9034413311565517,-0.4648873779419048,-8.07248764415147,2.141680395387219,-108.07248764415147,0.5029411764705856,-4.670886075949364,0.28180780463967037,0.37742107116434725,-0.09561326652467689,-0.21943696460692244,-0.010378748904119668,-0.20905821570280278,75.9137538257252
76.69,2020-05-07,78.53,75.96,75.96,2598700,0.14862277071225094,0.26089192165150443,-0.11226915093925349,76.59500000000001,75.70500000000001,76.49754961395072,76.34892684323847,0.5724214623297184,0.7475674172921887,-0.17514595496247032,0.0809684833378846,20.41304002677497,0.2534999999999883,48.21828984080947,41.74432869553161,6.473961145277862,79.91499999999999,76.63,78.2725,81.505,99.99999839451652,8.473650732035614,48.76094952953739,49.90729067277108,-69.14496961619588,81.57499999999999,83.78,76.0,8.0,68.0,77.03933767248492,79.94614479424001,0.0,0.0,34346.433647989936,1663.1699999999976,14.47237219242668,-5.42099392285224,1122636.5888642888,-1280796.2175366392,-0.2742343986150163,78.14264035127982,29.129097890138937,282.82630183906844,76.85650000000001,80.18052933200151,73.53247066799851,8.649962806012505,0.3651486027260465,0.0,0.0,78.16566666666668,76.68566666666666,79.64566666666667,-3.7868288293666965,1.2451576576576577,0.0,1.0,75.8,81.87,78.83500000000001,7.897835576691635,0.026359143327841252,3.0423157013651716,4.1576470686214115,48.93449230760063,0.2440066539762256,0.20171411450652274,0.2528064364050188,1.4199311534131298,-18.81949745561506,2.6359143327841252,0.10982976386605436,-97.36408566721589,-0.2940588235294257,-0.6669282071400616,0.1946625536956229,0.3408693676706024,-0.14620681397497948,-0.30876791551987914,-0.07005658222727157,-0.23871133329260757,75.91507613833089
78.05,2020-05-08,79.17,77.8,77.97,1884800,0.24151285268052902,0.2570161078573094,-0.015503255176780362,76.6525,75.9826923076923,76.69792659641985,76.45641374373932,0.5166267624368172,0.774940143655228,-0.25831338121841085,0.08043263320639724,20.687577993221073,-2.837999999999994,48.11691811871262,44.68691744893561,3.4300006697770087,79.91499999999999,76.63,78.2725,80.42,99.99999919725826,8.39699715914209,53.0448841327763,45.73470028508944,4.119219886905595,80.375,83.78,72.0,4.0,68.0,77.32917741213582,79.94614479424001,0.0,0.0,34346.433647989936,1741.2199999999975,14.237046742008612,15.869433780412399,-2037155.6694426741,-1500586.1959458585,1.6163922469879326,78.01753818962639,36.40589311336601,282.82630183906844,76.898,80.24729007403155,73.54870992596844,8.710993976518395,0.634655401601907,0.0,0.0,78.47266666666667,76.88766666666666,80.05766666666668,-4.039623138417643,0.7121976866456367,1.0,1.0,75.8,81.87,78.83500000000001,7.893573304897407,0.32948929159802265,3.0590841312286554,4.211914737843053,53.446942934862186,0.648542330798652,0.328737877545818,0.2506957512419919,2.195004973859056,-7.679698272580372,32.94892915980227,9.17078528281163,-67.05107084019774,-0.46155882352941546,0.8948255738555282,0.3158830513421844,0.3358721044049188,-0.019989053062734408,-0.2355375192163737,-0.10315276962509201,-0.1323847495912817,76.0176455578378
77.91,2020-05-11,78.58,76.63,78.0,2205600,0.2182043658729782,0.24925375946044315,-0.031049393587464946,76.86666666666666,76.28346153846154,76.6874763508168,76.46927198494382,0.4744310575635868,0.7558232931726915,-0.2813922356091047,0.07878621272208217,20.916105362941728,-2.698999999999998,45.73157289971995,46.36637271140692,-0.6347998116869675,79.91499999999999,76.63,78.2725,79.075,99.99999959862913,8.125912588294959,52.57387388089373,47.948043070614695,-28.230962000716346,78.71,82.82499999999999,68.0,0.0,68.0,77.60162676740767,79.94614479424001,0.0,0.0,34346.433647989936,1663.3099999999974,13.433328925943306,0.5802718117820387,208445.6424079068,-1636612.3598614826,0.4447380053426824,78.01820859136207,36.399893895735424,278.5730014129539,76.979,80.21828325405579,73.73971674594421,8.416018015447827,0.44613005831412966,0.0,0.0,78.50966666666667,77.50766666666667,79.51166666666667,-2.5525519150508065,1.4379574184963413,0.0,1.0,75.8,81.87,78.83500000000001,7.885267410592508,0.13673805601317912,2.83117571810579,4.242982034594192,50.39732775681838,0.3751480619185134,0.42256568223113034,0.31767255809449035,2.0425921137254255,-5.64272730731313,13.673805601317913,16.419549697968094,-86.32619439868209,-0.2363529411764631,3.4701593302727423,0.28534908232935824,0.32576749998980675,-0.040418417660448513,-0.18987166584180526,-0.12049654886843467,-0.06937511697337059,76.02888309606926
76.33,2020-05-12,78.86,75.97,77.82,1895700,0.14480649882007413,0.22836430733236934,-0.08355780851229522,77.00750000000001,76.57346153846153,76.57709537376805,76.43228887494797,0.4916080129940438,0.7569030860855449,-0.26529507309150113,0.07461388805711892,21.012115559082254,-1.8165000000000049,40.015342919738075,46.46132159868797,-6.445978678949892,79.095,78.83500000000001,78.965,78.85499999999999,99.99999979931457,7.874191201079766,49.74361693888939,45.36681266587848,-35.34753405295904,77.82499999999999,82.05,64.0,52.0,12.0,77.85772916136321,79.94614479424001,0.0,0.0,34346.433647989936,1586.9799999999975,13.632044352893935,-6.699452732758215,-68125.24564391111,-1637456.2574352154,-0.2126781502099656,77.95656563613068,29.31325223418625,276.17370373668416,76.9265,80.1953241004995,73.6576758995005,8.498564475179556,0.35369356524050266,0.0,0.0,78.11699999999999,77.12899999999999,79.10499999999999,-2.5295390247961382,1.5865384615384577,0.0,1.0,75.8,81.87,78.83500000000001,7.890648866125466,0.028006589785832207,2.7710581462952115,4.375763468774357,48.70893469245392,0.22378568979446373,0.4158253608372098,0.38904297353805267,1.4579596666468786,-3.339695216364754,2.8006589785832205,16.474464579901124,-97.19934102141679,-0.12720588235293917,2.275175013462571,0.18945723195205397,0.29850544638225623,-0.10904821443020227,-0.3143462107014412,-0.15926648123503598,-0.15507972946640522,76.02256959408824
74.46,2020-05-13,76.42,73.55,76.09,1840100,-0.10739760213384386,0.1612119254391267,-0.2686095275729706,76.8775,76.65961538461539,76.11138839318835,76.2187859953222,0.49424657534246497,0.7342465753424662,-0.2400000000000012,0.06256087784434862,21.015603912946567,3.0549999999999926,35.40142387123837,45.46235179463131,-10.060927923392939,77.46000000000001,78.83500000000001,78.14750000000001,78.85499999999999,49.99999989965728,7.8131281747113865,49.454495279869285,56.921343958564286,-127.8608225656611,77.23249999999999,82.05,60.0,48.0,12.0,77.85772916136321,81.87,0.0,1.0,34346.433647989936,1512.5199999999975,12.236603528902563,-31.48427377093563,924053.1829169949,-1641589.3483238816,-2.5845775841970693,77.94137698292225,29.33164171912273,267.3762789236951,76.775,80.3596255034531,73.19037449654691,9.338001962756358,0.05016221403137628,0.0,0.0,77.534,76.526,78.542,-2.600149611783224,2.476190476190472,0.0,1.0,75.8,81.87,78.83500000000001,7.906219472484542,-0.3706754530477755,2.5389523316656906,4.52694244423426,43.01812987540595,0.0,0.19964458390432574,0.3460118756575552,-0.7177201754532743,-10.474641883456332,-37.067545304777546,-6.864360241625481,-137.06754530477755,-0.2433823529411825,-2.076953801091735,-0.14090699652502364,0.21062295780080026,-0.3515299543258239,-0.6018933707136986,-0.2477918591307685,-0.35410151158293013,75.63334963482198
75.53,2020-05-14,75.56,72.12,75.33,2216500,-0.4178435775007756,0.04540082485114624,-0.4632444023519219,76.235,76.52115384615385,75.49732864039014,75.91517221789091,0.49741637204242534,0.7318466140875716,-0.23443024204514623,0.04196488968580972,20.850012336054956,3.183000000000007,31.52163487429891,43.84535915242565,-12.32372427812674,76.78,78.715,77.7475,78.85499999999999,24.99999994982864,8.025164360505348,45.25290968533345,56.190127455348126,-154.11330583894082,76.785,82.05,56.00000000000001,100.0,-43.99999999999999,77.85772916136321,81.76100000000001,0.0,0.0,34346.433647989936,1436.9899999999975,13.629282322745992,-42.416220375087605,246656.95750033594,-1633026.5348660299,-4.053073845243972,77.87597909275293,29.329561002642535,267.3762789236951,76.497,80.58483610239043,72.40916389760957,10.687572329347363,-0.0353688223263741,0.0,1.0,76.99666666666667,76.00066666666666,77.99266666666666,-2.587124983765537,2.9481258366800436,0.0,1.0,75.56,81.87,78.715,8.248689491091158,-0.5451664025356572,2.486057098499122,4.933158522303808,40.04114325361139,0.0,0.07459522993148794,0.23002172489100778,-3.478394264256847,-17.50016467440309,-54.51664025356571,-29.594508859920023,-154.51664025356573,-0.5236764705882564,-9.658023299511456,-0.5504085221614007,0.05841666180836007,-0.6088251839697607,-0.7106994983982535,-0.34037338698426556,-0.37032611141398797,75.07557366221083
75.07,2020-05-15,76.21,74.65,75.28,1974900,-0.4544853692839723,-0.054576413975877466,-0.39990895530809484,75.81583333333333,76.45576923076923,75.36697038802242,75.8214557573064,0.5400717703349281,0.6501196172248809,-0.11004784688995273,0.022967020154019222,20.81514499757703,2.0534999999999854,26.950940791726435,41.55936187053615,-14.608421078809716,76.78,78.715,77.7475,78.85499999999999,12.49999997491432,8.222055104456885,38.92966645287962,48.33861369339654,-102.20895065273093,76.785,82.05,52.0,96.0,-44.0,77.85772916136321,81.51296,0.0,0.0,34346.433647989936,1512.0599999999974,11.945763494836088,-9.224317464360798,-371653.1237511592,-79575.32221186631,-1.4195866017608907,77.74068785902953,28.866591945502662,276.75595149270436,76.26650000000001,80.22292907177756,72.31007092822246,10.37527373559177,0.29571224825803094,0.0,0.0,76.70500000000001,75.70500000000001,77.70500000000001,-2.6073919561958148,1.5275000000000034,0.0,1.0,75.56,81.87,78.715,8.273619479063548,-0.14421553090332745,2.6464513886492087,5.038382200224191,47.02599697825334,0.40313860621480546,0.1343795354049352,0.13620644974691626,-3.861583130320144,-2.031142198381716,-14.421553090332745,-35.33524621622535,-114.42155309033275,-1.0316176470588232,-6.312751004016065,-0.5994152509267493,-0.0731497207386618,-0.5262655301880875,-0.8362324209196594,-0.4395451937713444,-0.39668722714831506,75.06197965019165
78.59,2020-05-18,78.89,76.88,77.41,2976300,-0.3001222674698596,-0.1036855846746739,-0.1964366827951857,75.69583333333334,76.4523076923077,75.5997441744805,75.89986644195037,0.6438127090301007,0.5936454849498336,0.05016722408026708,0.011537821885798515,21.0149202012428,0.839500000000001,24.3481076534473,38.73987335500098,-14.39176570155368,76.78,78.715,77.7475,78.85499999999999,11.456876765309985,7.688598258409441,43.3722728387983,42.72340479205216,11.773180000497186,77.185,82.05,48.0,92.0,-44.0,77.85772916136321,81.2748416,0.0,0.0,34346.433647989936,1590.6499999999974,11.778181904799279,17.129970744833486,-4529074.945921887,-6116.765531431617,0.928111991675129,77.46034614126981,28.463800704484512,276.75595149270436,76.1605,79.92736328395479,72.39363671604521,9.891907967922457,0.5955038643245636,0.0,0.0,76.77000000000001,75.724,77.816,-2.72502279536277,0.4474187380497168,1.0,1.0,75.56,81.87,78.715,8.285134682676718,0.20919175911251867,2.805806249784287,5.1251670627074555,52.30055772618437,0.7215732467224761,0.3749039509790939,0.19462623877183896,-2.5440717166758438,0.6410015817295027,20.919175911251866,-16.00633914421554,-79.08082408874813,-1.0410882352941115,-1.8386108273748696,-0.395418703008389,-0.13760351719260724,-0.2578151858157818,-0.5591732267923868,-0.4634708003755529,-0.09570242641683391,75.07614069839713
79.99,2020-05-19,81.2,78.71,78.73,2072900,-0.0297794125731059,-0.0889043502543603,0.0591249376812544,75.83833333333332,76.59461538461538,76.07824507071427,76.10802448328738,0.5737909516380658,0.663026521060843,-0.08923556942277722,0.010343522324782684,21.322693902198477,0.05749999999999034,21.103546897327515,35.71197531855763,-14.608428421230112,77.14500000000001,78.715,77.93,78.85499999999999,33.331876968322796,7.653871534733049,45.536894721233885,39.418077318041995,91.84769913571621,77.185,82.05,44.0,88.0,-44.0,77.85772916136321,81.046247936,0.0,0.0,34346.433647989936,1670.6399999999974,11.56118407398772,35.59450349557154,-5604513.06413303,-410630.67525705666,2.8321403475544193,77.3360942907509,36.15273846060146,276.75595149270436,76.27250000000001,80.19931996022312,72.3456800397769,10.296817228288342,0.8103656425161764,0.0,0.0,76.95833333333334,75.76133333333333,78.15533333333333,-3.1107742284786206,-0.23169033695349256,1.0,0.0,75.56,81.87,78.715,8.272968632206892,0.4992076069730571,2.957225624805859,5.124921028991474,56.158370152293145,1.0,0.7082372843124273,0.4058402568988188,-0.1983117845249861,2.5924428863326687,67.45182012847945,24.64981431646618,-32.54817987152055,-0.7959411764705919,2.220779220779213,-0.03912782229637978,-0.11790837821336175,0.07878055591698196,-0.19159099621614373,-0.4090948395436711,0.21750384332752737,75.1730807165041
79.61,2020-05-20,81.63,79.51,80.6,2380800,0.2461846978169433,-0.02188654064009958,0.2680712384570429,76.10333333333334,76.69038461538462,76.60620736752747,76.36002266971053,0.5054299970648669,0.6709715292045788,-0.1655415321397119,0.018088624533550486,21.677599945065534,-0.2424999999999926,20.03420460316216,32.58041029215238,-12.54620568899022,78.08,78.715,78.39750000000001,78.85499999999999,55.46765797373669,8.219448943863416,49.72605921325632,36.32606147690225,125.38892683296977,77.185,82.05,40.0,84.0,-44.0,77.85772916136321,80.82679801856,0.0,0.0,34346.433647989936,1750.2499999999973,8.432340226357855,39.607860139061444,-1487878.4072352627,-564918.2478371931,3.6412878510482622,77.40011343182205,43.80146785431314,279.5688693073933,76.3925,80.55402796458303,72.23097203541697,10.895121810604524,0.8745619429367897,0.0,0.0,77.334,76.148,78.52,-3.06721493780226,-0.4173693086003411,1.0,0.0,75.56,81.87,78.715,8.259973164904935,0.6259904912836769,2.953503062325273,5.099926972926433,57.76645487220653,1.0,0.9071910822408255,0.6634441058441155,2.217064479060542,9.752442869931851,78.37301587301606,55.58133730424911,-21.626984126983945,-0.05776470588234872,4.166120791300939,0.3223999800023587,-0.029846706570217665,0.35224668657257635,0.058195126534556205,-0.31563684632802563,0.37383197286258185,75.39665695059274
81.22,2020-05-21,81.26,78.83,79.16,1643000,0.40534535754910905,0.06355983899774215,0.3417855185513669,76.32666666666667,76.77692307692307,76.94832931098479,76.54298395343568,0.5067625899280581,0.6526618705035975,-0.14589928057553936,0.029702423557104358,21.906207885210158,-1.320999999999998,15.65363078069926,28.97337836570644,-13.319747585007182,78.08,78.715,78.39750000000001,78.85499999999999,72.1346889283974,8.588971697042163,49.72605921325633,37.979815358255884,78.78182513707713,77.185,82.05,36.0,80.0,-44.0,77.85772916136321,80.6161260978176,0.0,0.0,34346.433647989936,1669.0299999999972,7.648715862639473,26.059651547766876,2339940.9012558428,-517710.20476390055,2.94666327552316,77.51222766763884,43.58350298023771,279.5688693073933,76.631,80.77719777627726,72.48480222372274,10.821202323543375,0.7651827190422172,0.0,0.0,77.62733333333333,76.48833333333333,78.76633333333334,-2.934533368830574,-0.027948492829966025,1.0,0.0,75.56,81.87,78.715,8.234265506126766,0.5182250396196505,2.8331527560927454,5.016357130573542,55.889908746591544,0.8941318400492123,0.9647106133497375,0.86004632663433,3.659275303965342,10.619952516483538,64.88095238095241,70.2352627941493,-35.1190476190476,0.66935294117647,3.5193696651345925,0.5295656592062019,0.08203576658506626,0.4475298926211356,0.416944572128666,-0.1691205626366873,0.5860651347653533,75.50224509478558
81.7,2020-05-22,82.41,79.78,81.41,2403600,0.6012080356008056,0.17108947831835486,0.43011855728245074,76.69916666666667,76.8576923076923,77.38397095544866,76.78276291984785,0.4096869146374099,0.6794219962536795,-0.2697350816162696,0.04578344805509172,22.18375834335459,-0.945999999999998,14.109238628196517,25.459785668870506,-11.35054704067399,78.485,78.715,78.6,78.85499999999999,83.26777463170461,9.612034715053223,53.86674646449018,33.78427291848138,122.87335881555386,77.185,82.05,32.0,76.0,-44.0,75.56,80.6161260978176,1.0,0.0,34346.433647989936,1750.7299999999973,6.918061620803654,33.424701326657356,-2080783.353733165,-806303.4424438163,3.931250361657883,77.82048469074945,51.095866185173236,279.5688693073933,76.90599999999999,81.12100367734197,72.69099632265801,10.961443001435475,0.8409249694667382,0.0,0.0,77.916,76.797,79.035,-2.872324041275219,-0.3328865058087599,1.0,0.0,75.56,81.87,78.715,8.204821470366424,0.6687797147385098,2.9078374804834706,4.877583647754964,57.94531326264345,1.0,0.9647106133497375,0.9455374363134336,5.475533304167365,18.853609782829835,72.1367521367522,71.79690679690687,-27.863247863247814,1.5801470588235418,5.9354667374850605,0.782998700148881,0.2222283532978292,0.5607703468510518,0.7398996719007577,0.012683484270801682,0.727216187629956,75.5929583173673
85.2,2020-05-26,85.43,83.58,84.15,3583900,1.0509442302498542,0.3470604287046547,0.7038838015451995,77.33416666666666,77.02384615384616,78.33720619307195,77.2862619628221,0.4210135970333751,0.6786155747836837,-0.25760197775030863,0.0738169296553398,22.502833339469305,0.47049999999998704,21.222052690822572,23.371642310102114,-2.149589619279542,79.855,79.855,79.855,77.77000000000001,90.23410259634664,11.255723985092922,55.34820241515239,28.118340722525097,200.00456527197625,77.955,82.05,100.0,72.0,28.0,75.677,80.6161260978176,0.0,0.0,34346.433647989936,1835.9299999999973,6.9449543182803435,74.90117256570628,-4326760.5633803,-1028467.7805298112,7.989410301492418,78.3418929267677,51.80474551843924,279.5688693073933,77.32950000000001,82.36062104803754,72.29837895196248,13.012164951376986,1.121183622926156,1.0,0.0,78.58099999999999,77.392,79.77000000000001,-3.0261768111884737,-1.602186711522273,1.0,0.0,75.56,84.15,79.855,11.108309248087732,0.9336437718277057,3.1820537324351243,4.7194225880597065,64.97562279103806,1.0,0.9647106133497375,0.9647106133497375,9.461052395937946,31.30297274067974,93.36437718277057,76.7940272334917,-6.63562281722942,2.602705882352936,10.03159557661928,1.3598072976480633,0.449744142167876,0.9100631554801872,1.3339414104430103,0.2769350695052434,1.0570063409377668,76.34084162643693
87.53,2020-05-27,88.17,85.88,87.0,4501500,1.5748008587612077,0.5926085147159653,0.9821923440452424,78.0075,77.28846153846153,79.49763600952241,77.9228351507612,0.38824349442379213,0.7263011152416354,-0.3380576208178433,0.11436193879359485,22.823938648214465,-1.0019999999999953,30.367991281762453,22.81237202238257,7.555619259379885,81.28,81.28,81.28,79.195,95.11705129817332,13.37717532339387,58.813941349926004,24.63610479844816,239.65644985181723,78.21000000000001,82.05,100.0,68.0,32.0,76.01592000000001,80.6161260978176,0.0,0.0,34346.433647989936,1923.4599999999973,6.862507143737856,92.96086219917677,-3736033.3599908585,-1385731.7471633484,10.398108554663029,79.13096499620897,59.426661021176315,279.5688693073933,77.63199999999999,83.82214248624425,71.44185751375574,15.947399232904615,1.1662205287138967,1.0,0.0,79.52766666666668,78.32566666666666,80.72966666666667,-3.0228473948269703,-2.1424015529672626,1.0,0.0,75.56,87.0,81.28,14.736191261335529,0.9020979020979016,3.3228483591916125,4.470240402627606,68.41707194860794,1.0,1.0,0.9764737422331583,14.015507514776518,32.36158511475749,90.20979020979017,85.23697317643763,-9.790209790209833,3.8765588235294217,10.385604113110539,2.0209747960458087,0.7639902729434627,1.256984523102346,2.007483046981704,0.6230446650005355,1.3844383819811685,77.71164780818803
97.64,2020-05-28,99.82,95.05,96.86,13547000,2.698793364190209,1.013845484610814,1.6849478795793948,79.5425,78.00307692307692,81.89030739267281,79.1915140284826,0.43173363095238093,0.7916666666666664,-0.3599330357142855,0.18472338262977078,23.42253082875271,-2.430499999999995,54.22713698135952,25.33520558983375,28.891931391525773,86.535,86.21000000000001,86.3725,84.125,97.55852564908665,16.67738076796252,68.10375053151445,17.2499636340745,361.29111639734265,78.21000000000001,82.05,100.0,64.0,36.0,76.67496480000001,80.6161260978176,0.0,0.0,34346.433647989936,2021.0999999999974,5.165091085323724,207.58913902786583,-32604260.548955265,-3794795.8284361735,20.82380487511017,80.85485183774351,67.48311787010543,279.5688693073933,78.4005,88.18793985933021,68.61306014066977,24.96779959140623,1.3505543962105822,1.0,0.0,81.71666666666667,80.25166666666667,83.18166666666666,-3.585559861309393,-4.05062571103528,1.0,0.0,75.56,96.86,86.21000000000001,27.16819408039489,0.9150234741784037,4.384563523272451,4.278363417567245,77.78803309237821,1.0,1.0,0.9882368711165791,22.571682156419868,41.053879050903916,91.50234741784037,91.69217160346703,-8.497652582159636,6.73685294117648,24.037583191961374,3.407932525724336,1.2927787234996373,2.1151538022246985,3.477918736272704,1.1940194792549692,2.283899257017735,83.30283696864498
97.87,2020-05-29,99.31,96.06,97.02,3934700,3.6292285936381177,1.536922106416275,2.0923064872218426,81.21666666666665,78.73192307692308,84.07026010149238,80.44103150785426,0.46433132640029184,0.7626345557380038,-0.2983032293377119,0.2739643456938254,24.0829044478902,-5.737499999999997,79.4660509822116,31.17021783322099,48.29583314899061,87.955,86.28999999999999,87.1225,84.205,98.77926282454332,19.545040591320692,64.37461007078434,17.72297227397211,252.1695577573464,78.21000000000001,82.05,100.0,60.0,40.0,78.289767616,80.6161260978176,0.0,0.0,34346.433647989936,2118.9699999999975,4.629156457789369,192.05479059531365,409471.74823745235,-3620036.7271733074,21.863770156541012,82.4426615302021,68.6596527300234,279.5688693073933,79.2875,91.73809014665592,66.83690985334407,31.40618671708889,1.1735624497488135,1.0,0.0,84.02933333333333,82.35833333333332,85.70033333333333,-3.9771825711656406,-3.0998404149211938,1.0,0.0,75.56,97.02,86.28999999999999,27.066057070786687,0.9552656104380245,4.372107170945206,4.224039623583646,78.54318399312035,1.0,1.0,1.0,29.18635078756578,39.31556307029081,95.52656104380245,92.41289955714431,-4.473438956197549,9.798882352941163,26.44464920363302,4.511663420531548,1.9365556629060197,2.575107757625528,4.5675134300447064,1.8687182694129167,2.6987951606317897,88.4354784194917
96.25,2020-06-01,98.0,95.58,97.41,3060400,4.278552735300863,2.0852482321931927,2.1933045031076706,83.0525,79.5596153846154,85.8409893166474,81.56243658134653,0.4677505806682151,0.7534393425049132,-0.28568876183669806,0.36979640494527843,24.604850343354105,-8.096499999999992,100.91066404190678,39.67716854304982,61.23349549885697,89.305,86.485,87.89500000000001,84.4,99.38963141227165,21.69722150258388,61.87426477093254,20.803574219745673,185.54494828957817,77.975,82.05,100.0,56.00000000000001,43.99999999999999,80.1627908544,80.6161260978176,0.0,0.0,34346.433647989936,2022.7199999999975,4.7934628583816385,158.01839193884024,281974.0259740281,-3614784.699775728,21.382820749920146,83.95721354367504,66.36149668680548,278.17189806788105,80.2165,94.48561388278912,65.94738611721087,35.576505788183546,1.0383480756478818,1.0,0.0,86.191,84.554,87.828,-3.7985404508591394,-2.367745876603541,1.0,0.0,75.56,97.41,86.485,27.23878503799093,0.9162471395881008,4.128896453850685,4.088106624355842,77.199899476791,0.9651113423982502,0.9883704474660835,0.9961234824886945,33.70999563255704,38.40896485077053,91.62471395881008,92.88454080681761,-8.375286041189925,12.358470588235292,29.952413324269205,5.245739233199141,2.598392376964644,2.6473468562344973,5.186856348968154,2.532345885323964,2.6545104636441894,91.06423826338087
96.98,2020-06-02,99.61,96.75,96.75,3926000,4.831857373523235,2.6345700604592013,2.1972873130640336,85.105,80.42384615384616,87.5192986525478,82.68744127902457,0.4616583001557901,0.7531590791068028,-0.2915007789510127,0.4676124890816807,24.59841346088946,-6.5874999999999915,122.52910071552772,50.94667452284984,71.58242619267787,89.33500000000001,86.485,87.91,84.4,99.69481570613583,23.695675205899693,59.70971703738714,20.07580267217735,153.93170948726504,77.80250000000001,82.05,96.0,52.0,44.0,82.232455951872,80.6161260978176,0.0,0.0,34346.433647989936,2119.6999999999975,4.692930012729871,151.65385023329165,-1400804.2895442396,-3709976.0600543222,22.569958226379658,85.49148428816812,73.3695907091837,278.17189806788105,81.2375,97.08326268281225,65.39173731718775,39.01095598168888,0.9894841703273225,0.0,0.0,88.18866666666666,86.41366666666666,89.96366666666667,-4.025460565605571,-1.9116431924882562,1.0,0.0,75.56,97.41,86.485,26.896445607016457,0.9697940503432496,4.119006808465617,3.878482185427581,78.17950972118396,0.9905544156893688,0.9852219193625397,0.991197455609541,37.62830167160241,40.28761456275567,96.97940503432497,94.71022667897915,-3.0205949656750426,14.465882352941193,34.15141430948418,5.843520247794799,3.247417951130675,2.5961022966641236,5.658289699679217,3.157534648195015,2.5007550514842016,93.13650969494951
94.57,2020-06-03,98.08,94.54,97.73,2375600,5.033997960466408,3.114455640460643,1.9195423200057649,86.7625,81.17115384615386,88.59940655215583,83.56540859168942,0.4395566922421142,0.7406649616368288,-0.30110826939471463,0.5553819195985571,24.517529979720393,-5.277000000000001,142.39769768418907,64.5426181985195,77.85507948566956,89.495,86.64500000000001,88.07000000000001,84.56,99.84740785306792,24.92961945084463,57.883155892365934,24.237562773970627,120.99457029160901,77.80250000000001,82.05,100.0,48.0,52.0,84.05376123764736,80.6161260978176,0.0,0.0,34346.433647989936,2025.1299999999976,5.515956495519147,100.13191448567864,101776.46188008664,-3768710.111556959,20.40975460880861,87.00070133167736,70.89636526946806,271.8177906288111,82.157,98.82796409929567,65.48603590070432,40.58318609320125,0.8713942374971336,0.0,0.0,89.91233333333334,88.34933333333333,91.47533333333334,-3.476719916066396,-0.9803796118575377,1.0,0.0,75.56,97.73,86.64500000000001,26.984919118273552,0.8561118628777629,3.8401061276190545,3.3158628060322113,71.89586575885599,0.8273515349682958,0.9276724310186384,0.9670882659490871,38.81380808240735,36.89916045894979,85.61118628777629,91.40510176030376,-14.388813712223714,15.961058823529413,26.644340254521097,6.024021237140268,3.802738608332594,2.221282628807674,5.7313730472951585,3.6723023280150437,2.0590707192801148,93.46916710353551
93.26,2020-06-04,95.96,92.24,94.26,2674800,4.951526933593229,3.4818698990871604,1.4696570345060684,88.0425,81.64846153846155,89.15949785182417,84.20797091823094,0.49104374784705473,0.7695487426799867,-0.278504994832932,0.6252124442753072,24.636500653172742,-4.293500000000009,159.31919587319237,80.50545876435207,78.8137371088403,90.07,86.64500000000001,88.3575,84.56,99.92370392653396,25.27136231561825,57.88315589236595,31.364183893645524,84.92818841704155,77.80250000000001,82.05,96.0,44.0,52.0,85.96843466437673,80.6161260978176,0.0,0.0,34346.433647989936,1931.8699999999976,5.466383151791962,55.18478384486726,5094895.989706166,-3422407.3235422564,18.14089486690041,88.32554465733155,68.82262256658505,265.2049186333989,83.0035,99.91538608641878,66.09161391358123,40.74981437269217,0.7730771704824052,0.0,0.0,91.26966666666667,89.63966666666667,92.89966666666666,-3.571832920028185,0.20235173824130928,1.0,1.0,75.56,97.73,86.64500000000001,26.70971706012397,0.7523680649526383,3.5980955148571474,2.425775313892525,65.95453744937942,0.6005783594264701,0.8061614366947117,0.9063519290252966,37.83331841498397,28.31144594014869,74.48884758364309,85.69314630191478,-25.511152416356907,14.868735294117641,19.979188345473464,5.880116667816809,4.218214220229437,1.661902447587372,5.599661173663851,4.057774097144805,1.5418870765190453,93.28888255843029
92.9,2020-06-05,95.25,92.34,94.8,3719800,4.838462431814037,3.7531884056325358,1.085274026181501,89.17833333333333,82.13538461538461,89.64880587462046,84.81034344280643,0.5157950157950155,0.7860652860652864,-0.27027027027027084,0.6786773864750174,24.732665711834244,-4.312499999999986,176.66944829295846,98.56770428265895,78.10174401029951,91.58000000000001,86.64500000000001,89.11250000000001,84.56,99.96185196326698,25.329322790000607,52.97370617189959,31.056316017688783,74.54772301933869,77.815,82.05,92.0,40.0,52.0,87.61505381136399,80.6161260978176,0.0,0.0,34346.433647989936,2024.7699999999977,6.021054041785323,48.62838615274349,41173.30462863361,-3392919.721515129,18.24161039161855,89.54089395779546,61.831894376078154,265.49243480711255,83.82249999999999,100.8765527441428,66.76844725585718,40.690871172162154,0.7497207006388946,0.0,0.0,92.70766666666665,91.24266666666666,94.17266666666667,-3.160472165193106,0.6254835039817965,1.0,1.0,75.56,97.73,86.64500000000001,26.448745861791288,0.7568786648624267,3.539285963371433,2.088294925931122,66.08576303857548,0.525298237004563,0.6510760437997765,0.7949699705043756,37.10506582795497,23.926037419792596,71.39065817409767,77.16356401517235,-28.60934182590233,13.854558823529416,17.31673230847416,5.705038130257015,4.5155790022349525,1.1894591280220626,5.397040943500445,4.325627466415933,1.071413477084512,93.12872425940206
93.73,2020-06-08,94.05,91.81,92.73,3192600,4.652460757407951,3.933042875987619,0.7194178814203323,90.20333333333333,82.65423076923076,89.981297278525,85.32883652111705,0.5640036730945818,0.7700642791551886,-0.20606060606060683,0.7159405766140982,24.853903219828933,-5.692999999999998,189.0092797491636,117.2107295113635,71.7985502378001,92.95,86.64500000000001,89.79750000000001,84.56,99.98092598163349,24.946510253285282,52.24668232217739,34.85293472105763,57.142076166656416,77.7325,82.05,88.0,36.0,52.0,89.03114627777303,80.6161260978176,0.0,0.0,34346.433647989936,1931.0399999999977,6.038422188744596,34.584773845208694,2302571.215192559,-2904944.9957212396,17.70363226729539,90.52614753599005,55.06114901383139,265.49243480711255,84.523,101.68061766679759,67.3653823332024,40.598695424434986,0.712354656150818,0.0,0.0,93.874,92.377,95.371,-3.1893815113876047,1.1893787575150279,0.0,1.0,75.56,97.73,86.64500000000001,26.229546987210583,0.7329724853405503,3.356357367034289,2.311087006023039,64.66318231546856,0.3872849940417052,0.5043871968242462,0.6538748924395781,36.090516089428064,-0.5969014481677578,64.18632788868723,70.02194454880932,-35.813672111312776,12.613764705882346,15.46975223242359,5.452389774770417,4.702941156742046,0.7494486180283708,5.246995263997748,4.5099010259322965,0.7370942380654517,92.93978947149421
92.58,2020-06-09,93.96,92.27,93.74,2432500,4.4904086107090535,4.044516022931906,0.4458925877771476,91.32333333333332,83.24153846153845,90.33340538952115,85.8429967788121,0.5902830910482019,0.7530604437643461,-0.16277735271614424,0.7402923424388441,24.844273121153673,-5.525000000000006,196.78542767709237,135.7015557775113,61.083871899581084,95.845,86.64500000000001,91.245,84.56,99.99046299081675,24.83167757073868,52.25247045485618,32.47747361711268,54.76935749588127,77.7325,82.05,84.0,32.0,52.0,90.2489857988848,80.6161260978176,0.0,0.0,34346.433647989936,2023.6199999999976,6.49782693789664,35.72792043875023,-109310.86627781173,-2512430.5530172954,18.16749023483705,91.42085748678247,55.9417280512114,266.8226441526225,85.305,102.3778164050342,68.23218359496582,40.027703897858714,0.7039792332665818,0.0,0.0,94.76766666666666,93.37666666666667,96.15866666666666,-2.9356003981667413,1.3977953510663805,0.0,1.0,75.56,97.73,86.64500000000001,25.98909794267628,0.7537212449255748,3.235721630330859,2.621574916315809,65.36014845303245,0.41805167700383833,0.4435449693500357,0.5330027366580193,35.44803107427249,-4.348265146195331,66.84881602914385,67.47526736397624,-33.15118397085615,11.292029411764702,17.04934669542052,5.230955091513515,4.80854394369634,0.4224111478171748,4.966144257201091,4.601149672186056,0.3649945850150358,92.8669682915891
91.47,2020-06-10,93.0,91.04,92.66,2687800,4.214152272290178,4.07844327280356,0.13570899948661808,92.26166666666666,83.80730769230769,90.44211225267175,86.22795998038157,0.6300658814134554,0.7428628468756242,-0.11279696546216877,0.7503296887247771,24.75990786515403,-2.478500000000011,201.31415673107296,152.04455797192387,49.26959875914909,95.36500000000001,86.64500000000001,91.00500000000001,84.56,99.99523149540838,24.361114922149998,51.488787292805796,35.600408215492806,40.81491664023133,77.7325,82.05,80.0,28.000000000000004,52.0,91.29632778704094,80.6161260978176,0.0,0.0,34346.433647989936,1932.1499999999976,6.793826445631785,14.551346090357477,379140.7018694677,-2379072.0452241,16.948154589448524,92.15151290045989,49.558864013972304,263.2657800331067,86.05850000000001,102.74261253258635,69.37438746741367,38.77388644372453,0.649288731728177,0.0,0.0,95.28933333333333,93.98133333333332,96.59733333333332,-2.745323016217275,2.1243628950050915,0.0,1.0,75.56,97.73,86.64500000000001,25.76154592515556,0.6982408660351828,2.985149467297773,3.0595111365676777,61.84747193350783,0.2629890433980038,0.3561085714811825,0.4346802458851547,33.89934532859855,-9.305043919851089,59.38069216757742,63.47194536180283,-40.61930783242258,9.872617647058817,14.11381298571071,4.88722251256898,4.824279657470868,0.06294285509811193,4.591393235382939,4.599198384825432,-0.007805149442493331,92.76945646822313
89.1,2020-06-11,90.94,88.85,90.47,2505600,3.7749867390868985,4.017751966060228,-0.24276522697332936,92.70083333333334,84.29576923076924,90.19717190610686,86.42218516701996,0.6464935595992635,0.7824575751380085,-0.13596401553874504,0.7435288015200158,24.614195158805813,-0.9435000000000002,197.03370070201052,165.10763016301266,31.926070538997863,94.33500000000001,86.64500000000001,90.49000000000001,84.56,49.99761574770419,23.188155899626576,51.281825612981415,43.737580640410805,17.63801416764509,77.7325,82.05,76.0,24.0,52.0,91.29632778704094,97.73,0.0,1.0,34346.433647989936,1843.0499999999977,6.443510354649308,-15.402989065408024,1120931.5375982015,-2466144.1426282176,14.804821988394027,92.78932343234324,48.91773973027233,256.9328268447004,86.8235,102.51696013471867,71.13003986528132,36.150259168816454,0.5645651112821438,0.0,0.0,94.57366666666665,93.51466666666667,95.63266666666667,-2.2395240394612967,3.20239219389362,0.0,1.0,75.56,97.73,86.64500000000001,25.534561495447665,0.599458728010825,2.743634520567997,3.7510991582798154,56.069499157095045,0.0,0.22701357346728082,0.34222237143283296,30.821504239939358,-32.86402122526478,42.03655352480414,56.088687240508456,-57.96344647519585,8.56955882352942,6.305336204833687,4.368076011722383,4.733038928321172,-0.3649629165987882,4.037739020307216,4.48690651192179,-0.44916749161457403,92.19105497956387
87.77,2020-06-12,90.25,86.13,89.85,2800100,3.170911330006419,3.848383838849466,-0.6774725088430471,92.72166666666665,84.71192307692307,89.5714531513212,86.40054182131477,0.6967686710892357,0.7541194093729936,-0.05735073828375792,0.7178676917692268,24.235752766379107,7.525999999999996,190.0659093603519,175.01376853172877,15.052140828623124,93.99000000000001,86.64500000000001,90.31750000000001,84.56,24.998807873852094,21.864010729127653,49.15407140985967,44.78575352292578,-1.2441959447360287,77.7325,81.86500000000001,72.0,20.0,52.0,91.29632778704094,97.5942,0.0,0.0,34346.433647989936,1755.2799999999977,6.137605355493098,-47.30747634177828,298507.46268657193,-2296194.7985982364,12.117884453222391,93.24560686792357,42.96447296767071,249.06724114951092,87.524,101.70777580195077,73.34022419804923,32.41116905523233,0.45085934734641386,0.0,0.0,93.70166666666667,92.83166666666668,94.57166666666666,-1.8569573646857729,4.85153256704986,0.0,1.0,76.21,97.73,86.97,24.58754170284723,0.46096654275092924,2.6092710685111977,4.7620474397601855,49.8414289870073,0.0,0.08766301446600137,0.22359505313815484,26.143877628952495,-37.58281226454585,5.6910569105690145,35.70276753431685,-94.308943089431,7.153235294117636,0.2911038658593386,3.6700132466347144,4.52043379198388,-0.8504205453491656,3.441163853683904,4.277757980274213,-0.8365941265903092,90.60795329570337
89.11,2020-06-15,89.75,85.51,86.01,2414100,2.612038444487453,3.6011147599770634,-0.9890763154896103,91.92666666666666,85.07923076923076,88.94661420496409,86.33457576047664,0.7843400447427287,0.7006711409395968,0.08366890380313186,0.6780881135999594,24.377823625107347,7.993000000000009,182.17339966206373,181.64091285912164,0.5324868029420884,93.74000000000001,86.64500000000001,90.19250000000001,84.56,12.499403936926047,20.460800549147052,49.154071409859675,47.019905267693055,-26.66937765804238,78.2725,81.505,68.0,16.0,52.0,91.29632778704094,97.300432,0.0,0.0,34346.433647989936,1666.1699999999978,6.053661515622219,-48.44186543580983,9107619.795758016,-1336596.201516928,11.476433158667657,93.4041723043964,36.844946587427806,249.06724114951092,88.067,101.01548886936249,75.1185111306375,29.405995138616035,0.40126260964512533,0.0,0.0,92.711,91.526,93.89599999999999,-2.5563309639632736,3.5383966244725804,0.0,1.0,78.89,97.73,88.31,21.39280320664949,0.3513800424628452,2.7103439616600786,5.684862724692104,48.518484810658336,0.0,0.0,0.10489219597776066,21.91362749403793,-25.838404269383375,-27.824267782426737,6.63444755098213,-127.82426778242674,5.775205882352921,-10.036822724881633,3.0254836158970577,4.221443756766515,-1.1959601408694573,3.053311132063683,4.032868610632107,-0.9795574785684242,89.2680037496988
91.13,2020-06-16,91.88,89.47,91.0,2352400,2.460305688659332,3.3729529457135174,-0.9126472570541853,91.3775,85.52807692307692,89.02713509650808,86.56682940784874,0.747418244406196,0.7136402753872629,0.03377796901893304,0.6389339982938504,24.520192956191327,6.883499999999998,173.42568034035597,185.08846648758467,-11.6627861472287,92.275,86.64500000000001,89.46000000000001,84.56,6.2497019684630235,20.553224810268716,57.87629574829685,37.19399991480579,8.622904948177148,78.2725,80.42,64.0,12.0,52.0,91.29632778704094,96.84740608,0.0,0.0,34346.433647989936,1757.299999999998,6.163253880522411,10.031943912162916,-3437726.325030154,-1315288.556162592,15.696697455241143,93.64970368609893,37.184376226540564,249.06724114951092,88.6965,100.58944627079447,76.80355372920553,26.817171524906776,0.5325192758122301,0.0,0.0,92.01899999999999,91.03200000000001,93.006,-2.1452091415903127,1.7912867274569504,0.0,1.0,81.2,97.73,89.465,18.63658656204022,0.5003024803387777,3.07630956549407,6.030080065976608,56.46656360177184,0.26471801575138254,0.08823933858379429,0.05863411768326515,20.488883909514897,-5.02020604719617,-3.508771929824574,-8.547327600560775,-103.50877192982456,5.024382352941174,-6.860295648552992,2.8420882519191166,3.9455726557970356,-1.103484403877919,2.893610173004003,3.8050169231064865,-0.9114067501024836,89.29041939429719
89.09,2020-06-17,91.82,88.98,91.57,1848800,2.2743007581539985,3.1532225082016136,-0.8789217500476152,90.8275,86.00307692307692,89.01988354319914,86.74558278504514,0.755517340212095,0.6067641157924901,0.14875322441960492,0.5994842805808387,24.517450504092047,7.539999999999992,164.7542981110432,185.69236673623473,-20.938068625191534,92.275,86.64500000000001,89.46000000000001,84.56,3.1248509842315118,20.77311328295028,55.440335500511516,34.24596971188014,1.7787468441589596,78.2725,79.075,60.0,8.0,52.0,91.29632778704094,96.4215617152,0.0,0.0,34346.433647989936,1668.209999999998,7.157146657734818,2.362509067568281,-71556.85262094383,1008475.9935755739,15.208778599758867,93.18231031812792,36.45275086222284,247.70317556145616,89.21000000000001,100.18531229624033,78.23468770375969,24.605565062751523,0.4895219382468601,0.0,0.0,91.41966666666667,90.44266666666667,92.39666666666668,-2.1373956734327857,1.7485499829409712,0.0,1.0,81.26,97.73,89.495,18.46205582333819,0.46873102610807527,3.0036786089446625,6.4006874850671105,55.32829769250412,0.22680703112001618,0.16384168229046636,0.0840270069580868,18.997991148987687,-11.849624440746634,-9.64912280701749,-13.660720839756275,-109.64912280701749,4.510323529411764,-6.905210295040797,2.6218058431743985,3.6808192932725086,-1.05901345009811,2.5548249498393485,3.5549785284530593,-1.0001535786137108,89.26361932303031
90.69,2020-06-18,90.93,88.6,88.91,2603300,2.072339051824713,2.9370458169262337,-0.8647067651015208,90.14833333333333,86.48884615384615,88.95528607501466,86.88294702318994,0.8124616329036218,0.5942295887047258,0.21823204419889608,0.559501831562973,24.75997411111519,4.875500000000002,151.2790784961433,182.87121453658858,-31.59213604044527,91.745,86.64500000000001,89.19500000000001,86.64500000000001,1.5624254921157559,20.634909016626096,55.440335500511516,37.86351884320347,-26.02313522138014,78.965,78.85499999999999,56.00000000000001,4.0,52.00000000000001,91.29632778704094,96.021268012288,0.0,0.0,34346.433647989936,1577.519999999998,7.042363857593287,-2.8981636563701696,3953578.123277099,1261626.4489355485,14.821475835092642,92.59661369050853,28.893654154111744,247.70317556145616,89.6645,99.70878290123312,79.62021709876689,22.40414634829418,0.4470096566142456,0.0,0.0,90.95233333333334,89.94333333333334,91.96133333333333,-2.2187446171437633,1.665675586389176,0.0,1.0,81.26,97.73,89.495,18.368473587651742,0.44565877352762534,2.8983107480501964,6.785084213199174,54.41224342400375,0.1987038084868716,0.23007628511942357,0.16071910199789466,17.517499623665795,-16.67967293785781,-14.41102756892237,-9.189640768588154,-114.41102756892236,4.073470588235281,-8.423772609819128,2.385208056158114,3.42169704584963,-1.0364889896915157,2.402163249718626,3.324415472706173,-0.9222522229875469,89.22622699733034
88.8,2020-06-19,91.94,88.5,91.13,2869700,1.882513338298068,2.7261393212006007,-0.8436259829025325,89.645,87.06384615384617,88.88524206347394,87.00272872517587,0.7289582107121829,0.6300765155974091,0.09888169511477385,0.5195990221383774,25.011084411425845,2.0919999999999987,137.27161945875827,177.12258561543248,-39.85096615667422,91.745,86.64500000000001,89.19500000000001,86.64500000000001,0.7812127460578779,21.053412953641065,58.66145858086729,34.0883559768256,-20.630704887504997,78.14750000000001,78.85499999999999,52.0,0.0,52.0,91.29632778704094,95.64499193155072,0.0,0.0,34346.433647989936,1488.719999999998,7.318894854652999,-3.752711705460073,-1473141.8918918914,1136261.0262308402,14.721250101458331,92.12235371558512,36.02208641837742,247.42360087120622,90.148,98.90850592146388,81.38749407853611,19.435829794258083,0.4059415052752676,0.0,0.0,90.59166666666667,89.54666666666667,91.63666666666666,-2.3070554686781226,1.500797448165872,0.0,1.0,82.41,97.73,90.07,16.994276079336213,0.3975195822454308,2.942479673245177,7.156343028460156,54.15812357417033,0.19013634156352743,0.2052157270568052,0.19971123148889833,16.235439415894326,-11.081645052193151,-15.664160401002498,-13.241436925647461,-115.6641604010025,4.0001764705882294,-6.388830124814899,2.163740569844136,3.1701057506485313,-1.0063651808043952,2.08767178274411,3.0770667347137604,-0.9893949519696505,89.18196692996155
90.29,2020-06-22,90.36,87.88,88.09,1569500,1.6628776557538458,2.51348698811125,-0.8506093323574042,89.28166666666668,87.66999999999999,88.7305894383241,87.06771178257026,0.8604212511788737,0.628104369695063,0.2323168814838107,0.47904797025218276,25.356730258852416,1.786999999999992,124.73477985503436,169.11695807964827,-44.38217822461391,91.205,86.97,89.0875,86.64500000000001,0.39060637302893897,20.832838449229396,58.661458580867276,40.79393012284128,-66.4826646221996,77.7475,78.85499999999999,48.0,0.0,48.0,91.29632778704094,95.29129241565768,0.0,0.0,34346.433647989936,1398.429999999998,7.153359838620543,-11.213724318965836,5807619.891460826,1651148.4677312018,14.088709988463977,91.46065728252087,28.34445675051424,247.42360087120622,90.55300000000001,98.0108846866926,83.09511531330742,16.471866612243865,0.32079368934400676,0.0,0.0,90.183,89.043,91.32300000000001,-2.5281926748943824,1.5100877192982503,0.0,1.0,85.43,97.73,91.58000000000001,13.58320541561295,0.1991869918699178,2.834231705920659,7.399866556331315,52.52037895350735,0.1711865906500338,0.18667558023347772,0.20732253080323546,14.704067248289936,-8.615194679427743,-23.433583959899796,-17.836257309941562,-123.4335839598998,3.9228529411764725,-4.726799653078924,1.9098671846418396,2.918058037447193,-1.0081908528053536,1.9498088142969665,2.8516151506304017,-0.9018063363334352,89.10070495851564
89.75,2020-06-23,90.95,89.16,90.76,1797200,1.5739565066864145,2.3255808918262835,-0.751624385139869,89.01666666666667,88.22807692307694,88.79665260165886,87.22269609497245,0.771684053651266,0.6411326378539478,0.13055141579731822,0.4418834310543975,25.387023567608765,0.9780000000000086,112.03409706306647,159.19695144986974,-47.162854386803275,90.66,88.31,89.485,86.64500000000001,0.19530318651446948,21.268419912116553,62.62176434354538,36.04881217229942,-45.57695827403686,77.7475,78.85499999999999,44.0,0.0,44.0,91.29632778704094,94.95881487071821,0.0,0.0,34346.433647989936,1488.179999999998,7.918202143254977,6.799664869457869,-345069.63788300473,1619230.8891766954,15.39594713002064,90.98145247715284,35.61696224104183,251.02740388799208,90.832,97.61228200003538,84.05171799996461,14.929280429882388,0.37670129354566145,0.0,0.0,89.87966666666667,88.74266666666668,91.01666666666668,-2.530049436468761,0.8164761067135807,1.0,1.0,88.17,97.73,92.95,10.524925136515769,0.10355648535564797,2.857808535328594,7.431853885585941,55.51149555148993,0.3980702445822603,0.25313105893194066,0.21500745540740782,14.17257410039712,5.612434281771274,-11.683168316831757,-16.926970892578026,-111.68316831683174,3.440117647058827,-3.443794671864855,1.8045263184396545,2.6953516936456854,-0.8908253752060309,1.7716284770622548,2.6356178159167722,-0.8639893388545175,89.1031319878346
90.1,2020-06-24,90.33,87.58,89.38,2738300,1.36031222742632,2.132527158946291,-0.7722149315199709,88.66416666666667,88.63961538461538,88.60947527832673,87.2491630509004,0.7099099099099092,0.6057057057057038,0.1042042042042054,0.40407806002161145,25.16902156713015,1.3529999999999944,98.86452303217953,148.28926504211074,-49.42474200993121,90.66,89.465,90.0625,86.64500000000001,0.09765159325723474,21.431688530227884,62.02821663043858,38.37828737687421,-77.07704233336842,77.7475,78.85499999999999,40.0,0.0,40.0,91.29632778704094,94.64628597847512,0.0,0.0,34346.433647989936,1398.079999999998,8.002882675852803,-14.508572969036084,1054384.0177580575,1330622.891180402,13.799289435987438,90.61380531276237,35.85069734713315,251.02740388799208,90.917,97.48616767939468,84.34783232060532,14.450911665353413,0.24601044128717592,0.0,0.0,89.566,88.36800000000001,90.764,-2.67512225621328,1.3288814691151984,0.0,1.0,89.75,97.73,93.74000000000001,8.777236380434907,-0.2719298245614036,2.689027681795735,7.455091104646192,51.221925180604806,0.1538906787307713,0.2410491713210219,0.22695193682881334,12.503198568907553,4.402525965013711,-42.970297029703026,-26.0290164354782,-142.97029702970303,2.7110882352941132,-4.607341248230044,1.5591120646426437,2.4681037678450775,-0.9089917032024337,1.6429204528853774,2.4370783433104934,-0.7941578904251161,89.03339567072496
93.11,2020-06-25,93.23,88.7,90.0,3134800,1.2667697040467374,1.9593756679663803,-0.6926059639196429,88.36666666666666,89.02384615384615,88.62340215858416,87.35663245453742,0.6346688925987752,0.6407902058987187,-0.006121313299943476,0.3692947195949223,25.307026390718757,0.4405000000000001,88.3986250409638,136.9929001177343,-48.594275076770515,90.66,89.495,90.0775,86.64500000000001,0.04882579662861737,21.735377983030368,58.35290287574514,34.504117747778366,-36.21663574597732,77.93,78.85499999999999,36.0,4.0,32.0,91.29632778704094,94.35250881976661,0.0,0.0,34346.433647989936,1491.189999999998,7.9959539567245335,2.4616803122548436,-6105466.652346712,891577.1799678772,14.990008778303038,90.35810150098942,43.31987387920101,251.02740388799208,90.5995,96.94909990865597,84.24990009134405,14.016854196007616,0.3504236465820036,0.0,0.0,89.62166666666667,88.14766666666667,91.09566666666667,-3.2893831476763515,0.812641338760741,1.0,1.0,89.75,97.73,93.74000000000001,8.807995629114956,-0.13157894736842063,2.985124913616162,7.427220737425229,53.9390487562454,0.3218544236894012,0.29127178233414436,0.2618173375290356,11.817688196096437,-2.9079746356376748,-26.315789473684173,-26.989751606739663,-126.31578947368418,2.627441176470583,-3.8690798742819914,1.4501127944761332,2.264505573171289,-0.8143927786951557,1.7895001769815573,2.3075627100447065,-0.5180625330631492,89.03168963778545
92.62,2020-06-26,96.2,92.11,93.48,4310400,1.4510680722929692,1.8577141488316982,-0.406646076538729,88.45583333333333,89.50846153846153,89.15980182649429,87.70873375420132,0.49221183800623014,0.6824826264078588,-0.1902707884016287,0.34510016109617514,25.430888547912023,-1.5520000000000067,81.97269372902335,125.85948834739646,-43.886794618373116,91.905,89.495,90.7,86.64500000000001,4.861987108237898,22.78228483765844,60.907321889327235,28.404791529561397,53.94519554797773,78.39750000000001,78.85499999999999,32.0,0.0,32.0,91.29632778704094,94.07635829058061,0.0,0.0,34346.433647989936,1583.8099999999981,8.022121438562275,47.22918312478982,-9470956.596847333,50610.907679313525,18.550710018438313,90.43396520255055,50.92261587840913,260.6779500803038,90.402,96.28879063667155,84.51520936332845,13.023584957570735,0.6450705575768293,0.0,0.0,90.14033333333334,88.43433333333334,91.84633333333333,-3.7852089889468545,-0.0772762797967955,1.0,0.0,89.75,97.73,93.74000000000001,8.827238335435062,0.2957393483709271,3.4366124222545458,7.300929118337456,61.05256927299123,0.7442307796004648,0.4066586273402126,0.3129931936651262,13.357587219459422,9.839242223475988,59.14786967418553,-3.379405609733903,-40.85213032581447,2.8099117647058733,1.175307557117743,1.6544168524419745,2.142487829025426,-0.48807097658345167,1.839185322330049,2.213887232501775,-0.37470191017172594,89.36705233499094
93.67,2020-06-29,94.81,91.41,92.93,1880100,1.5230845366192938,1.7907882263892174,-0.26770368976992365,88.66916666666667,89.99230769230768,89.50598616087977,87.98290162426048,0.5558183538315982,0.6759697256385986,-0.12015137180700042,0.32667787288016525,25.584206333530965,-4.063500000000005,76.21318028318194,115.05809945215492,-38.84491916897298,91.905,90.07,90.9875,86.64500000000001,15.413532783114691,23.18580103327947,58.981150990087286,32.867259522503836,39.02644755361366,78.39750000000001,78.85499999999999,28.000000000000004,0.0,28.000000000000004,91.29632778704094,93.81677679314578,0.0,0.0,34346.433647989936,1490.139999999998,7.78861068055656,31.115156964105523,1946834.6322194869,197478.44328626344,17.8388546281441,90.4162390463409,43.34502293789923,260.6779500803038,90.1935,95.608413757393,84.778586242607,12.007325932341011,0.6123286588211221,0.0,0.0,90.73633333333333,89.21633333333332,92.25633333333333,-3.3503668137350417,0.2783991228070171,1.0,1.0,89.75,97.73,93.74000000000001,8.847644231568799,0.20802005012531274,3.3629511800290914,7.198144691386295,59.03697046295305,0.7891436577549976,0.6184096203482881,0.43878001000754824,14.029613983232547,7.769391863826365,44.504021447721044,25.778700549407457,-55.495978552278956,3.280676470588233,2.8812605514912804,1.7311142375410329,2.0602131107285477,-0.32909887318751485,1.9481195682580503,2.16073369965303,-0.21261413139497987,89.58280832530664
92.68,2020-06-30,93.53,90.65,92.82,3581900,1.5015238230673447,1.7329353457248429,-0.2314115226574982,89.04583333333333,90.41038461538461,89.6819882899752,88.18046446690785,0.553927181131211,0.6512479963361564,-0.0973208152049454,0.3104996379672353,25.592688109312054,-4.378499999999988,67.21650420318166,104.22056679572586,-37.0040625925442,91.905,91.58000000000001,91.7425,86.64500000000001,39.57891575126389,23.058566791465456,55.71818733643522,36.07112426439296,29.7127131953429,78.6,78.85499999999999,24.0,0.0,24.0,91.29632778704094,93.57277018555703,0.0,0.0,34346.433647989936,1397.459999999998,8.114775441579651,16.607734540662,532423.3923176636,208427.206889706,17.068295608343213,90.4252828145005,43.29932667818879,258.51062438222885,89.8885,94.40439758519875,85.37260241480124,10.047776045208805,0.5843132495404562,0.0,0.0,90.89133333333334,89.38833333333334,92.39433333333334,-3.3072460153883396,0.5802838766910612,1.0,1.0,89.75,97.73,93.74000000000001,8.877665107327417,0.1127819548872187,3.238656062026183,7.035964196710668,56.84277333297446,0.6641321547921638,0.7325021973825422,0.5858568150236808,13.957073548029683,6.627005015395011,24.128686327077876,42.59352581632814,-75.87131367292213,3.30835294117648,5.247881109950088,1.70278511475842,1.9887275115345224,-0.28594239677610234,1.9233836672652223,2.1132636931754685,-0.18988002591024622,89.60156550747797
93.39,2020-07-01,93.84,92.04,92.18,2399000,1.5784033344090602,1.7020289434616864,-0.1236256090526262,89.58999999999999,90.73576923076924,90.0447593222867,88.46635598787763,0.4970836033700579,0.599265500108014,-0.10218189673795613,0.29903697542127494,25.626814725262783,-0.29349999999999454,63.710106788545296,94.49068105043719,-30.780574261891893,91.905,92.95,92.42750000000001,86.64500000000001,69.78945787563194,22.940420709781012,52.334837730727976,33.880794142552375,54.87319567279851,79.855,77.77000000000001,20.0,0.0,20.0,91.29632778704094,93.34340397442361,0.0,0.0,34346.433647989936,1490.849999999998,7.183540078088558,32.779786749138864,293286.21908125735,149309.6841384957,18.500309949214703,90.61500246292512,50.57162174281768,258.51062438222885,89.7635,93.87802682577278,85.64897317422721,9.16748305441028,0.7766417739386647,0.0,0.0,91.08099999999999,89.437,92.725,-3.6099735400357895,0.2083333333333299,1.0,1.0,89.75,94.8,92.275,5.625894712215987,0.453465346534655,3.233790455823565,6.689007625914696,59.7865749225229,0.8989958656914385,0.7840905594128668,0.711667459047899,14.754314959608921,13.325082557760195,61.394101876675705,43.34226988382486,-38.605898123324295,3.446558823529415,7.636533738744007,1.7841848652897445,1.947818982285567,-0.16363411699582242,1.9433305190266932,2.0792770583457134,-0.13594653931902023,89.72721692108613
93.61,2020-07-02,94.34,92.9,93.76,2606400,1.6892530560082974,1.6994737659710086,-0.010220709962711183,89.87583333333333,91.00576923076923,90.48402711885797,88.79477406284967,0.4662004662004658,0.6289468107649919,-0.16274634456452614,0.2925322483575212,25.344029628003277,-0.8165000000000049,65.06568354581516,86.4677992823324,-21.40211573651723,92.045,93.74000000000001,92.89250000000001,86.64500000000001,84.89472893781596,23.238500345305056,55.04155286035729,31.56063721714893,94.69491218540665,81.28,79.195,16.0,48.0,-32.0,89.75,93.34340397442361,1.0,0.0,34346.433647989936,1584.459999999998,7.213014485200429,39.59761721354759,-644375.6008973375,81960.89388250218,19.374979658036942,90.96705927305354,57.687573295077996,258.51062438222885,89.79650000000001,93.9995811317418,85.59341886825821,9.36134733924328,0.8691934443713529,0.0,0.0,91.49966666666666,89.99966666666667,92.99966666666667,-3.2787004688541677,0.033222222222221376,1.0,1.0,89.75,94.8,92.275,5.6238272093010275,0.6237623762376252,3.1404114102412084,6.011361916925811,61.534776860485984,1.0,0.8543760068278675,0.7903229212077587,15.93125530803656,14.786752151075271,78.55361596009979,54.69213472128445,-21.44638403990021,3.386352941176497,3.83368726947581,1.9024239588836953,1.9387399776051928,-0.03631601872149748,1.9550466373202815,2.0544309741406273,-0.09938433682034575,89.98235123105763
89.78,2020-07-06,95.24,89.27,94.98,3456800,1.467277731836674,1.653034559144142,-0.1857568273074679,89.89999999999999,90.78346153846154,90.29725371595674,88.82997598412007,0.4007841428882595,0.6765410585928986,-0.2757569157046391,0.28083423650565303,24.922984752717344,-1.0430000000000064,64.06669267894755,79.72690070721164,-15.660208028264094,92.655,93.74000000000001,93.1975,86.64500000000001,89.60251694438003,23.811839515078653,55.33733053901466,28.97642512399968,79.50139798076873,86.3725,84.125,12.0,44.0,-32.0,89.8302,93.34340397442361,0.0,0.0,34346.433647989936,1494.679999999998,8.830101068069368,-12.616528102673612,-306972.59968811437,-590509.9915065073,15.866891391083222,91.39144497188573,57.38960909412246,248.40950956514067,89.643,93.68443588344587,85.60156411655413,9.016735012094355,0.45385303506510516,0.0,0.0,91.76366666666667,90.31866666666666,93.20866666666667,-3.1493946405803475,1.3628604382929608,0.0,1.0,89.75,94.98,92.36500000000001,5.834253650591796,-0.09177820267686494,3.060370269217086,5.25228277210254,51.381227874579814,0.015447007182870972,0.6381476242914366,0.7588713968440569,13.834372296042572,6.995921032816386,-22.795698924731205,39.050672970681426,-122.7956989247312,2.8707941176470655,0.32591593616542147,1.651782200300241,1.8813484221442025,-0.22956622184396158,1.6087614439872797,1.965297068109958,-0.35653562412267825,89.97595986950783
90.5,2020-07-07,91.04,88.96,89.75,2224500,1.2519149823365439,1.5728106437826224,-0.3208956614460785,89.93,90.51038461538461,90.09152237504031,88.83960739270377,0.5480513192931488,0.7051561365286848,-0.15710481723553604,0.26495003515665866,24.729693276002727,-1.0005000000000024,63.17988917879202,74.2986553867367,-11.118766207944681,92.655,93.74000000000001,93.1975,86.64500000000001,68.12541543186535,22.709415761065237,54.23372365460788,45.8488949831177,-45.98887787688602,87.1225,84.205,8.0,40.0,-32.0,90.036192,93.34340397442361,0.0,0.0,34346.433647989936,1404.179999999998,8.833114550785357,-14.822024088005982,6720828.729281795,135101.08380148912,15.55262007933235,91.33037663265732,50.36877209535395,248.40950956514067,89.5005,93.42556038170166,85.57543961829835,8.771035651648102,0.43114755603254157,0.0,0.0,91.87766666666667,90.53066666666666,93.22466666666666,-2.9321597921874405,1.583024003959416,0.0,1.0,89.75,94.98,92.36500000000001,5.843542773504063,-0.1510516252390068,2.9313332422953784,4.982676527419657,50.613158531430244,0.0,0.3384823357276237,0.6103353222823091,11.919852239213034,0.8425243124199592,-29.462365591397912,8.765183814656881,-129.4623655913979,1.8156470588235294,0.40632054176072174,1.409185631362168,1.7869158639877956,-0.37773023262562755,1.38182803383398,1.8486032612547625,-0.4667752274207826,89.96416327218815
90.29,2020-07-08,90.48,89.68,90.23,1790000,1.1263525434707873,1.4835190237202556,-0.3571664802494683,90.02833333333335,90.28346153846154,90.02821124041873,88.90185869694794,0.5716403162055328,0.7173913043478253,-0.14575098814229248,0.2480713826467125,24.31310203779919,-1.4910000000000139,59.70188125211047,69.9472507445068,-10.245369492396335,92.73,93.74000000000001,93.23500000000001,86.64500000000001,45.47136691770965,21.49665790125835,51.317576082353774,45.75456052166593,-32.98742558529679,87.89500000000001,84.4,4.0,36.0,-32.0,90.23394432,93.34340397442361,0.0,0.0,34346.433647989936,1494.469999999998,8.380712656278538,-3.417620646862103,11075.4236349538,141003.389248339,16.283384467821563,91.28328776082378,50.38974909501003,250.42001818572186,89.37100000000001,93.08737403930283,85.65462596069719,8.316733704004251,0.541572779910222,0.0,0.0,91.86166666666666,90.50866666666667,93.21466666666666,-2.9457336212057865,1.3062330623306233,0.0,1.0,89.75,94.98,92.36500000000001,5.852010159895272,-0.013384321223708055,2.7901999180658414,4.591106523075236,52.39316171083391,0.16297980077441138,0.059475602652427566,0.3453685208904958,10.847121654363528,-9.216049134362326,-13.978494623655713,-22.078853046594954,-113.97849462365572,0.9460588235294267,1.333333333333341,1.266961748584291,1.6829250409070948,-0.4159632923228038,1.1699643157848116,1.7128754721607724,-0.5429111563759608,89.96205473675909
91.34,2020-07-09,92.0,89.66,91.26,1962800,1.0135460452885496,1.3895244280339143,-0.37597838274536466,90.17666666666668,90.01076923076924,89.97156335727738,88.95801731198883,0.514320685434516,0.7385556915544672,-0.22423500611995117,0.23073562373251832,24.08875492005791,-0.1419999999999959,57.57691398296784,66.52261618250725,-8.945702199539411,92.73,93.74000000000001,93.23500000000001,86.64500000000001,28.18659378168262,20.681258193324986,52.249789232663915,42.679871306620555,7.805444965329585,87.91,84.4,0.0,32.0,-32.0,90.42378654720001,93.34340397442361,0.0,0.0,34346.433647989936,1403.129999999998,8.118874930092936,-3.190360554453365,-1032953.7989927658,-215177.46234236564,16.2630142626476,91.38894114001026,57.409807926223365,250.42001818572186,89.30199999999999,92.94232745779881,85.66167254220117,8.1528464262812,0.549171400670707,0.0,0.0,92.04933333333334,90.71733333333333,93.38133333333333,-2.894100265075251,1.3968968968968962,0.0,1.0,89.75,94.98,92.36500000000001,5.856531768605412,-0.017208413001912684,2.7431799262592564,4.108346760195259,52.336733234967994,0.1578131236240304,0.1069309747994807,0.16829630439317722,9.95746737974131,-6.911003952285041,-14.408602150537654,-19.28315412186377,-114.40860215053765,0.3607941176470746,2.0254893035958137,1.139353231911515,1.574210679107979,-0.43485744719646413,1.0824856875974316,1.5867975152481044,-0.5043118276506728,89.95418068643549
91.87,2020-07-10,91.93,90.48,91.04,1555800,0.9790276088746879,1.3074250642020693,-0.3283974553273814,90.28666666666668,89.8546153846154,90.04978437923471,89.07075677036002,0.5472599296128703,0.6990950226244339,-0.15183509301156362,0.21522362206934342,23.871337799932675,-1.8034999999999997,55.552974450779715,63.58709181825796,-8.034117367478245,92.73,92.36500000000001,92.54750000000001,86.64500000000001,14.09329689084131,19.897633952322973,49.14351539548697,40.444093749686786,13.70458135861079,88.07000000000001,84.56,84.0,28.000000000000004,56.0,90.48,93.34340397442361,0.0,0.0,34346.433647989936,1494.9999999999982,7.834014673244499,8.027319524754356,140470.22967235933,-99919.45365920487,17.103226174313907,91.43174273837361,57.531608865408685,250.42001818572186,89.3835,93.05257222605442,85.71442777394557,8.209730489529779,0.6494246954602934,0.0,0.0,92.1,91.002,93.19800000000001,-2.384364820846919,1.2377049180327817,0.0,1.0,89.75,94.98,92.36500000000001,5.851191774768278,0.13957934990439835,2.695861933633332,3.4884808361497983,54.50044497960929,0.35592586474454596,0.22557292971432938,0.1306598357220791,9.787447895240248,-0.1646348498287283,3.2258064516130216,-8.387096774193457,-96.77419354838698,-0.4838235294117652,1.4804845222072762,1.0991571693937576,1.4791999771651347,-0.3800428077713771,1.047899878788912,1.479017987956266,-0.43111810916735394,89.9659245529171
92.31,2020-07-13,94.11,91.76,92.24,2261400,1.0429345021814669,1.254526951797949,-0.21159244961648205,90.635,89.83615384615383,90.31289447473705,89.26995997255558,0.43874849578820646,0.724669073405535,-0.28592057761732853,0.2040167776144692,23.943175756899375,-0.9649999999999892,53.20579395954979,61.030715560076615,-7.824921600526828,92.73,92.36500000000001,92.54750000000001,86.64500000000001,7.046648445420655,19.54731180923603,50.580703559332406,37.390997395097955,77.13776443548021,88.3575,84.56,80.0,24.0,56.0,90.66000000000001,93.34340397442361,0.0,0.0,34346.433647989936,1587.3099999999981,6.94802555201552,23.76010244978946,-3423572.7440147223,-759290.3561931726,18.409114768478368,91.70964296275542,64.52849298275058,250.42001818572186,89.66499999999999,93.15177788222935,86.17822211777063,7.777344297617492,0.8004206276914492,0.0,0.0,91.97733333333333,90.96433333333333,92.99033333333333,-2.2027166113390213,0.6072721289897938,1.0,1.0,89.75,94.98,92.36500000000001,5.832822171415831,0.3843212237093697,2.789275740269998,2.9550429601483637,57.72645054741315,0.6513038454254341,0.38834761126467027,0.24028383859282668,10.541549538573214,0.7250787422574664,30.75268817204312,6.523297491039486,-69.24731182795688,-1.2021470588235417,4.772779173327252,1.1682927857278058,1.417018538877669,-0.24872575314986323,1.0471295480659721,1.3926402999782073,-0.3455107519122351,89.9787671470675
94.36,2020-07-14,94.51,91.01,91.11,1882900,1.0212896521832846,1.2078794918750162,-0.1865898396917316,90.8275,89.78500000000001,90.42014147862365,89.39885182644036,0.5052146495270428,0.7159835071549842,-0.2107688576279414,0.19408992118766158,24.297427066182834,2.1700000000000017,51.77994334977238,59.31554213192002,-7.535598782147638,92.73,92.36500000000001,92.54750000000001,86.64500000000001,3.5233242227103276,19.222012676369587,50.58070355933242,37.390997395097955,45.12611113911716,89.11250000000001,84.56,76.0,20.0,56.0,90.8328,93.34340397442361,0.0,0.0,34346.433647989936,1492.9499999999982,6.9209657016173844,10.25580209981954,1315175.9220008317,-640701.3876300415,17.63786367867889,91.84505129378195,57.36150011177866,250.42001818572186,89.94,92.90042564507266,86.97957435492734,6.583112397315234,0.6807172562805146,0.0,0.0,91.89333333333333,90.72833333333334,93.05833333333334,-2.5355484619849085,0.8791130185979972,1.0,1.0,90.33,94.98,92.655,5.1701134089393,0.14623655913978623,2.7853481662429984,2.860209181543384,55.2543811434973,0.4249574076141813,0.47739570592805386,0.3637720823023511,10.50630160152766,-5.8792726518029905,14.623655913978624,16.200716845878244,-85.37634408602138,-0.9550294117646985,2.6042841037204085,1.1423968332009726,1.3620941977423298,-0.21969736454135713,1.2125900518175328,1.3566302503460723,-0.14404019852853955,89.98663874564676
95.71,2020-07-15,95.99,94.59,94.97,1997000,1.2782768534419091,1.2219589641883948,0.05631788925351433,91.03416666666668,89.89192307692308,91.06165817422001,89.7833813207781,0.4378330373001769,0.7542184724689164,-0.31638543516873946,0.19298039893964916,24.635432120672647,1.2139999999999986,52.304427014934774,58.048244379296634,-5.74381736436186,92.73,92.36500000000001,92.54750000000001,86.64500000000001,15.552539339569659,20.00780229896115,58.29800714733281,31.237600198716535,160.94134253796275,89.79750000000001,84.56,72.0,16.0,56.0,90.998688,93.34340397442361,0.0,0.0,34346.433647989936,1588.6599999999983,6.772277315165966,57.73951608555958,-2845470.6927175676,-919262.4383783003,21.402744461010503,92.28291333395099,64.46367394457448,250.42001818572186,90.196,93.77123369865576,86.62076630134423,7.927699008061921,1.1145052841793368,1.0,0.0,92.17833333333333,90.98233333333334,93.37433333333334,-2.5949698953116203,-0.5082218506131546,1.0,0.0,90.33,94.98,92.655,5.155439265599368,0.9161290322580645,3.0048133496186975,2.5065420808007017,63.32736931799974,1.0,0.6920870843465385,0.5192768005130874,13.00109108396859,20.69402719135792,91.33333333333331,45.56989247311834,-8.666666666666679,-0.16223529411765014,2.6924329605906028,1.4237343644642666,1.3744222310867171,0.04931213337754947,1.4437293576035837,1.3740500717975745,0.06967928580600913,90.2564449351895
96.63,2020-07-16,99.0,96.12,97.25,2813300,1.5871041267534451,1.2949879967014049,0.2921161300520403,91.42666666666668,90.04000000000002,91.8398646089554,90.25276048220195,0.4714611872146114,0.7796803652968035,-0.3082191780821921,0.2007670361759158,25.040784558309593,0.09700000000000841,53.705319719639675,56.78598173194379,-3.080662012304117,93.86500000000001,93.5,93.6825,86.64500000000001,48.287970748277985,21.247367886497937,61.21462244131871,27.91446273261225,210.469823933716,91.245,84.56,100.0,12.0,88.0,91.15794048000001,93.34340397442361,0.0,0.0,34346.433647989936,1685.2899999999981,5.813994921411309,70.61157093047966,-4790179.0334264785,-825313.3227411408,22.965741606586153,92.78539345221596,64.7519129516188,250.42001818572186,90.553,94.91138548088666,86.19461451911333,9.626153702001409,1.1386539263694797,1.0,0.0,92.65533333333333,91.45033333333335,93.86033333333333,-2.6010375369649332,-0.93762102351315,1.0,0.0,90.33,97.25,93.78999999999999,7.641933453336722,0.8367052023121394,3.1453320146568275,2.2833053385384097,66.13910993554126,1.0,0.8083191358713938,0.6592673087153287,16.011854464144946,24.23469824011043,83.30871491875928,63.08856805535706,-16.69128508124071,1.1430882352941296,5.152609123728266,1.7585103417046457,1.4512398532103028,0.3072704884943429,1.685153454119997,1.4362707482620591,0.24888270585793792,90.61272600708689
95.46,2020-07-17,96.91,95.41,96.77,1444800,1.7543379833165744,1.3868579940244388,0.36747998929213566,91.82333333333334,90.20807692307692,92.38911620757763,90.63477822426105,0.6101375033701804,0.7627392828255595,-0.15260177945537912,0.21214498007990634,25.27761308769574,1.1465000000000032,51.606291104105686,55.401492668072486,-3.795201563966799,93.86500000000001,93.5,93.6825,86.64500000000001,74.14398537413899,21.4983717325855,59.547563167620424,35.9107320987903,150.28964518464903,91.00500000000001,84.56,96.0,8.0,88.0,91.52346405120001,93.34340397442361,0.0,0.0,34346.433647989936,1589.829999999998,6.791020561345789,50.84183222612532,188455.89775822466,-135355.28741217247,22.26061676264108,92.96635279655808,57.295246821614654,248.57026565854892,90.8935,95.63554713177797,86.15145286822204,10.434293171190385,0.9762183793718003,0.0,0.0,92.925,91.764,94.086,-2.4987893462469764,-0.5701981050818246,1.0,0.0,90.33,97.25,93.78999999999999,7.613305681924451,0.7341040462427741,2.909798813191144,2.2913551102550995,63.69841544904439,0.8427990386566191,0.9475996795522065,0.8160019665900462,17.746794561429333,18.69394116498899,72.82127031019196,82.48777285409484,-27.178729689808044,2.2530588235294005,5.2509652509652405,1.9356123749492162,1.5481143575580856,0.38749801739113066,1.752771029362209,1.4995708044820892,0.25320022488011973,90.76426113600104
97.12,2020-07-20,98.88,95.47,97.18,2216600,1.8701555292470573,1.4835175010689625,0.3866380281780948,92.10916666666668,90.4626923076923,92.86309832948876,90.9929428002417,0.5184891706286319,0.7678288431061808,-0.24933967247754896,0.22509667469628827,25.605497649794977,1.6580000000000013,49.08687368574899,53.83560205773436,-4.748728371985372,93.86500000000001,93.5,93.6825,86.64500000000001,87.0719926870695,21.83361455178989,56.85677631240424,33.25492553801292,154.9311479065615,90.49000000000001,84.56,92.0,4.0,88.0,91.867056208128,93.34340397442361,0.0,0.0,34346.433647989936,1686.949999999998,6.559459647781632,44.41117047953602,-2082990.1153212464,-423199.9122365105,22.32169212161812,93.27367469956451,64.70876429980629,248.57026565854892,91.242,96.24642843889326,86.23757156110675,10.969571992927065,0.9224258625761295,0.0,0.0,93.32633333333334,92.02133333333333,94.63133333333334,-2.7966383193025335,-0.3213282247764942,1.0,0.0,90.33,97.25,93.78999999999999,7.5842265623287535,0.7427745664739883,2.96581893187203,2.28948017594825,63.81992268721382,0.8506251122418588,0.8978080502994928,0.8845756219076977,19.182036103842773,18.540068346675437,73.70753323485964,76.61250615460362,-26.292466765140357,3.214500000000001,3.7266405910473623,2.0552753561917876,1.6495465572848262,0.40572879890696134,1.9258264811552768,1.584821939816727,0.34100454133854985,91.7013472876646
96.07,2020-07-21,98.31,95.67,97.23,1933600,1.955537874015974,1.5779215756583649,0.377616298357609,92.33999999999999,90.8296153846154,93.29492935572127,91.33939148170529,0.4999999999999996,0.7672369103162262,-0.2672369103162266,0.2384873514922618,25.416517470835952,-2.3614999999999924,48.56807615103072,52.59851260205884,-4.030436451028116,94.59,93.5,94.045,86.64500000000001,93.53599634353475,21.895456759373012,52.68444600192518,33.191187714945556,134.17334486717067,90.31750000000001,84.56,88.0,0.0,88.0,92.19003283564032,93.34340397442361,0.0,0.0,34346.433647989936,1783.019999999998,6.682390161617513,40.8115746967452,292286.8741542598,-440352.52067675366,22.522949060970802,93.61902015631847,64.30303045488989,249.0909952399013,91.63149999999999,96.74014864714763,86.52285135285234,11.150420209529795,0.8952610835993646,0.0,0.0,94.04166666666666,92.75766666666667,95.32566666666666,-2.730704474966768,-0.13408618899273317,1.0,0.0,90.33,97.25,93.78999999999999,7.5519881263539315,0.7716763005780349,2.953237038684827,2.2534232924370383,64.24948121407311,0.8782922429495819,0.8572387979493534,0.9008821759336841,20.48802628879259,17.50693515571133,76.66174298375186,74.39684884293449,-23.338257016248143,4.218558823529392,2.981700753498381,2.1409578521307053,1.7478288162540023,0.393129035876703,1.9485716510658713,1.657571882066556,0.29099976899931534,92.62469079566284
97.12,2020-07-22,97.28,95.05,95.52,1288600,1.9506888521224823,1.6524750309511886,0.2982138211712937,92.82166666666666,91.19653846153847,93.56494022407183,91.61425137194935,0.5602702702702702,0.7737837837837835,-0.21351351351351333,0.24971690158096188,25.38955550650007,-2.966000000000008,48.883462067717254,51.63257350036433,-2.7491114326470765,94.59,93.78999999999999,94.19,86.64500000000001,96.76799817176737,21.50499431053118,52.68444600192518,37.816123326630006,86.54327696619035,90.19250000000001,84.56,84.0,24.0,60.0,92.4936308655019,93.34340397442361,0.0,0.0,34346.433647989936,1685.8999999999978,5.878430695220339,26.37929259721011,2482701.8121911194,-283965.6925974778,21.893552175844842,93.85790479384022,56.9286408871183,249.0909952399013,91.926,97.10933251875697,86.74266748124303,11.277184950410046,0.8013505296732507,0.0,0.0,94.62366666666667,93.18866666666668,96.05866666666665,-3.033067837151357,0.3514518002322872,1.0,1.0,90.33,97.25,93.78999999999999,7.52779409525053,0.682080924855491,2.818913334816344,2.2728875932724453,61.79992625535133,0.7205205937305084,0.8164793163073165,0.8571753881853875,20.94360073593998,12.404521011185235,67.50369276218605,72.62432299359918,-32.496307237813944,4.446823529411773,6.474739554161533,2.1292417095706884,1.8241113949173395,0.30513031465334883,2.0318240760781694,1.7324223208688787,0.2994017552092907,93.01741077917552
96.32,2020-07-23,97.27,95.93,96.98,1754000,1.9948591187059748,1.720951848502146,0.27390727020382877,93.40249999999999,91.44500000000001,93.92879557421463,91.93393645550866,0.5674431202600215,0.7643553629469121,-0.19691224268689056,0.2604108902608576,25.37268569075178,-2.663499999999985,50.26888305518864,51.04545223418754,-0.7765691789989049,95.68,93.78999999999999,94.735,86.64500000000001,98.38399908588369,21.57439765916448,54.64461243575636,34.58809660034766,98.93570375094684,89.46000000000001,84.56,80.0,20.0,60.0,92.77901301357178,93.34340397442361,0.0,0.0,34346.433647989936,1782.2199999999978,6.052241362097322,34.71962222618023,-218282.80730896455,-253530.49305545117,22.785310197938486,94.08166737649061,57.11964123082859,251.39715069293777,92.34349999999999,97.40300303883726,87.28399696116273,10.95800579106762,0.8544320432727952,0.0,0.0,95.199,93.809,96.589,-2.9201987415834214,0.23705035971222718,1.0,1.0,90.48,97.25,93.86500000000001,7.331322724393159,0.8050221565731176,2.7590220013347095,2.273501475475674,63.90350265783305,0.8560083553323339,0.8182737306708082,0.8306639483091592,21.91286565342829,17.845095770349122,80.50221565731175,74.88921713441654,-19.49778434268824,4.1875588235294146,7.834982014388505,2.169883283167566,1.893265772567385,0.2766175106001809,2.005305151719163,1.7869988870389357,0.21830626468022718,93.54721542921297
95.6,2020-07-24,97.25,95.34,96.41,1205300,1.9596664886080646,1.7686947765233298,0.19097171208473473,93.87416666666668,91.6896153846154,94.14590394741238,92.18623745880431,0.589693593314763,0.752367688022284,-0.16267409470752103,0.268442327887703,25.183990423973814,-3.015500000000017,49.858677620697264,50.67355041875949,-0.8148727980622255,95.88,93.78999999999999,94.835,86.64500000000001,99.19199954294186,21.629514192735932,53.42321020416091,33.908124673508446,76.92958521056707,89.46000000000001,84.56,76.0,16.0,60.0,93.04727223275748,93.34340397442361,0.0,0.0,34346.433647989936,1686.6199999999978,6.135389367082568,21.701961908154438,259205.02092050464,-213089.23444054983,22.197339802858735,94.30708366775194,56.73200118928603,249.8509782869247,92.67550000000001,97.60484671127965,87.74615328872038,10.637863753159431,0.7702690798663966,0.0,0.0,95.71733333333334,94.33233333333332,97.10233333333333,-2.893937705466105,0.6362214199759293,1.0,1.0,90.48,97.25,93.86500000000001,7.305059050126511,0.717872968980798,2.6151198012012378,2.031077229093672,61.4598492815165,0.698616816951664,0.7583819220048356,0.7977116563276533,22.08804303581643,9.119857839865116,71.7872968980798,73.26440177252586,-28.2127031019202,4.132470588235293,6.3113291703835825,2.1257690330227326,1.9397664246584547,0.18600260836427784,1.900667771173977,1.8097326638659441,0.09093510730803289,93.76862115099502
95.42,2020-07-27,95.98,94.09,95.98,1298200,1.810046433817888,1.7769651079822415,0.0330813258356466,94.24333333333334,91.90076923076921,94.13730334011817,92.32725690630028,0.48748921484037955,0.6758700028760425,-0.18838078803566294,0.27107429985443754,24.937835263551218,-2.2944999999999993,48.11047902893356,50.26583216088851,-2.1553531319549464,96.61500000000001,93.78999999999999,95.2025,86.64500000000001,97.54240571494492,21.08670252221639,51.76192128984184,39.02445568890771,41.919678592004615,89.19500000000001,86.64500000000001,72.0,12.0,60.0,93.29943589879203,93.34340397442361,0.0,0.0,34346.433647989936,1591.1999999999978,6.027314273486933,1.5623959212752325,-0.0,-693148.4293892495,20.946290925157875,94.6818877707538,56.297698399486485,246.5751892911343,92.7745,97.73388090894453,87.81511909105548,10.691258716445843,0.6326274412222926,0.0,0.0,95.982,94.784,97.18,-2.49630138984393,1.2896494156928224,0.0,1.0,90.48,97.25,93.86500000000001,7.297263795547264,0.5332348596750371,2.417607821081114,1.7773788168028224,56.52788042299007,0.3036540212562091,0.6194263978467358,0.7320273501741265,20.875944833462647,-3.916259643901534,53.323485967503714,68.53766617429841,-46.676514032496286,3.6462941176470594,4.940887798349328,1.9604681157752162,1.9439067628818072,0.016561352893408987,1.7817491063362179,1.804135952359999,-0.02238684602378105,93.78179604241474
95.64,2020-07-28,95.9,94.54,95.31,1359300,1.7080928702777811,1.7631906604413494,-0.055097790163568305,94.58166666666666,92.13307692307693,94.19925667240767,92.49116380212989,0.47946377638334287,0.6517398745008556,-0.1722760981175127,0.27042256423580885,24.54026632056075,-1.1710000000000065,47.929516515700165,49.77973099430688,-1.8502144786067163,96.575,93.78999999999999,95.1825,86.64500000000001,92.38465496856429,20.54527935574371,48.65582734091872,37.07619345309577,35.22031668943167,89.19500000000001,86.64500000000001,68.0,8.0,60.0,93.5364697448645,93.34340397442361,0.0,0.0,34346.433647989936,1686.8399999999979,6.074234047926923,7.487482218235952,231336.26097867134,-677415.5124361269,21.403704040260443,95.03150060983094,49.431237667223925,246.5751892911343,92.93100000000001,97.90578803568589,87.95621196431414,10.706412361183835,0.6617154327438758,0.0,0.0,96.286,95.369,97.203,-1.9047421224269396,1.45201744820065,0.0,1.0,90.48,97.25,93.86500000000001,7.284974873831117,0.5997045790251114,2.3568470389730027,1.5792237427328797,57.839540659215686,0.39868549769541795,0.4669854453010971,0.6149312550508893,20.19979554904961,1.4380382991807057,49.060150375939905,58.056977747174464,-50.939849624060095,3.161676470588233,4.487179487179489,1.8467633015538367,1.9244780706162132,-0.07771476906237651,1.686629970235556,1.7806347559351103,-0.09400478569955428,93.8411861419398
95.02,2020-07-29,96.59,94.75,95.87,1559300,1.6255014131420609,1.7356528109814917,-0.11015139783943084,94.83083333333333,92.3973076923077,94.28398641511419,92.65848500197212,0.46162690428283987,0.642713423397528,-0.18108651911468815,0.2675191391790075,24.352301182269436,-2.1259999999999906,46.69200802064473,49.000474138863005,-2.308466118218277,96.565,93.78999999999999,95.1775,86.97,77.28750039255348,20.249141325531046,48.22471244096376,34.63608310768978,45.29086899075666,89.0875,86.64500000000001,64.0,4.0,60.0,93.75928156017264,93.34340397442361,0.0,0.0,34346.433647989936,1781.8599999999979,5.924104109514677,9.268441901345017,-473584.5085245204,-637460.5631169665,21.614770255619014,95.35943518275704,49.744092778289726,247.122902320023,93.136,98.05550973167075,88.21649026832924,10.564142182766616,0.6640407365808645,0.0,0.0,96.34133333333332,95.45433333333334,97.22833333333332,-1.841369574844982,1.3970311912814788,0.0,1.0,90.48,97.25,93.86500000000001,7.268940044665861,0.6307237813884784,2.326162335075702,1.3305007340245005,58.46929519326004,0.341005624672434,0.3477817145413538,0.47806451922972876,19.79397866382053,2.047636277203963,53.00751879699242,51.79705171347867,-46.99248120300758,3.027676470588233,3.2585004359197853,1.7542931045197467,1.89044107739692,-0.13614797287717328,1.5407862370418521,1.7326650521564588,-0.1918788151146067,93.84690673005132
93.95,2020-07-30,95.11,93.79,94.16,1682400,1.465687577344653,1.681659764254124,-0.21597218690947106,95.0625,92.57538461538462,94.20798850509662,92.74230092775197,0.5294472968891578,0.6780428873452132,-0.14859559045605542,0.2606343077633573,24.24475003900105,1.366500000000002,43.408271596586154,48.08958308247194,-4.681311485885786,96.17,93.78999999999999,94.97999999999999,88.31,38.64375019627674,19.2515596873583,48.22471244096377,42.52303305168943,0.3253541559992029,89.485,86.64500000000001,60.0,0.0,60.0,93.96872466656228,93.34340397442361,0.0,0.0,34346.433647989936,1687.9099999999978,5.953121410345487,-4.9401926559898985,1612825.97126132,-532292.2958606121,20.662875796516122,95.57802647754843,42.99876419190068,244.61907133081752,93.2235,98.1241378156321,88.3228621843679,10.513739165837144,0.5577985990102123,0.0,0.0,96.031,95.224,96.838,-1.680707271610199,1.8884758364312306,0.0,1.0,90.48,97.25,93.86500000000001,7.262117384565046,0.48892171344165497,2.1525461015681318,1.3058525526913862,54.464192468451095,0.0,0.2465637074559508,0.3537769557661338,18.354316298964076,-6.5980041646759355,-10.191082802547552,30.625528790128246,-110.19108280254756,2.414088235294116,3.0546093835842223,1.5803873342396926,1.8284303287654746,-0.24804299452578205,1.31915396016444,1.6499628337580552,-0.3308088735936152,93.84174710177172
93.35,2020-07-31,93.71,92.23,93.71,1805500,1.1993298703541626,1.5851937854741318,-0.3858639151199692,94.86583333333333,92.75423076923077,93.90368258123561,92.70435271088145,0.6299052774018954,0.6708389715832208,-0.04093369418132542,0.24753183603311826,23.732693134658405,2.930000000000007,41.53110322232173,47.25005303098003,-5.718949808658294,95.47,93.86500000000001,94.6675,89.465,19.32187509813837,18.045134094787084,48.00431713746987,50.32649906094866,-34.87821059615237,90.0625,86.64500000000001,56.00000000000001,32.0,24.000000000000007,93.96872466656228,97.25,0.0,1.0,34346.433647989936,1594.559999999998,5.756894377870234,-25.038165133705654,-0.0,-287751.3855738462,19.110194273965742,95.61161221037,36.2598450203459,240.55034597335856,93.19,98.10815412527946,88.27184587472054,10.555111332287707,0.4024024079414708,0.0,0.0,95.71633333333334,94.92333333333333,96.50933333333333,-1.6569794775534636,2.6981925178646473,0.0,1.0,90.48,97.25,93.86500000000001,7.264727975104621,0.25849335302806514,1.9452914914113197,1.6636037067519234,48.634228383012335,0.0,0.11366854155747814,0.2360046545182608,15.37228777473835,-16.554478116097272,-41.80790960451941,0.3361754633084762,-141.8079096045194,1.68244117647059,-2.4949783275187647,1.2937147342957367,1.721487209871527,-0.42777247557579035,1.0799814860446888,1.535966564215382,-0.4559850781706931,93.64774454994013
94.51,2020-08-03,94.63,92.74,94.01,1516500,1.0176612409986063,1.4716872765790268,-0.45402603558042043,94.58416666666666,92.90961538461539,93.72465449181476,92.70699325081615,0.5450188291680945,0.6326600479287916,-0.08764121876069708,0.23147986594215514,23.17350916811028,2.0464999999999947,41.309366711952975,46.44352975997138,-5.134163048018408,95.345,93.86500000000001,94.605,89.495,9.660937549069185,16.7901741951714,44.929776695344906,45.359277664076444,-17.97701001522629,90.0775,86.64500000000001,52.0,28.000000000000004,23.999999999999996,93.96872466656228,97.1792,0.0,0.0,34346.433647989936,1689.069999999998,3.8619739200000516,-14.575555828890685,-400169.2942545742,-410276.0438778037,19.632801885372004,95.72307671609663,43.13510509420143,240.55034597335856,93.3635,97.94989847810929,88.77710152189071,9.824821216233943,0.43202727554355014,0.0,0.0,95.378,94.69300000000001,96.06299999999999,-1.436389943173453,2.425547445255512,0.0,1.0,90.48,97.25,93.86500000000001,7.251227728180709,0.33382570162481423,1.9907623422701868,1.831713634495171,50.499717621631376,0.10656965789920098,0.03552321929973381,0.1319184894377208,13.35810400878229,-17.47765441887086,-27.401129943502745,-26.466707450189915,-127.40112994350274,1.1610294117647157,-3.5164377861007172,1.0977178800798257,1.596733343913187,-0.49901546383336126,0.9780546611313492,1.4243841835985753,-0.4463295224672261,93.57040800826906
95.9,2020-08-04,96.24,94.42,94.63,1976200,0.9977480841986761,1.3768994381029567,-0.37915135390428056,94.50166666666667,92.99846153846154,93.83163072384326,92.83388263964459,0.5575189325640116,0.5708618824377927,-0.01334294987378104,0.217307537425475,22.901946270681425,1.8335000000000008,42.683257387520044,45.75461812883836,-3.0713607413183155,95.345,93.86500000000001,94.605,89.495,4.830468774534593,15.839592825682207,43.700064018976484,40.75916411574214,17.62954355641146,90.7,86.64500000000001,48.0,24.0,24.0,93.96872466656228,97.109816,0.0,0.0,34346.433647989936,1784.969999999998,3.8084983319008736,10.522666432379506,-1871897.810218969,-340735.1236993325,21.37004579307096,95.71678882902005,43.139444341698876,240.55034597335856,93.6365,97.76953895457122,89.50346104542878,8.827837338155996,0.5947849764558156,0.0,0.0,95.18066666666667,94.44266666666667,95.91866666666667,-1.5507350932612356,1.0153568202348686,0.0,1.0,90.48,97.25,93.86500000000001,7.230086558126368,0.5819793205317577,2.141686108043168,1.8917201825263426,56.14933348300792,0.4293148215510138,0.1786281598167384,0.10927330689131669,13.175610834011179,-3.070286683378215,20.056497175141434,-16.384180790960247,-79.94350282485857,1.0095294117646887,-1.037627083114972,1.0747671602529625,1.4923401071811422,-0.4175729469281797,1.0041055116353705,1.3403284492059344,-0.3362229375705639,93.58976228676005
95.82,2020-08-05,97.11,95.44,96.32,1010900,1.052143780903009,1.3119483066629671,-0.25980452575995816,94.49916666666667,93.15346153846154,94.0790721509443,93.02692837004129,0.5490196078431386,0.549019607843137,1.6653345369377348e-15,0.2067473716778562,22.795236534233666,1.7454999999999927,43.753089754243504,45.030641095400014,-1.27755134115651,95.06,93.86500000000001,94.4625,90.07,2.4152343872672963,15.671448269433649,48.17646736576042,36.72678116893722,56.996344611333384,90.9875,86.64500000000001,44.0,20.0,24.0,93.96872466656228,97.04181967999999,0.0,0.0,34346.433647989936,1880.789999999998,3.7035588784009783,22.981771227753807,-1055312.0434147452,-73958.91012706577,22.405169707495865,95.63214117998952,43.05464408707832,243.14896229291824,93.92450000000001,97.70206257393615,90.14693742606387,8.043827912708904,0.700592309238821,0.0,0.0,95.21466666666667,94.57366666666667,95.85566666666668,-1.346431222080643,0.3242329693187811,1.0,1.0,91.93,97.25,94.59,5.664123844151411,0.6597744360902247,2.196517497238851,1.8966394907044812,59.19446394640558,0.6762769503409867,0.4040538099304006,0.2060683963489575,13.922146914234807,6.964760691550249,49.147727272727245,13.934364834788633,-50.852272727272755,0.9588823529411741,-0.03142348381690703,1.1310099122243458,1.420074068189783,-0.2890641559654372,1.0060713804144206,1.2734770354476317,-0.2674056550332111,93.60484737129157
95.6,2020-08-06,95.95,94.86,95.75,1080500,1.0365034432109326,1.2568593339725602,-0.22035589076162765,94.43166666666667,93.31538461538463,94.19921489695287,93.16271145374193,0.5211815001943266,0.5561601243684404,-0.03497862417411379,0.1973999368511707,22.57879855737326,0.8654999999999973,42.48542218315747,44.211390491228926,-1.725968308071458,95.01499999999999,93.86500000000001,94.44,91.58000000000001,1.2076171936336482,14.938475411206486,47.3533160554187,42.492795715488114,18.441484699986017,91.7425,86.64500000000001,40.0,16.0,24.0,93.96872466656228,96.97518328639998,0.0,0.0,34346.433647989936,1785.189999999998,3.9369571993173715,11.777518195217574,180962.34309623583,-74494.16403149356,21.824197368853785,95.57193638593132,43.077256327910604,241.67131771905096,94.1845,97.43063909129029,90.93836090870971,6.893149278894699,0.6040466814580485,0.0,0.0,95.09400000000001,94.462,95.726,-1.3292110963888317,0.685126582278483,1.0,1.0,91.93,97.25,94.59,5.648487808503515,0.5507518796992474,2.0278657475149666,1.9097469928160125,56.77991001537219,0.5216490389548498,0.5424136036156169,0.37503185778758513,13.850231671748366,2.0554272547824852,32.67045454545461,33.95822633110776,-67.32954545454538,1.0274705882352748,-0.8466603951081867,1.1125732892881584,1.358573912409458,-0.24600062312129967,0.9774916500877439,1.2142799583756543,-0.23678830828791042,93.62862907732912
96.49,2020-08-07,97.03,95.64,96.17,1345200,1.0746598345551917,1.2204194340890866,-0.14575959953389495,94.48083333333335,93.45384615384616,94.4208741435755,93.34621430902031,0.5468686041751948,0.5517805976258687,-0.004911993450673946,0.19053030498367493,22.541814751315233,1.4874999999999972,42.137757090082076,43.54775472024542,-1.4099976301633461,95.01499999999999,93.86500000000001,94.44,92.95,0.6038085968168241,14.440268087784844,46.2500265050221,39.427068592623826,50.97207288367057,92.42750000000001,86.64500000000001,36.0,12.0,24.0,93.96872466656228,96.90987962067199,0.0,0.0,34346.433647989936,1881.679999999998,3.9315857401000254,20.846758453043652,-668463.0531661308,26543.483265300416,22.61760027840471,95.50645935722603,43.01138696718174,241.67131771905096,94.44250000000001,97.2621090154493,91.62289098455072,5.971059672179978,0.7123521370230078,0.0,0.0,95.08866666666668,94.45466666666667,95.72266666666667,-1.3334922493392136,0.06519453207150487,1.0,1.0,93.71,97.25,95.47999999999999,3.7483124652566437,0.5451977401129953,2.04207917276347,1.9028917797498008,59.19073604794344,0.6760382159123821,0.6246547350694064,0.5237073828718078,14.486489491845795,5.923103572663099,54.82954545454549,45.549242424242436,-45.17045454545451,1.4564999999999912,0.6207259337190988,1.1512623650677007,1.3171116029411067,-0.165849237873406,1.018426463955446,1.1751092594916126,-0.1566827955361667,93.64302063382365
97.74,2020-08-10,97.93,96.25,96.49,1797200,1.1409685760977766,1.2045292624908246,-0.06356068639304802,94.50750000000001,93.58269230769231,94.70227812148696,93.56130954538918,0.5129815745393644,0.5908710217755435,-0.07788944723617908,0.18651988405299794,22.77905974689343,0.6730000000000018,42.31467315676763,42.92388323591959,-0.609210079151957,95.1,93.86500000000001,94.4825,93.74000000000001,1.0200094704609675,14.12012013386276,45.83713273936409,37.53479241273243,80.83172534505808,92.89250000000001,86.64500000000001,32.0,8.0,24.0,93.96872466656228,96.84588202825854,0.0,0.0,34346.433647989936,1979.419999999998,3.915530185804276,26.385992959751697,-898710.8655617009,-58527.78385726821,23.24099425582002,95.49526599824677,50.37172290121858,241.67131771905096,94.667,97.30572014431293,92.02827985568707,5.574741238896188,0.7999560228870314,0.0,0.0,95.24266666666668,94.46466666666666,96.02066666666666,-1.6337215813640917,-0.14738646101114652,1.0,0.0,93.71,97.25,95.47999999999999,3.7394234527343277,0.7175141242937858,2.0668712554871234,1.8987736922589016,61.02187405088527,0.8112792687403859,0.669655507869206,0.6122412821847429,15.550913735817318,12.72975167926361,77.67584097859321,55.05861365953109,-22.32415902140678,1.7996470588235098,0.33357656624621407,1.2194876083305153,1.2975868040189884,-0.07809919568847312,1.1429021995490425,1.1686678475030987,-0.025765647954056226,93.76930822657174
96.49,2020-08-11,98.52,95.91,97.88,1345200,1.1527948713109453,1.194182384254849,-0.04138751294390364,94.55499999999999,93.83807692307693,94.88808148741204,93.73528661610109,0.3875305623471895,0.655664221678891,-0.2681336593317015,0.18349017249756103,22.912471439328137,-0.8220000000000027,41.646969820443374,42.363323435897215,-0.7163536154538406,95.79499999999999,94.18,94.9875,93.815,1.0764088157206146,14.414851011647817,49.393651821000006,34.14998535499741,111.28911673608829,93.1975,86.64500000000001,100.0,4.0,96.0,93.71,96.84588202825854,1.0,0.0,34346.433647989936,1882.929999999998,4.219427915907692,17.929908251215696,-656648.357342727,-282767.0816811144,22.90014646361222,95.60227499345964,57.689741212184884,240.81762163567976,94.912,96.99934855738154,92.82465144261847,4.3984924085079475,0.7390592592863189,0.0,0.0,95.46133333333333,94.67833333333333,96.24433333333333,-1.640454774009724,0.21349510429970167,1.0,1.0,93.71,97.88,95.79499999999999,4.3935434929197585,0.5275779376498806,2.0871841299384104,1.87769556086297,59.421434729020724,0.7064649014653348,0.7312607953727012,0.6751903461037712,16.002117996767048,15.295364100515044,52.75779376498806,61.75439339937557,-47.24220623501194,2.136617647058813,0.5978602894902383,1.2298408773552814,1.284037618686247,-0.054196741330965637,1.1224873646751028,1.1594317509374996,-0.03694438626239682,93.82724265112095
99.21,2020-08-12,99.4,95.87,96.82,2326400,1.1457323405370943,1.184492375511298,-0.03876003497420366,94.70333333333333,94.10384615384615,95.03914587396403,93.89341353342694,0.4227043781480059,0.6144905075552107,-0.19178612940720485,0.18079051562947623,23.4523429891895,-0.43599999999999284,40.57134711397712,42.04810960449621,-1.4767624905190928,95.79499999999999,94.18,94.9875,93.815,0.6347963721077394,14.688529683876798,46.853384957370295,32.39368524369733,96.10654786765105,93.1975,86.64500000000001,96.0,0.0,96.0,93.79339999999999,96.84588202825854,0.0,0.0,34346.433647989936,1783.719999999998,4.214468342313017,14.801578501042139,234048.98699727,-250457.66780209765,22.858770173340094,95.65180972199433,50.270757037527545,240.81762163567976,94.976,97.09813477423154,92.85386522576846,4.468781111505097,0.7106369517279452,0.0,0.0,95.624,94.655,96.593,-2.026687860788089,0.3730650154798752,1.0,1.0,93.71,97.88,95.79499999999999,4.390582884097037,0.5179856115107937,2.2274657169445704,1.8799157760216771,59.224636207509285,0.8257228174997826,0.7811556625685011,0.7273573219368027,16.32485451466278,11.287479714663784,51.798561151079376,60.744065298220214,-48.201438848920624,2.172823529411758,1.891805717929643,1.2202478293423669,1.271279660817471,-0.05103183147510415,1.3193871712671885,1.1914228350034375,0.12796433626375103,93.87197665153128
97.27,2020-08-13,98.84,96.86,98.57,1908700,1.2061165988705511,1.1888172201831486,0.0172993786874025,94.89666666666666,94.38000000000001,95.31927727796956,94.11316067909901,0.39621267297887997,0.6412964311726147,-0.24508375819373474,0.18015228986575085,23.764474904439417,-0.26300000000000523,40.03842671085652,41.882256658777855,-1.8438299479213356,96.6,95.25,95.925,94.16,9.93064822442322,15.634520130249735,49.38839863064158,27.82175329439418,140.30937010624024,93.23500000000001,86.64500000000001,100.0,4.0,96.0,93.875132,96.84588202825854,0.0,0.0,34346.433647989936,1880.989999999998,4.790083499893556,26.44382442946462,-165158.83622905912,-280769.3718842093,23.86322725063226,95.77994427931853,57.561733218314416,243.30442089946743,95.013,97.23698830932241,92.7890116906776,4.681440033095277,0.9152449885320503,0.0,0.0,95.99766666666667,95.09666666666666,96.89866666666667,-1.8771289579955135,0.021457639659639927,1.0,1.0,93.71,98.57,96.13999999999999,5.115089514066495,0.6481481481481494,2.3017191452501136,1.8673636419980018,62.53211986224618,1.0,0.8440625729883727,0.7854930103098582,17.52197573901855,11.901035484308833,64.81481481481494,56.45705657696078,-35.18518518518506,2.535294117647055,2.4539877300613426,1.2815599754247864,1.2733357237389342,0.008224251685852169,1.2967234854007363,1.2124829650828972,0.08424052031783913,94.12754592948914
98.84,2020-08-14,99.64,96.74,97.21,1863700,1.2301086348996648,1.197075503126452,0.033033131773212876,95.0625,94.65230769230769,95.53785000443578,94.30774136953612,0.3797297297297317,0.6165540540540545,-0.23682432432432282,0.18029548320494374,24.256860650377913,-1.2894999999999897,40.55654509646603,41.79860981261264,-1.2420647161466079,97.25999999999999,95.25,96.255,94.16,54.96532411221161,16.512939830453174,48.434110135382205,27.28417807788751,112.2358598000762,93.23500000000001,86.64500000000001,96.0,0.0,96.0,94.06292672,96.84588202825854,0.0,0.0,34346.433647989936,1782.149999999998,3.8390845253739987,20.971735225255323,688385.2691218178,-231598.9955183652,23.740774225647744,95.96343510448324,57.305674750086126,243.30442089946743,95.0795,97.42330438603624,92.73569561396376,4.930199224935428,0.8542317801546951,0.0,0.0,96.46233333333333,95.31833333333334,97.60633333333334,-2.3719102793145477,0.3786421911421964,1.0,1.0,93.71,98.57,96.13999999999999,5.111511945266855,0.6234567901234571,2.3495472307251024,1.7803230330437159,61.876941664461334,0.9528577267448227,0.9261935147482019,0.8504705834350251,18.353812926826695,8.887143020373832,62.34567901234571,59.653018326079994,-37.65432098765429,2.794852941176458,2.1002638522427386,1.3043559489772938,1.2795397687866061,0.024816180190687653,1.3935343985311925,1.2486932517725564,0.14484114675863613,94.7087389229881
100.87,2020-08-17,101.88,99.64,99.66,1709400,1.4662265134421517,1.250905705189592,0.21532080825255973,95.55000000000001,95.00461538461538,96.16895000375337,94.70272349031121,0.3215912541755255,0.6935924688733682,-0.37200121469784275,0.18668224914055245,24.639791692447343,-3.0579999999999927,43.33009608123615,41.8704807785811,1.4596153026550525,97.805,96.685,97.245,94.705,77.48266205610581,18.15911174317654,53.68091179345844,23.248241427667452,230.46721087300162,92.54750000000001,86.64500000000001,100.0,56.00000000000001,43.99999999999999,94.24320965119999,96.84588202825854,0.0,0.0,34346.433647989936,1883.0199999999982,3.7331232868461783,59.76477305021893,-5160999.306037469,-616765.8217338038,26.76458030379536,96.34467410773762,64.63769027543837,243.30442089946743,95.288,98.36186792169127,92.21413207830872,6.451741922784137,1.2079028948006145,1.0,0.0,97.12233333333333,95.81833333333333,98.42633333333335,-2.6852732121345433,-0.46536298568506357,1.0,0.0,93.71,99.66,96.685,6.244228024515158,0.9966386554621856,2.6285925076525922,1.7252679565976652,70.04512138381551,1.0,0.984285908914941,0.9181806655505053,21.757196843771446,19.54296281454509,99.66386554621856,75.6081197911264,-0.3361344537814456,3.303911764705873,6.237338735472858,1.5482411269747247,1.33328004042423,0.21496108655049473,1.6191411550074686,1.3227828324195388,0.2963583225879298,96.0581368928309
99.24,2020-08-18,101.49,97.81,101.31,1627500,1.4885271132866364,1.2984299868090008,0.19009712647763566,96.015,95.2373076923077,96.42141923394516,94.93289212065852,0.34005499541705,0.7146348915368169,-0.37457989611976694,0.19271766931523987,24.459340859189524,-2.6550000000000153,42.42880270034272,41.723337772592124,0.7054649277505973,98.63,97.50999999999999,98.07,95.53,88.74133102805291,20.13994287865082,57.44853786629691,21.307022435757585,184.58284714119037,92.54750000000001,86.64500000000001,100.0,52.0,48.0,94.568217072128,96.84588202825854,0.0,0.0,34346.433647989936,1783.7799999999982,5.584104315109042,25.282776900187685,-114268.44014509856,-591100.3882781308,24.94192675100531,96.66985134683115,57.276257111680735,238.83586318925038,95.39500000000001,98.65778715211438,92.13221284788564,6.840583158686242,0.8700823693686255,0.0,0.0,97.633,96.472,98.79400000000001,-2.378294224288936,0.4237726098191222,1.0,1.0,93.71,101.31,97.50999999999999,7.966874574139114,0.5394736842105269,2.5507332568873324,1.7528212211872485,61.14248900171307,0.5842007906083844,0.8456861724510691,0.9187218653714039,21.880235248483313,10.446730391650828,53.94736842105268,71.9856376598723,-46.05263157894732,3.701999999999998,6.05009216090209,1.5679782634186863,1.3802196850231214,0.18775857839556487,1.6421796459956408,1.386662195134759,0.25551745086088173,96.20158724931406
99.75,2020-08-19,100.52,99.04,100.05,1844800,1.5871554793951361,1.3561750853262278,0.23098039406890836,96.54,95.54615384615384,96.82427781333821,95.23712233394308,0.29096126255380317,0.6720229555236736,-0.38106169296987047,0.20043330843939233,24.28481454251255,-1.174500000000009,44.03279344726341,41.895267913048336,2.1375255342150723,99.17,97.50999999999999,98.34,95.53,94.37066551402646,21.331166125550347,51.26519576251288,23.674570724658565,141.3333044942162,92.54750000000001,86.64500000000001,96.0,48.0,48.0,95.10755970635775,96.84588202825854,0.0,0.0,34346.433647989936,1883.5299999999982,5.772816162580525,39.19845162873236,525363.408521303,-668776.2856167036,26.196323029504438,97.064282016242,56.8004284096193,238.83586318925038,95.59450000000001,99.21665115642661,91.97234884357341,7.578158066471599,0.9756151595008428,0.0,0.0,97.99100000000001,96.862,99.11999999999999,-2.304293251421044,0.03542958370238452,1.0,1.0,93.71,101.31,97.50999999999999,7.950248183734428,0.7013157894736851,2.5666599311985987,1.6366324985091545,64.4161395333297,0.7370972873352524,0.7737660259812124,0.867912702449074,23.058492203696247,13.702612333577337,70.13157894736851,74.58093763821324,-29.868421052631493,3.923029411764702,6.793185249083472,1.6665302777942763,1.4374818035773527,0.22904847421692365,1.6824211303884382,1.445813982185495,0.23660714820294326,96.44799318154111
98.91,2020-08-20,99.64,98.69,99.27,1212400,1.61842094595427,1.4086242574518362,0.20979668850243383,96.89583333333333,95.70384615384616,97.11131199590156,95.49289104994729,0.2824427480916042,0.6610121571953641,-0.3785694091037599,0.2077804587852459,24.010209447768016,-0.292500000000004,46.22254796198912,42.349133565482454,3.873414396506668,99.62,97.50999999999999,98.565,95.53,97.18533275701323,21.877487055341224,50.66222938827964,27.8962498712423,98.3215574039294,92.54750000000001,86.64500000000001,92.0,44.0,48.0,95.60375492984913,96.84588202825854,0.0,0.0,34346.433647989936,1784.619999999998,5.566290587923668,28.653172824627614,310484.27863714803,-646598.8371426215,25.846782439843683,97.48166973989737,56.327129910885915,237.99183499744666,95.7325,99.59743402272309,91.86756597727691,8.074444985189128,0.8826067900010683,0.0,0.0,98.359,97.213,99.50500000000001,-2.330239225693649,0.35558464223385966,1.0,1.0,93.71,101.31,97.50999999999999,7.938787767999382,0.6552631578947367,2.3699939380787383,1.2544363737542037,62.794964987999855,0.6290608020161219,0.650119626653253,0.756523941695178,23.49405597657462,14.89046830030699,60.778443113772425,61.619130160731196,-39.221556886227575,3.914058823529402,4.5223469603897435,1.694807779050023,1.4889469986718868,0.20586078037813627,1.6257328959209258,1.4817977649325813,0.14393513098834454,96.6711161184961
100.3,2020-08-21,100.49,98.23,98.7,1481800,1.5877779816236313,1.4444550022861953,0.14332297933743599,97.12833333333333,95.785,97.28341784268594,95.6956398610623,0.30572332470520636,0.6810468794938171,-0.3753235547886108,0.21316976752258632,24.086428816822743,-1.016999999999996,48.10483613548596,42.992485007562266,5.112351127923695,99.91499999999999,97.50999999999999,98.71249999999999,95.53,98.5926663785066,22.384785061575606,50.634344268730246,27.88089542924414,85.22510700784164,93.6825,86.64500000000001,88.0,40.0,48.0,96.0602545354612,96.84588202825854,0.0,0.0,34346.433647989936,1684.3199999999981,5.456853774235342,17.96871956396662,-249850.44865403778,-635861.7767425831,25.379278133429665,97.85685477583557,49.27407918989755,237.99183499744666,95.877,99.88585070812103,91.86814929187896,8.362486744727162,0.7934756332074626,0.0,0.0,98.645,97.40599999999999,99.88399999999999,-2.512038116478275,0.6674737691686787,1.0,1.0,93.71,101.31,97.50999999999999,7.926822908518215,0.5947368421052638,2.312994544270864,0.9129115865374863,60.63506616082013,0.3228124025663567,0.5629901639725771,0.662291938869014,23.197637378053408,13.696273856772946,42.537313432835845,57.815778497992255,-57.462686567164155,4.016147058823535,2.9233025984912056,1.659195741758851,1.5229967472892798,0.13619899446957118,1.6753340470502844,1.520505021356122,0.15482902569416246,96.76116344713432
102.29,2020-08-24,102.56,99.74,101.01,1923000,1.6661314656195856,1.4887902949528735,0.17734117066671207,97.53500000000001,95.95153846153845,97.66135355919579,95.9952220935762,0.31320224719101225,0.7109550561797763,-0.39775280898876403,0.21972344733133986,24.157852172858725,-0.5195000000000078,50.95907132725266,44.0271629527633,6.93190837448936,100.075,97.50999999999999,98.79249999999999,95.53,99.2963331892533,23.60915431983424,55.22642461255559,23.9365164192058,137.69796297910702,93.6825,86.64500000000001,84.0,36.0,48.0,96.48023417262431,96.84588202825854,0.0,0.0,34346.433647989936,1786.609999999998,5.576218103075482,37.46717391197126,-3318506.2078404548,-739190.9480012608,26.95168880226809,98.28967728444128,49.73150168240409,237.99183499744666,96.15950000000001,100.41362023807538,91.90537976192464,8.84804982986678,0.9208273155932069,0.0,0.0,99.06633333333333,97.81633333333335,100.31633333333335,-2.5235616539759556,0.2305333333333408,1.0,1.0,93.71,101.31,97.50999999999999,7.903535272126007,0.7934210526315782,2.5146950898437774,0.7810103422185908,64.90269073760473,0.6123370745192845,0.5214034263672546,0.578171072331028,24.269785872427086,14.016390871823466,70.70895522388045,58.00823725682957,-29.291044776119545,3.8841470588235154,5.144423360742142,1.7356399925773802,1.5655253963469,0.1701145962304802,1.8548789788167566,1.587379812848249,0.26749916596850754,96.99406063107577
102.64,2020-08-25,102.85,100.84,102.6,1779500,1.7962815574611994,1.5502885474545387,0.24599301000666074,97.96833333333332,96.15807692307693,98.15037608855029,96.35409453108909,0.3084397556912834,0.6848972792892842,-0.37645752359800083,0.22859076477117607,24.108112885123926,-0.22450000000000614,53.91758349103828,45.51007810577009,8.407505385268188,100.72,98.155,99.4375,96.175,99.64816659462664,25.174396017066105,55.27628638739829,20.693095560297216,149.6720382436758,93.6825,86.64500000000001,100.0,32.0,68.0,96.86661543881436,96.84588202825854,0.0,0.0,34346.433647989936,1889.2499999999982,6.171605994277963,48.24386335311835,-228955.5728760694,-680165.4858199267,28.083671958474245,98.70995850293006,50.19189557186415,237.99183499744666,96.4745,101.11750538444686,91.83149461555315,9.625352573886056,0.9701157589245489,0.0,0.0,99.53233333333334,98.32133333333333,100.74333333333333,-2.433380107636711,-0.03991191852464011,1.0,0.0,93.71,102.6,98.155,9.214870250688005,0.8020247469066377,2.5742255808593995,0.7689870258529369,67.65375639738176,0.819726582561467,0.5849586865490362,0.5564507589629558,26.04863404148797,17.3788475666323,73.53383458646627,62.26003441439419,-26.46616541353373,3.7853235294117695,5.4370556252614,1.8642503634151437,1.625270389760549,0.23897997365459478,2.0003555654119247,1.6699749633609842,0.33038060205094055,97.45563863989418
104.24,2020-08-26,104.64,102.28,102.59,3093200,1.9926523524087827,1.6387613084453876,0.3538910439633951,98.47083333333332,96.4123076923077,98.78570284415794,96.79305049174916,0.25464258458407585,0.6700585092851702,-0.41541592470109434,0.24110987789577606,24.164339891567174,-0.9410000000000025,57.996699877264234,47.505441790926504,10.49125808633773,101.12,98.155,99.6375,96.175,99.82408329731332,26.627834735924267,50.7452796445943,18.996878942992595,157.43016013244156,94.045,86.64500000000001,96.0,28.000000000000004,68.0,97.43995389493293,96.84588202825854,0.0,0.0,34346.433647989936,1993.4899999999982,6.012814024621812,62.795540016958554,-1750287.7973906498,-818111.9244261328,29.57222412031477,99.26212503944687,57.373991107184835,237.99183499744666,96.851,102.06026827875108,91.64173172124892,10.757283412150793,1.021090459301666,1.0,0.0,100.113,98.955,101.271,-2.313385873962425,-0.4356649395509496,1.0,0.0,93.71,102.6,98.155,9.17904822872247,0.964004499437571,2.696803022773459,0.7088554643601647,70.87248966436434,1.0,0.810687885693584,0.6390166662032915,28.626929275615726,15.208416889032796,94.25493716337535,79.49924232457401,-5.74506283662466,4.09882352941176,6.264935064935067,2.058672954602914,1.711950902729022,0.34672205187389205,2.217075704698572,1.7793951116285018,0.43768059307007,98.18211261161552
96.72,2020-08-27,101.86,96.54,99.57,8814500,1.6659040880240212,1.6441898643611146,0.02171422366290665,98.52333333333333,96.46961538461538,98.44021009890287,96.77430601087885,0.3728983688833132,0.647176913425346,-0.2742785445420328,0.24312797856969912,24.486770762276436,-1.1184999999999974,56.34519470219551,49.259736191563114,7.0854585106323995,101.12,98.155,99.6375,96.465,91.33085358321881,26.237313044967774,49.69248779279938,32.335029513396805,37.49812198546331,94.19,86.64500000000001,92.0,24.0,68.0,97.95595850543964,96.84588202825854,0.0,0.0,34346.433647989936,1896.7699999999982,6.098707175565178,-25.485651414035438,6866211.7452440355,-279920.86739683524,24.14425384264564,99.47271177689655,50.54589309705104,224.63562525081642,96.9885,102.0090827351018,91.9679172648982,10.35294439052423,0.4553338702234431,0.0,0.0,100.23633333333333,98.87633333333333,101.59633333333332,-2.713586889650777,1.8589460784313756,0.0,1.0,93.71,102.6,98.155,9.166035148496988,0.318335208098989,2.698122720496114,1.6569837181712104,49.659647798394694,0.0,0.606575527520489,0.6674073665877028,22.76981787639036,-1.2530175067041036,-29.764453961456194,46.008105929461806,-129.7644539614562,4.079352941176467,0.6568658116984774,1.7214322237937303,1.713847166941964,0.007585056851766359,1.7602051897199065,1.775557127246783,-0.015351937526876469,98.17261074430392
94.73,2020-08-28,97.43,93.65,97.22,4675700,1.1603787630727425,1.5474276441034402,-0.3870488810306978,98.33833333333332,96.38192307692309,97.70325469907166,96.54287593599892,0.4931079323797146,0.6806241872561775,-0.18751625487646284,0.23162867434696338,24.621829125324773,-0.19950000000000045,52.292305138259366,50.25553719789903,2.0367679403603347,100.015,98.155,99.08500000000001,96.465,45.665426791609406,24.78319548279115,47.957687819184024,53.94949074571868,-71.50439354712394,94.735,86.64500000000001,88.0,20.0,68.0,97.95595850543964,102.6,0.0,1.0,34346.433647989936,1802.0399999999981,7.77953712946625,-60.95480121203038,751504.2753087993,-162048.35733465667,21.308437600673404,99.42451721164211,43.834767061374336,217.91098306131093,97.0595,101.84348777172374,92.27551222827626,9.85784549008339,0.1436550256093674,0.0,0.0,100.06,98.922,101.198,-2.274635218868675,3.3163444639718804,0.0,1.0,94.63,102.6,98.615,8.211457920141768,-0.1229611041405257,2.5173104484465028,2.7983643080794622,42.72569425948958,0.0,0.3333333333333334,0.5835322488491353,15.146671785279352,-18.441608565790535,-73.11411992263076,-2.8745455735705434,-173.11411992263075,3.5032941176470587,-2.3156357567539363,1.2019310092253634,1.611463935398644,-0.4095329261732805,1.221486898709246,1.6647430815392756,-0.44325618283002965,98.05657253630552
96.27,2020-08-31,96.61,93.92,94.5,2594400,0.7726266849704615,1.3924674522768448,-0.6198407673063833,98.09333333333335,96.32730769230768,97.1212155145991,96.34858882962864,0.5579969340827804,0.6323454266734804,-0.07434849259069998,0.2117567593551748,25.00732693529752,-0.3785000000000167,46.750185914670645,50.73569088837991,-3.9855049737092614,99.60499999999999,98.155,98.88,96.465,22.832713395804703,23.7192923148023,45.80507007710429,55.858082945031306,-112.6415671870217,94.835,86.64500000000001,84.0,16.0,68.0,97.95595850543964,102.4966,0.0,0.0,34346.433647989936,1898.3099999999981,7.603744253155474,-48.533701038883244,3879401.682767223,161955.21695891122,21.585991257907775,99.25691768251777,37.107572703700335,217.91098306131093,97.11850000000001,101.7133113127747,92.52368868722532,9.46227817104814,0.15194435829090516,0.0,0.0,99.52166666666668,98.39466666666667,100.64866666666666,-2.264833453351857,2.9852114758947126,0.0,1.0,95.95,102.6,99.275,6.847305096351356,-0.3052631578947374,2.5615794036018515,3.548796807188095,43.51916155690334,0.028190324546727676,0.009396774848909299,0.31643521190091045,9.90703759491921,-13.969616457867152,-44.90818030050084,-49.2622513948626,-144.90818030050085,2.1765588235294047,-3.0353086929589073,0.8019076297388045,1.449552674266676,-0.6476450445278715,0.9086717946723974,1.5135288241659002,-0.6048570294935027,97.7565996703422
93.68,2020-09-01,96.37,93.52,96.22,3014100,0.42811862736930095,1.199597687295336,-0.771479059926035,97.825,96.30538461538461,96.56718235850693,96.13906373113763,0.5388451443569561,0.6587926509186357,-0.11994750656167963,0.18595848176532148,25.208816716661985,2.566500000000005,41.893329738028086,50.49797269846488,-8.604642960436792,99.485,98.155,98.82,96.465,11.416356697902351,22.042463035994107,49.156873955302046,49.397032491146014,-101.49962067411575,95.2025,86.64500000000001,80.0,12.0,68.0,97.95595850543964,102.26113600000001,0.0,0.0,34346.433647989936,1804.629999999998,9.312921682334231,-46.95345803332857,-118488.47139197748,136773.9699311078,21.187013404415435,99.12972017559686,43.80729990227499,216.98291243498505,97.0735,101.78918139296987,92.35781860703013,9.715692527764777,0.12322518169934556,0.0,0.0,99.03833333333333,97.91433333333333,100.16233333333332,-2.2698281810073446,2.9547746144721327,0.0,1.0,95.95,102.6,99.275,6.850479276012497,-0.36541353383458797,2.5504214632416664,4.22166228144408,42.57806108790374,0.0,0.009396774848909299,0.11737562767705056,5.5956467878337435,-13.980078860559185,-45.74638844301787,-54.5895628887165,-145.74638844301785,0.8665882352941168,-3.328509406657018,0.4453118334567694,1.2487045061046949,-0.8033926726479255,0.4419865357419604,1.2992203664811124,-0.857233830739152,97.52784680154889
94.7,2020-09-02,94.97,93.76,94.06,1926300,0.17247136141548935,0.9941724221193667,-0.8217010607038774,97.335,96.27538461538461,96.13530814950587,95.96283678809039,0.6016949152542377,0.6651175505740844,-0.06342263531984671,0.15747715983462746,25.367364680562662,0.8205000000000098,35.95238232910537,49.356843183700015,-13.404460854594646,98.785,98.155,98.47,96.465,5.708178348951176,20.99444589170764,47.760078713616814,55.360279056127126,-129.82851911791116,95.1825,86.64500000000001,76.0,8.0,68.0,97.95595850543964,101.90766784,0.0,0.0,34346.433647989936,1899.329999999998,9.24083428961431,-36.99896402856723,1710454.0654698997,270746.320052462,21.430041633671213,98.8696576728987,37.0272477400361,216.98291243498505,96.98949999999999,101.87535908515608,92.10364091484391,10.075026853744138,0.16950540900661107,0.0,0.0,98.47766666666666,97.30966666666667,99.64566666666667,-2.372111443203703,2.519549086757992,0.0,1.0,94.97,102.6,98.785,7.866830945617822,-0.158584534731323,2.4403793169175,4.7727215341874185,43.369364142069806,0.027966744478606826,0.01871902300844491,0.012504190902087724,2.4974273867553585,-20.625158121838258,-15.8584534731323,-35.50434073888368,-115.85845347313229,-0.8472352941176524,-5.901244480128458,0.17972724357487332,1.0349090535987306,-0.8551818100238573,0.1529885505654295,1.0699740032979759,-0.9169854527325464,97.22114878649124
92.92,2020-09-03,95.46,92.43,94.96,2215000,-0.13588443226817049,0.7681610512418593,-0.9040454835100298,96.88666666666667,96.18615384615383,95.56526074188959,95.70114517415776,0.5743661971830991,0.6946478873239437,-0.12028169014084455,0.12542239131304983,25.39388066922903,2.171999999999997,28.953653938681366,47.228934050721726,-18.27528011204036,98.785,98.155,98.47,96.465,2.854089174475588,19.659853764488442,49.49449964977683,51.83537801044734,-123.77504608081017,95.1775,86.97,72.0,4.0,68.0,97.95595850543964,101.3526544128,0.0,0.0,34346.433647989936,1806.409999999998,9.297675238983317,-49.36819773877189,-373977.61515281594,194863.25688998817,20.111957162681456,98.63245034827605,43.72507470725558,213.9049764970741,96.86800000000001,102.07025182012582,91.6657481798742,10.740908907225934,0.0734539432682946,0.0,0.0,97.986,96.80499999999999,99.167,-2.410548445696333,2.852243861134619,0.0,1.0,94.97,102.6,98.785,7.876698187223846,-0.3328964613368275,2.366341385225749,5.422400321029297,40.07365394798265,0.0,0.009322248159535683,0.012479348672296518,-1.1615204342330991,-31.992570509157275,-33.289646133682744,-31.631496016610978,-133.28964613368274,-1.9002941176470642,-5.500460075656881,-0.14198830329656645,0.7995295822196713,-0.9415178855162377,-0.22269917468020323,0.8114393677023402,-1.0341385423825433,96.76189285512838
91.23,2020-09-04,93.32,90.05,93.32,2561500,-0.565782738632663,0.5013722932669549,-1.067155031899618,96.1375,96.04230769230769,94.71675908929119,95.28254182792385,0.7203200000000012,0.6921600000000003,0.02816000000000085,0.0872699109139314,25.413311062446112,2.1015000000000015,19.92121876541854,43.780283766073495,-23.859065000654955,97.96,97.96,97.96,96.465,1.427044587237794,19.171985610734396,47.09922213551705,60.96332193244849,-167.1763506625892,94.97999999999999,88.31,68.0,100.0,-32.0,97.95595850543964,100.842042059776,0.0,0.0,34346.433647989936,1715.179999999998,9.21263419634544,-73.3337980618046,-0.0,563506.0644640931,17.762856221428606,98.0754858318344,36.73344744687506,208.3970911344966,96.5885,102.56732689162367,90.60967310837633,12.379997394355787,-0.04680459214837209,0.0,1.0,97.295,96.29299999999999,98.297,-2.0597152988334497,4.115269461077834,0.0,1.0,93.32,102.6,97.96,9.607769040827844,-0.35237068965517193,2.2187072467031728,6.294060105819856,34.95469674472747,0.0,0.009322248159535683,0.012454506442505314,-6.102406264205007,-60.98531816594791,-35.237068965517196,-28.128389524110748,-135.2370689655172,-2.562764705882344,-9.07714054927303,-0.5937947579677736,0.5208647141821823,-1.1146594721499559,-0.6568854438706188,0.5177744053877483,-1.174659849258367,95.9432884842907
89.83,2020-09-08,90.95,88.59,90.58,2926200,-1.0126172209565993,0.19857439042224403,-1.2111916113788435,95.29583333333333,95.90230769230769,93.77418076786178,94.78679798881838,0.8145214521452155,0.7316831683168316,0.08283828382838399,0.04354347417133951,25.370249023681637,2.0245000000000033,5.86762443025045,38.441399425985956,-32.573774995735505,96.77000000000001,96.775,96.77250000000001,96.53999999999999,0.713522293618897,19.427616483517152,45.681440850461236,72.58891377866578,-190.51504974734033,94.6675,89.465,64.0,100.0,-36.0,97.95595850543964,100.0898378537984,0.0,0.0,34346.433647989936,1625.349999999998,9.724734105557921,-81.59351262440387,1052376.711566302,646837.8610149074,16.306423128702352,97.38855577070802,37.24883988446709,205.0183043154365,96.2055,103.12878671947092,89.28221328052908,14.39270461558003,-0.049991666427905306,0.0,1.0,96.18866666666668,95.30466666666666,97.07266666666666,-1.8380543792407982,4.797888386123675,0.0,1.0,90.95,102.6,96.775,12.109494779404494,-0.20257510729613745,2.086836522032856,7.222945184312607,32.23447828905057,0.0,0.0,0.006214832106357011,-11.102329426243365,-49.997686987388356,-20.257510729613745,-29.5947419429379,-120.25751072961374,-3.3147352941176393,-10.234066268112265,-1.06831040022689,0.20302969130036785,-1.2713400915272577,-1.1102460646710193,0.19217031137599483,-1.302416376047014,94.42944509954104
91.81,2020-09-09,92.52,89.35,89.65,2383700,-1.2905346390627557,-0.09924741547475588,-1.1912872235879999,94.55583333333334,95.77192307692309,93.09353757280611,94.38407221186887,0.7785532994923868,0.7398477157360402,0.038705583756346584,-0.0005752448506630627,25.512811118324954,3.862499999999983,-7.043479567563342,31.21471282100511,-38.25819238856845,95.25999999999999,96.775,96.0175,96.53999999999999,0.3567611468094485,19.664988008244,42.900014151394004,68.16915951782286,-148.34198290523454,94.605,89.495,60.0,96.0,-36.0,97.95595850543964,98.9930573113426,0.0,0.0,34346.433647989936,1717.159999999998,9.450252068670316,-59.96935367806059,-1000326.7617906521,537859.9917069107,17.09404701401672,96.73731542580371,44.08155692707,205.0183043154365,95.87750000000001,103.41962668946914,88.33537331053088,15.732839695380306,0.06726396487649877,0.0,0.0,95.02966666666666,93.88366666666667,96.17566666666667,-2.411878395869362,2.9780395578824925,0.0,1.0,90.95,102.6,96.775,12.150921749106923,-0.13733905579399225,2.2711528698295695,7.9724740931651725,35.06722427204164,0.07331500463300092,0.024438334877667046,0.011253527679067466,-14.225002506004621,-26.45777046884612,-13.733905579399226,-23.076161758176728,-113.73390557939922,-4.2004117647058905,-9.04000814415149,-1.3673224822995822,-0.11104074341962214,-1.25628173887996,-1.2897265484077671,-0.10420906058075757,-1.1855174878270096,93.28982760672268
90.25,2020-09-10,91.98,89.75,91.52,2054900,-1.461660426592502,-0.3717300176983051,-1.0899304088941968,93.72333333333334,95.5923076923077,92.57914717698979,94.0408076035823,0.7239940387481376,0.7523099850968697,-0.028315946348732135,-0.04227685380492272,25.532092099919144,5.268500000000003,-20.736236163989023,22.650109391429048,-43.386345555418075,94.08500000000001,96.775,95.43,96.53999999999999,0.17838057340472424,19.05837031427359,48.021563378518465,60.101432401701096,-115.99260055134451,94.605,89.495,56.00000000000001,92.0,-35.99999999999999,97.95595850543964,98.02789043398148,0.0,0.0,34346.433647989936,1807.409999999998,9.810277289210545,-46.24516029548044,-338947.36842105805,491472.0169170387,17.498076113065416,96.17541143352638,50.99613551775557,205.93612548752577,95.5715,103.57264810511609,87.57035189488391,16.74379517976821,0.1362084588661956,0.0,0.0,93.821,92.834,94.808,-2.1040065656942515,2.5623100303951354,0.0,1.0,90.95,102.6,96.775,12.189826465002634,-0.10300429184549388,2.307037582846614,8.614833715471676,36.57010299101644,0.11221138323738747,0.061842129290129534,0.02876015472259875,-16.277359145746644,-24.764104438135433,-10.300429184549388,-14.763948497854125,-110.3004291845494,-4.595323529411772,-10.016041708441945,-1.554283149878886,-0.39968922471147494,-1.154593925167411,-1.5494224244917285,-0.3932517333629518,-1.1561706911287768,92.25785061422629
90.05,2020-09-11,90.8,89.85,90.49,1979900,-1.5710990301945174,-0.6116038201975476,-0.9594952099969698,92.8075,95.3773076923077,92.15927838052983,93.73037741072434,0.7573170731707326,0.7542682926829262,0.003048780487806435,-0.08032718647101943,25.558283588217947,7.0589999999999975,-30.39858449646023,13.462232765349095,-43.86081726180932,93.50999999999999,96.69999999999999,95.10499999999999,96.53999999999999,0.08919028670236212,18.877282068509437,46.02133695089717,64.23995971183331,-113.11961329746022,94.4625,90.07,52.0,100.0,-48.0,97.95595850543964,97.17854358190371,0.0,0.0,34346.433647989936,1897.459999999998,9.397345397977174,-38.35228025326903,380399.7779011702,536489.8902424107,17.598410374903857,95.56008197131754,51.719651265817156,206.16558078054808,95.221,103.57216973842604,86.86983026157397,17.540604989290255,0.1784282820114076,0.0,0.0,92.92666666666666,92.13766666666666,93.71566666666666,-1.698113207547173,2.449725390790027,0.0,1.0,90.8,102.6,96.69999999999999,12.392224404280565,-0.08050847457627144,2.1813338245619525,9.199013361292756,36.96291142607895,0.12237775622296722,0.10263471469778528,0.06297172628852717,-17.81814823144856,-24.166309331825182,-8.050847457627144,-10.695060740525257,-108.05084745762714,-5.326411764705895,-10.898452994843325,-1.6761898048377613,-0.6549893407367322,-1.021200464101029,-1.7548382703217396,-0.6655690407547095,-1.08926922956703,91.75211306935283
88.92,2020-09-14,90.86,87.89,90.83,2205300,-1.7952905397950047,-0.8483411641170391,-0.9469493756779657,91.60833333333335,95.10923076923076,91.50246632198679,93.29775686178179,0.8259837177747631,0.720827679782903,0.10515603799186013,-0.11819458190156183,25.40243741320303,1.761499999999998,-39.128653733835485,3.920139471070637,-43.04879320490612,93.50999999999999,96.69999999999999,95.10499999999999,96.53999999999999,0.04459514335118106,18.55640973810261,45.38616331594408,60.63778138755259,-108.42395343784688,94.44,91.58000000000001,48.0,96.0,-48.0,97.95595850543964,96.28554748043719,0.0,0.0,34346.433647989936,1808.539999999998,18.50114994798373,-57.770983074230514,-6747.638326586046,773044.0737791157,15.658697520145937,94.7453030498461,44.41171329623039,201.66825703731078,94.77850000000001,103.68052510668235,85.87647489331766,18.78490397438732,0.11309365467700577,0.0,0.0,92.30266666666667,91.53166666666667,93.07366666666667,-1.6705909543964077,3.3616515348032827,0.0,1.0,90.8,102.6,96.69999999999999,12.450080978280935,-0.2466101694915252,2.064200442105758,9.937838425453043,32.68983829198635,0.01178528569994446,0.08212480838676646,0.0822005507915603,-20.492258934510346,-40.11741290438649,-24.66101694915252,-14.337431197109687,-124.66101694915251,-5.670382352941175,-14.069221744231521,-1.924259060648887,-0.9088432847191632,-1.0154157759297238,-1.9951256672751612,-0.9314803660587998,-1.0636453012163614,91.01301235224598
88.65,2020-09-15,89.87,88.29,88.99,1226700,-1.9185711750683936,-1.06238716630731,-0.8561840087610837,90.92083333333333,94.82653846153845,91.00824073398883,92.92681190905722,0.9234567901234577,0.7185185185185178,0.20493827160493994,-0.15333194465139943,25.166375894421723,-0.5609999999999928,-48.36351793271348,-6.108399159011759,-42.25511877370172,92.41499999999999,96.235,94.32499999999999,96.235,0.02229757167559053,18.59117429106471,42.505103223960354,62.501660377885905,-110.28737442682606,94.44,92.95,44.0,100.0,-56.0,97.95595850543964,95.51757083317598,0.0,0.0,34346.433647989936,1897.189999999998,18.686287125730377,-44.45227120648323,1404624.9294980406,889728.3953772663,16.062156389186782,93.7794805214724,36.781233513994664,202.58607820940003,94.211,103.24710070771697,85.17489929228303,19.18268717605581,0.17236974268428817,0.0,0.0,91.70666666666666,91.05866666666667,92.35466666666667,-1.4132015120674686,3.1363168724279684,0.0,1.0,89.87,102.6,96.235,13.51222256424408,-0.12411626080125684,2.0557803978951825,10.588876668011414,34.35764947492001,0.05495032250096481,0.06303778814129224,0.08259910374194789,-22.198910529701738,-32.81207822270431,-12.42138364779873,-15.0444160181928,-112.42138364779873,-5.755764705882342,-8.545680546923554,-2.0646045373277224,-1.139995535240875,-0.9246090020868474,-2.186957215826794,-1.1825757360123987,-1.004381479814395,90.52343732275847
89.26,2020-09-16,90.08,88.31,89.1,2008900,-1.9916990668060208,-1.248249546407052,-0.7434495203989688,90.47583333333334,94.52115384615384,90.59312677491363,92.58482584171965,1.0132877752467748,0.7372817008352309,0.2760060744115439,-0.18485939440009636,25.066812194313354,0.1839999999999975,-57.702502405864365,-16.514497462897285,-41.18800494296708,92.41499999999999,96.235,94.32499999999999,96.235,0.011148785837795265,18.56845672366541,41.11883419813692,59.50617044650445,-98.77359767473332,94.4825,93.74000000000001,40.0,96.0,-56.0,97.95595850543964,94.61395949986782,0.0,0.0,34346.433647989936,1986.449999999998,16.82090209648816,-37.84691817698568,-175666.59197848677,1002201.3386209923,16.082376119620577,92.70043981732894,35.30213023620193,202.58607820940003,93.736,102.96218100841315,84.50981899158685,19.685459179852245,0.20594550469733072,0.0,0.0,91.086,90.35499999999999,91.817,-1.6050765210899627,2.3987688098495097,0.0,1.0,89.87,102.6,96.235,13.580694717077737,-0.12254516889238048,2.0292023581056635,10.831222507602554,34.44511280521246,0.12686444828995505,0.06453335216362151,0.06989864956389329,-23.564961009351048,-23.51327770291664,-16.082474226804166,-17.721624941251807,-116.08247422680417,-5.859470588235283,-5.702082221035775,-2.151215438057822,-1.3422395158042646,-0.8089759222535575,-2.2619028586164815,-1.3984411605332154,-0.8634616980832661,90.14923456820243
88.54,2020-09-17,89.04,87.73,88.08,1761000,-2.072563380084148,-1.4131123131424712,-0.6594510669416767,89.96,94.20653846153846,90.15264573261923,92.22520911270338,0.9696223316912992,0.7697044334975357,0.1999178981937635,-0.21351016111710347,24.70902218828661,0.34949999999999193,-67.43746148240668,-27.22462139857373,-40.212840083832944,91.18,95.82,93.5,95.82,0.0055743929188976325,18.90805774124986,41.11883419813692,66.13305360263733,-102.89327695876035,94.9875,93.815,36.0,100.0,-64.0,97.95595850543964,93.85492597988896,0.0,0.0,34346.433647989936,1897.909999999998,16.72185332675575,-39.77638700884485,1116783.3747458803,591527.8835854098,15.500865531918167,91.89498646721424,35.83898184032442,201.2555389119088,93.1705,102.41339884181384,83.92760115818616,19.840826960923984,0.20569298154666657,0.0,0.0,90.488,89.752,91.224,-1.6267350366899573,2.3736413043478124,0.0,1.0,89.04,102.6,95.82,14.553962895981009,-0.09660766961651943,1.8992821222950975,10.870529661750984,33.069025573850936,0.07395398390823966,0.08525625156638657,0.07094246395709998,-25.10437136018781,-15.745150457744773,-16.01466992665041,-14.83950926708444,-116.01466992665041,-6.318794117647045,-6.590715502555364,-2.2472850970187355,-1.5232486320471588,-0.7240364649715767,-2.359283002953703,-1.5906095290173132,-0.7686734739363899,89.65672187114703
88.02,2020-09-18,89.15,87.49,89.15,2553900,-2.1314449545318723,-1.5567788414203516,-0.5746661131115207,89.4575,93.88423076923078,89.74300792760089,91.87445288213276,0.7669746886299735,0.7103254319003611,0.05664925672961241,-0.23915075086755694,24.424614543071275,1.1495000000000033,-73.12220425402725,-37.56277951184549,-35.55942474218176,90.28,95.82,93.05,95.82,0.0027871964594488163,18.658989013518532,44.158428824000076,60.26105760166563,-88.52892561983462,94.9875,93.815,32.0,96.0,-64.0,97.95595850543964,92.98823930350895,0.0,0.0,34346.433647989936,1809.889999999998,16.600840429239504,-37.11187457900999,0.0,537849.0067776385,15.260072188706028,91.35449292196769,42.940573928168234,200.70497092673997,92.6105,101.80492325543065,83.41607674456935,19.85611405927114,0.22154316493013285,0.0,0.0,89.91933333333334,89.23333333333333,90.60533333333333,-1.5258120241104989,2.270651117589898,0.0,1.0,89.04,102.6,95.82,14.641968243341724,-0.11430678466076791,1.851353910065588,10.790324738195954,32.49060453997244,0.022696804583918262,0.07450507892737107,0.07476489421912626,-26.552740474730058,-18.96962160644377,-21.58774373259071,-17.894962628681768,-121.58774373259072,-6.483676470588222,-6.447818648417453,-2.3199539019474087,-1.682589686027209,-0.6373642159201998,-2.4562171090203675,-1.7637310450179242,-0.6924860640024433,89.26920749060831
85.97,2020-09-21,87.67,84.41,87.45,1978600,-2.3989852769107785,-1.7252201285184372,-0.6737651483923413,88.67833333333333,93.40538461538462,88.92254516950844,91.32153044641922,0.807779285391227,0.8389868837630025,-0.031207598371775447,-0.2676260777868024,23.870524195247413,0.5105000000000075,-78.61253000482972,-46.94946333796551,-31.66306666686421,89.595,95.13499999999999,92.365,95.13499999999999,0.0013935982297244081,18.954077052594602,44.158428824000076,70.22715734537213,-111.2131615076792,95.925,94.16,28.000000000000004,100.0,-72.0,97.95595850543964,92.27755622887734,0.0,0.0,34346.433647989936,1723.919999999998,17.969550776196225,-69.63697821057997,406886.12306618463,289812.1810847071,12.233582304147793,90.74650235131836,43.580573639038974,193.63934845040714,91.9195,101.39374820236435,82.44525179763565,20.614229194815792,0.10368887115887644,0.0,0.0,89.34733333333334,88.63933333333333,90.05533333333334,-1.5848262585714301,3.9868173258003505,0.0,1.0,87.67,102.6,95.13499999999999,16.242473033469494,-0.21835231078365752,1.68421851905903,10.897815200059219,26.16540419991476,0.0,0.03221692949738605,0.06399275333038111,-29.90963615348733,-52.26841787693947,-38.12865497076031,-25.243689543333815,-138.1286549707603,-6.941852941176464,-9.972269624573388,-2.6269656949281277,-1.871464887807393,-0.7555008071207348,-2.687300463448455,-1.9484449287040306,-0.7388555347444246,88.32047824382019
86.8,2020-09-22,87.04,85.71,86.22,1407600,-2.477554073339718,-1.8756869174826936,-0.6018671558570243,88.11833333333334,92.98115384615383,88.42830745112252,90.90586152446224,0.8488111260655014,0.7667115298340049,0.08209959623149643,-0.29369296105193327,23.357642770715003,-1.1679999999999922,-81.66969509343929,-55.24126506306284,-26.428430030376447,89.28,94.82,92.05,94.82,0.0006967991148622041,19.439900599135466,39.03478883503284,66.11736367699676,-107.10028120490335,96.255,94.16,24.0,100.0,-76.0,97.95595850543964,91.35604498310188,0.0,0.0,34346.433647989936,1810.719999999998,18.079675508791823,-43.568838466211446,878571.4285714362,361030.745367808,13.570390739167339,90.09646827638332,36.24606521988038,193.63934845040714,91.21799999999999,100.34337692372235,82.09262307627763,20.00784258309184,0.19820424701135453,0.0,0.0,88.97566666666668,88.22266666666667,89.72866666666667,-1.6925976015914463,2.6684373616644588,0.0,1.0,87.04,102.6,94.82,17.058036790984225,-0.08547557840617054,1.778796667153128,10.898996944342636,32.16786457714382,0.34889992754058696,0.12386557737483515,0.07686252859986398,-30.94367456426409,-36.60361419444167,-16.79292929292948,-25.503109332093505,-116.79292929292947,-7.242882352941166,-7.270366764037664,-2.7254062959108776,-2.04225316942809,-0.6831531264827877,-2.767747820772493,-2.112305507117723,-0.65544231365477,88.14306948719278
86.72,2020-09-23,88.11,86.57,86.86,1933700,-2.4422725996206367,-1.9890040539102825,-0.45326854571035424,87.82833333333333,92.47846153846154,88.14241399710366,90.5846865967243,0.7224612736660941,0.7629087779690176,-0.04044750430292343,-0.3147648821765541,23.277357386932483,-1.9145000000000039,-84.78884313188765,-62.35822139282935,-22.430621739058296,88.935,94.82,91.8775,94.82,0.00034839955743110203,19.528815239072646,40.257019021191155,61.254345979815994,-88.5419637820333,97.245,94.705,20.0,96.0,-76.0,97.95595850543964,90.49283598648151,0.0,0.0,34346.433647989936,1897.439999999998,17.460302802197518,-26.690547256752676,-1232414.6678966745,150825.8358416242,14.440524912542674,89.57802648048659,43.44621580860285,195.58229372712339,90.50450000000001,98.6923189403531,82.31668105964691,18.09372780437016,0.25973455027143405,0.0,0.0,88.643,88.05199999999999,89.23400000000001,-1.3334386245953052,2.2538071065989667,0.0,1.0,87.04,102.59,94.815,17.18146611494456,-0.030225080385852938,1.8409170004378157,10.802904678890108,35.88144560829831,0.6985811719215987,0.3491603664873953,0.16841429111987205,-30.676361277218923,-17.973561046673513,-5.934343434343609,-20.285309232677804,-105.9343434343436,-7.392411764705898,-3.8645197112715204,-2.696120825028006,-2.173026700548073,-0.523094124479933,-2.808579173328176,-2.251560240359814,-0.5570189329683624,88.04336185004048
88.43,2020-09-24,89.07,86.67,86.83,1915800,-2.378821045001743,-2.0669674521285746,-0.3118535928731685,87.66833333333334,92.05000000000001,87.91588876678001,90.29470981178176,0.7512479201331121,0.7712146422628936,-0.019966722129781456,-0.33082798430083366,23.619967742681762,-0.37400000000000944,-88.40393300289628,-68.80326011576669,-19.60067288712959,88.935,94.82,91.8775,94.82,0.00017419977871555102,19.611378833300027,39.54877398814457,60.176693253719094,-80.52242266669724,98.07,95.53,16.0,92.0,-76.0,97.95595850543964,89.8022687891852,0.0,0.0,34346.433647989936,1985.869999999998,17.593384688353105,-21.614326220073618,-1177880.8096799608,93404.17908968528,14.5426734628488,89.08069938180338,42.92530127590916,195.58229372712339,89.724,96.03366369943795,83.41433630056206,14.064606347104336,0.25799027131413943,0.0,0.0,88.287,87.518,89.056,-1.7420458278115651,1.5513654096228875,0.0,1.0,87.04,99.57,93.305,13.965048370558586,-0.0295291300877897,1.906825300394034,10.539659529323277,36.31802194494762,0.9402742255574824,0.6625851083398895,0.37853701740070655,-30.33394293862401,-17.107148891878555,-5.891719745223015,-9.539664157498706,-105.891719745223,-7.282058823529397,-2.167287504232985,-2.6345076582674305,-2.2653228920919446,-0.3691847661754859,-2.6571642277763563,-2.3326810378431224,-0.3244831899332339,87.93632641226351
89.42,2020-09-25,89.91,87.14,87.49,2642200,-2.2645063393031535,-2.1064752295634905,-0.15803110973966294,87.48416666666667,91.5923076923077,87.79652126419847,90.06102760350163,0.6631299734748014,0.757104964001514,-0.09397499052671254,-0.34127050451677415,24.215069404057452,0.4959999999999951,-89.8187412705047,-74.43549206428548,-15.383249206219219,88.095,94.82,91.4575,94.82,8.709988935777551e-05,19.291438431313367,41.85711303771028,56.78364246839745,-62.10017511883099,98.34,95.53,12.0,88.0,-76.0,97.95595850543964,89.24981503134816,0.0,0.0,34346.433647989936,2075.289999999998,17.53306357322078,-12.522651045777405,-2029747.2601207795,-51577.76806179898,15.02758635081464,88.78468255181718,50.27793736592753,195.58229372712339,89.254,94.81925794550487,83.68874205449514,12.470607357664345,0.31007169652329325,0.0,0.0,88.06700000000001,87.087,89.047,-2.225578252921064,0.9729591836734707,1.0,1.0,87.04,97.22,92.13,11.405651287337253,0.009823182711197876,2.04014277035463,10.075785212791702,38.43960675269969,1.0,0.8796184658263605,0.6304546468845483,-29.446536310559658,-11.248095340901711,2.2321428571427355,-3.1979734408079676,-97.76785714285727,-7.139705882352942,-2.4734191382204744,-2.5144131702258172,-2.315140947718719,-0.1992722225070982,-2.4199524278613067,-2.3501353158467593,-0.06981711201454743,87.88828112557873
90.94,2020-09-28,91.38,89.75,90.25,1684600,-1.940932067438979,-2.0733665971385884,0.13243452969960945,87.48416666666667,91.24846153846154,88.09705645432179,90.03798852176077,0.5079044735956956,0.7231752438614185,-0.21527077026572294,-0.3413970102854938,24.502343845098135,0.7909999999999968,-85.90548377124338,-78.60682160189992,-7.298662169343459,88.64500000000001,94.82,91.7325,94.82,50.00004354994468,18.244089891243057,50.63423450103648,46.15431930823428,7.548292910710902,98.565,95.53,8.0,84.0,-76.0,87.04,89.24981503134816,1.0,0.0,34346.433647989936,2166.229999999998,15.825526546156366,23.173927675047928,-2628051.462502741,-314465.4947810163,17.751403197268626,88.8165114945301,57.661943632273406,195.58229372712339,89.059,94.25556001601109,83.8624399839889,11.669926713776466,0.5664862907260733,0.0,0.0,88.127,87.037,89.217,-2.4737027244771665,-0.2444954128440381,1.0,0.0,87.04,96.22,91.63,10.3077734984673,0.2952069716775595,2.2601284933191668,9.41942934237127,48.667056472397235,1.0,0.9800914085191609,0.8407649942284703,-25.383982646827047,6.245998559211687,60.49107142857143,18.943831513497045,-39.50892857142857,-6.300617647058814,0.0,-2.1556812844279456,-2.2832490150605644,0.12756773063261884,-2.0707570585757065,-2.294259664392549,0.22350260581684234,87.94890827401558
89.87,2020-09-29,91.2,89.81,90.92,1233800,-1.6605142525318541,-1.9907961282172415,0.33028187568538736,87.48083333333334,90.92461538461538,88.36058623057997,90.02110048311182,0.5233027522935787,0.7526605504587145,-0.2293577981651358,-0.33376708474271705,24.50119276718044,-0.9634999999999962,-81.53001199818533,-81.25432266771337,-0.27568933047196253,88.98,94.82,91.9,94.82,75.00002177497234,17.564092090803275,51.10165323137568,42.90076851161366,22.348910195502576,98.71249999999999,95.53,4.0,80.0,-76.0,87.1042,89.24981503134816,0.0,0.0,34346.433647989936,2256.099999999998,16.245623537251806,20.633680864326823,-76332.48024925064,-248465.90324234482,17.811483420109848,88.82376148832917,57.599264329326935,195.71304512125852,88.8535,93.56754826025416,84.13945173974584,10.610833023469327,0.6014520797405281,0.0,0.0,88.28633333333333,87.25633333333334,89.31633333333333,-2.3333169724268252,-0.23964401294498663,1.0,0.0,87.04,96.22,91.63,10.331613273534519,0.30174291938997805,2.17911564398725,8.792638070404164,48.877325333061044,1.0,1.0,0.9532366247818403,-22.072234362738115,6.307819439210223,61.830357142857196,41.51785714285712,-38.169642857142804,-5.204617647058825,-0.04451864218140461,-1.8445833739206183,-2.1955158868325753,0.35093251291195693,-1.8687749611858433,-2.209162723751208,0.3403877625653646,87.99818645350932
91.34,2020-09-30,92.32,90.26,90.28,1915700,-1.385993010054392,-1.8698355045846715,0.4838424945302795,87.67833333333334,90.56000000000002,88.65280373356767,90.03879674362206,0.5226686325101375,0.7217102838186501,-0.1990416513085126,-0.3196208007905164,24.78083052235113,-0.40049999999999386,-76.78971565170347,-82.29346201985746,5.503746368153983,88.98,94.82,91.9,94.82,87.50001088748617,16.932665561823477,49.58937886953822,41.63118664447747,45.72308608183053,98.79249999999999,95.53,0.0,76.0,-76.0,87.256832,89.24981503134816,0.0,0.0,34346.433647989936,2347.4399999999982,14.38629921308373,23.557869312280175,-536019.2686665072,-262542.4675455912,18.26914960427642,88.8161896486528,57.63283646555614,195.71304512125852,88.6905,92.9515302744765,84.4294697255235,9.608763677003731,0.6841690740149495,0.0,0.0,88.46533333333333,87.32933333333334,89.60133333333333,-2.5682376524137416,-0.2899061032863901,1.0,0.0,87.04,94.96,91.0,8.92993048860925,0.4065656565656571,2.212204079588524,8.16030247668891,50.514528049581024,1.0,1.0,0.9933638028397201,-18.83525598519446,16.273134602344083,82.98969072164955,68.43703976435938,-17.010309278350448,-4.241323529411773,2.6965525088178453,-1.5393286673975566,-2.0642784429455716,0.524949775548015,-1.5584308288875408,-2.0790163447784744,0.5205855158909336,88.07555203561058
91.87,2020-10-01,93.38,91.59,91.64,1700200,-1.049020606289389,-1.705672524925615,0.6566519186362261,87.95333333333333,90.20423076923076,89.10468008224956,90.15370068853895,0.4578767123287677,0.7520547945205471,-0.29417808219177943,-0.298226867947403,24.90894951045874,-0.27199999999999136,-70.31858804261574,-81.9819491074784,11.663361064862656,89.34,94.815,92.0775,94.82,93.75000544374308,16.944934307492304,53.778917286002525,38.06887737716322,103.86057074064938,99.4375,96.175,0.0,72.0,-72.0,87.40335872,89.24981503134816,0.0,0.0,34346.433647989936,2439.309999999998,14.375535298602777,37.64775941052584,-2291716.556003043,-453407.91996732075,19.62287329140249,88.9530490727723,65.11030791466662,195.71304512125852,88.582,92.40962903113731,84.75437096886267,8.642001831381817,0.8929325406838381,0.0,0.0,88.85733333333333,87.64333333333335,90.07133333333334,-2.7324700268595326,-0.6254805052169122,1.0,0.0,87.04,94.96,91.0,8.940868347971358,0.5744949494949501,2.3029836716296708,7.4860546680407625,55.09210255705144,1.0,1.0,1.0,-14.60070093954505,17.535551358168618,98.91304347826093,81.24436378092254,-1.08695652173907,-3.1471176470588347,3.7376826367652023,-1.1635912871880019,-1.8841410117940578,0.7205497246060559,-1.2506402059546224,-1.9133411170137042,0.6627009110590818,88.36277489506078
90.76,2020-10-02,91.92,90.15,90.65,1792700,-0.8879280323277499,-1.5421236264060423,0.6541955940782924,88.10666666666667,89.7376923076923,89.26549853113424,90.15342656346199,0.551664950223138,0.7507723995880529,-0.19910744936491487,-0.2752948966478634,24.847642220111656,-0.7379999999999853,-66.06119476994147,-80.58735630360192,14.526161533660456,89.34,93.305,91.3225,94.82,96.87500272187154,16.153659576964085,53.778917286002525,47.81812908843692,63.51470149901408,99.6375,96.175,0.0,68.0,-68.0,87.6575571968,89.24981503134816,0.0,0.0,34346.433647989936,2348.549999999998,13.905918219625054,13.598879494736469,1714136.1833406654,-330487.64699108846,18.195922750950476,89.03059201501696,64.95757797122621,192.63599757267667,88.46799999999999,91.95068057679788,84.9853194232021,7.87331142740401,0.7414806587784332,0.0,0.0,89.08833333333334,87.74733333333333,90.42933333333333,-3.0104952013918793,0.10415113099676597,1.0,1.0,87.04,93.32,90.18,7.098611927476588,0.4952229299363067,2.1666853044667036,6.486816800525847,49.7284775913784,0.8145787362438566,0.9381929120812855,0.9793976373604284,-12.4735637405328,11.346630117817337,67.60869565217398,83.17047661736149,-32.391304347826015,-2.420117647058831,2.0835692447061525,-0.9849076914483199,-1.7042943477249104,0.7193866562765905,-1.0934926414236608,-1.7493714218956957,0.655878780472035,88.43527927106526
89.98,2020-10-05,91.69,89.45,91.22,2215500,-0.8074375195962347,-1.3951864050440808,0.5877488854478461,88.25,89.46499999999999,89.2938833724982,90.10132089209444,0.5193447194144306,0.7650749390031365,-0.2457302195887059,-0.2532423531715015,24.844406418294593,-0.9480000000000075,-59.61736653781586,-78.13709757519933,18.519731037383472,89.875,92.13,91.0025,94.82,98.43750136093577,15.679659491137622,53.74262937894743,44.40159717990367,64.17998815867466,99.6375,96.465,0.0,64.0,-64.0,87.896503764992,89.24981503134816,0.0,0.0,34346.433647989936,2258.569999999998,14.34514330810527,2.6581824240597953,-88797.51055789871,-437160.67842365557,17.497242773135724,89.1558332799111,64.79719628794851,191.14021056989384,88.438,91.87570039415964,85.00029960584037,7.774260824893449,0.6471914192579586,0.0,0.0,89.51599999999999,88.15,90.88199999999999,-3.0519683631976244,0.5241581259150789,1.0,1.0,87.04,91.64,89.34,5.201384020443694,0.5239130434782607,2.1040167740200326,5.394910631030049,47.3168771131544,0.7312093710833484,0.848596035775735,0.9289296492856733,-11.407538630084206,7.730362774159213,52.39130434782608,72.97101449275367,-47.60869565217392,-2.01814705882353,1.9605608115809858,-0.896143931744601,-1.5426642645288486,0.6465203327842476,-1.0268305165850333,-1.6048632408335632,0.5780327242485299,88.5897311799495
88.68,2020-10-06,92.45,88.12,90.61,1905100,-0.8412704509935196,-1.2844032142339685,0.4431327632404489,88.3025,89.2523076923077,89.1132859305754,89.95455638156892,0.508695652173913,0.7387959866220729,-0.23010033444815992,-0.23506131880956993,24.80929880380011,-4.004500000000007,-55.06767523632692,-74.83474558680368,19.767070350476757,90.35499999999999,91.63,90.99249999999999,94.82,99.21875068046788,15.239516554298763,49.604774320061786,40.98294469422089,44.21338578989291,99.08500000000001,96.465,4.0,60.0,-56.0,88.12111353909249,89.24981503134816,0.0,0.0,34346.433647989936,2169.889999999998,13.947155200513489,-14.570757922234439,-155615.69688769223,-435728.4716314559,16.17869162724417,89.24327700012292,57.61418850113006,188.29821526460645,88.4145,91.85414809246605,84.97485190753396,7.780733007518097,0.4571903880741389,0.0,0.0,89.92299999999999,88.45500000000001,91.39099999999999,-3.2650156244786976,1.1141008174386957,0.0,1.0,87.04,91.64,89.34,5.202766514542291,0.2347826086956521,2.1936150966180294,4.993921369418123,43.04551501040307,0.5835477869642084,0.7097786314304712,0.8321891930958305,-11.775735961823344,-0.3383685191465293,23.478260869565208,47.82608695652175,-76.5217391304348,-1.6338529411764853,0.7200822951194533,-0.9352171639033174,-1.4211748444037426,0.4859576805004252,-1.0780779728037613,-1.499506187227603,0.4214282144238417,88.56705343759855
90.55,2020-10-07,90.93,89.45,89.84,1749000,-0.7520937396837724,-1.1779413193239294,0.42584757964015707,88.72250000000001,89.08038461538462,89.16508809510226,89.91718183478604,0.4946841776110068,0.6988742964352721,-0.2041901188242653,-0.21697182319319255,24.91360621663848,-2.7095000000000056,-49.68686018598359,-70.53284860714672,20.845988421163128,90.775,91.63,91.2025,94.82,99.60937534023394,14.308906488656826,44.17381652846611,46.171325608808914,30.660620018836603,98.88,96.465,0.0,56.00000000000001,-56.00000000000001,88.33224672674694,89.24981503134816,0.0,0.0,34346.433647989936,2260.4399999999982,13.981842170427596,4.71527892379903,1378299.2821645495,-417048.76395869383,17.54536775071216,89.37146766985498,57.43899027369926,188.29821526460645,88.4195,91.86485905240735,84.97414094759264,7.793210892184089,0.6495489997305169,0.0,0.0,90.21233333333333,88.76033333333332,91.66433333333333,-3.219072041147379,0.762511478420565,1.0,1.0,87.04,91.64,89.34,5.20247230531726,0.5239130434782607,2.2552535869562265,4.714500493490273,48.09179147856962,0.7579982688637975,0.6909184756371181,0.7497643809477746,-10.531436280033155,-1.3764290919306732,52.39130434782608,42.75362318840578,-47.60869565217392,-1.5256764705882375,5.970856533586075,-0.8364293946241226,-1.3042257544478189,0.4677963598236963,-0.9404740323207631,-1.387699756246235,0.4472257239254719,88.61838449097829
91.53,2020-10-08,91.81,90.43,91.0,1658800,-0.595478438917624,-1.0614487432426685,0.4659703043250445,89.11583333333333,88.96153846153847,89.359689926625,89.95516836554262,0.479343863912515,0.7062575941676791,-0.2269137302551641,-0.19718970794317248,24.967186057471853,-1.883499999999998,-42.91137756710429,-65.32091930676889,22.409541739664597,91.285,91.0,91.1425,94.82,99.80468767011698,13.719519101083595,47.11910548357089,41.73668125190159,78.48026120510549,98.82,96.465,4.0,52.0,-48.0,88.53071192314212,89.24981503134816,0.0,0.0,34346.433647989936,2351.9699999999984,13.65584465227623,16.855867648970648,-902654.867256636,-481524.11161988217,18.54815590051653,89.55072149588408,57.64318453437623,188.29821526460645,88.45349999999999,91.96352150990634,84.94347849009364,7.936421984220754,0.7815509811580541,0.0,0.0,90.56800000000001,89.259,91.877,-2.8906457026764363,0.5527119938884612,1.0,1.0,87.04,91.64,89.34,5.200472564680872,0.7369565217391315,2.2657282282606035,4.358113104628068,51.50159742283323,0.875875736321896,0.7391405973833006,0.7132792348169632,-8.428803237262615,3.9321324316604973,73.69565217391315,49.855072463768145,-26.304347826086854,-1.5099117647058904,5.506942013767371,-0.6619724577667762,-1.1757750951116104,0.5138026373448342,-0.7352622983726573,-1.2572122646715196,0.5219499662988623,88.75649909190746
93.64,2020-10-09,94.73,91.82,92.07,2039000,-0.35510487348639685,-0.9201799692914142,0.5650750958050174,89.55333333333334,88.88692307692307,89.73819916868268,90.09330404216908,0.3871490280777533,0.6884449244060475,-0.30129589632829423,-0.1737342755094044,25.285474584865575,-1.8819999999999908,-35.59133985542795,-59.73045887167829,24.13911901625034,91.5,91.0,91.25,94.82,99.90234383505849,13.671348936268982,48.90704122408214,37.619531455189126,146.05436268419896,98.47,96.465,0.0,48.0,-48.0,88.71726920775359,89.24981503134816,0.0,0.0,34346.433647989936,2445.6099999999983,13.432561470974038,33.042115127688945,-5667129.431866739,-915382.3655436625,19.98749682720014,90.00492742470757,64.66868406051293,188.29821526460645,88.55199999999999,92.31472029255501,84.78927970744498,8.49832932639583,0.9342602885558783,0.0,0.0,91.03733333333334,89.70433333333332,92.37033333333333,-2.9284689065292016,0.20642660665166515,1.0,1.0,87.04,92.07,89.555,5.680278254584863,0.9502982107355864,2.4691554054345426,3.448166554158514,55.92410115942792,1.0,0.8779580017285645,0.7693390249163277,-5.218736748378363,10.141839625542875,95.02982107355864,73.70559253176594,-4.970178926441365,-0.9047058823529426,6.06445650918332,-0.39415234823687495,-1.0194505457366634,0.6252981974997884,-0.3804877034970872,-1.0818673524366333,0.7013796489395461,89.04529605603727
95.56,2020-10-12,96.91,93.77,94.28,2475300,-0.007175671242720227,-0.7375791096816754,0.7304034384389552,90.145,88.93846153846154,90.35847621965458,90.3656518908973,0.3377215189873414,0.7577215189873421,-0.4200000000000007,-0.14426089733123898,25.822987307318453,-1.706000000000003,-26.648937732458712,-53.632561731042,26.98362399858329,92.605,90.66,91.6325,94.82,99.95117191752925,14.508348616179997,54.532854384066766,32.448786075226884,197.64183500478654,98.47,96.465,100.0,44.0,56.0,88.9854876711333,89.24981503134816,0.0,0.0,34346.433647989936,2541.1699999999983,3.706138357866587,54.94209868087627,-6041073.670992037,-1409642.7297981961,22.016923967256766,90.63174822144663,71.66857691853178,188.29821526460645,88.846,93.22437595462122,84.46762404537878,9.856101466855502,1.0623089532550176,1.0,0.0,91.49000000000001,90.00699999999999,92.973,-3.2418843589463417,-0.26871207012811693,1.0,0.0,87.04,94.28,90.66,8.148931859622262,0.929558011049723,2.7312398648910885,2.5738078860359543,61.261050802279854,1.0,0.958625245440632,0.8585746148508324,-0.6285037033366753,12.103956692450579,91.73419773095615,86.81989032614264,-8.26580226904384,0.10535294117647709,8.191992615668621,-0.007940706554503423,-0.8171485779002314,0.809207871345728,0.06839903380823598,-0.8518140751876596,0.9202131089958956,89.43007856128858
96.63,2020-10-13,97.68,95.16,95.48,2053100,0.3763833979937061,-0.514786608146599,0.8911700061403052,90.81333333333333,89.13499999999999,91.09717218586157,90.72078878786786,0.3557668861253345,0.766642282370154,-0.41087539624481945,-0.10870580252686826,26.37640194590733,0.5605000000000047,-17.376293518896286,-47.031070382952315,29.65477686405603,93.20500000000001,91.26,92.23250000000002,94.82,99.97558595876461,15.694053505852866,55.99220825109749,29.421520196631,202.02981287662575,97.96,96.465,100.0,40.0,60.0,89.51493890401997,89.24981503134816,0.0,0.0,34346.433647989936,2637.7999999999984,3.6315926199375563,66.28118458360824,-2242574.7697402644,-1481797.022787024,23.449319189609323,91.27932246716698,72.08749930774842,188.29821526460645,89.1895,94.34795897531474,84.03104102468525,11.567413149114515,1.0787096522984085,1.0,0.0,92.03633333333335,90.36133333333332,93.71133333333333,-3.6398668641732157,-0.4324378109452729,1.0,0.0,87.04,95.48,91.26,9.462997325918408,0.9620853080568712,2.8491158784019808,1.9373779965449611,64.55565852140901,1.0,1.0,0.9455277490563988,4.323712998107551,18.73768259782301,95.00780031201238,93.92393970550904,-4.992199687987626,1.2960882352941212,9.203580445260496,0.4148810906768043,-0.5707426441848243,0.9856237348616286,0.5094448204895168,-0.5795622960522243,1.0890071165417412,90.04142593508718
95.16,2020-10-14,97.0,94.48,96.61,1321100,0.6183583565351256,-0.2881576152102541,0.9065159717453797,91.2075,89.36153846153844,91.61760723419056,90.99924887765543,0.35638166047087916,0.7620817843866174,-0.4057001239157383,-0.07182638294721264,26.310784481816427,0.3119999999999976,-9.493430553808277,-40.27271955086259,30.779288997054312,93.77000000000001,91.825,92.79750000000001,94.82,99.9877929793823,17.149977173253575,57.71453170830681,27.111762425347557,171.14242940478056,96.77250000000001,96.53999999999999,100.0,36.0,64.0,90.23074623553758,89.24981503134816,0.0,0.0,34346.433647989936,2542.6399999999985,4.117672913324429,47.56832964309288,-92213.11475409617,-1404249.3302923196,22.76931918960933,91.88916638800971,64.6842948747171,186.95266265447688,89.498,95.12580454529164,83.87019545470837,12.576380578988665,0.9426237585105958,0.0,0.0,92.54400000000001,91.034,94.054,-3.263312586445362,-0.14105960264900744,1.0,0.0,87.04,96.61,91.825,10.692976379360426,0.7774294670846398,2.748204290561783,1.6684073429006734,61.78722949935153,0.8939951166211714,0.9646650388737238,0.9744300947714519,7.463734937327833,18.31569811825056,68.20895522388068,84.98365108894973,-31.79104477611932,2.7803823529411886,5.270194986072428,0.6795202863338815,-0.3206900580810832,1.0002103444149646,0.7197515988826259,-0.3196995170652543,1.03945111594788,90.35898001563035
96.54,2020-10-15,96.92,94.01,94.56,1486500,0.7634001803891124,-0.07784605609038081,0.8412462364794933,91.5575,89.54076923076923,91.9856676596997,91.22226747931059,0.3853350189633369,0.7074589127686477,-0.3221238938053108,-0.03651667577844185,26.4523340530137,0.4480000000000075,-2.9134943704862666,-33.256308395367576,30.34281402488131,93.77000000000001,91.825,92.79750000000001,94.82,99.99389648969115,18.44875026329301,57.44657039206653,27.450173350652303,126.90942604466916,96.0175,96.53999999999999,96.0,32.0,64.0,91.12384176256232,89.24981503134816,0.0,0.0,34346.433647989936,2446.0999999999985,4.093198596560805,34.29088255122249,2603480.4226227407,-1073304.4958106396,22.28907151814447,92.39012283618835,57.37901739712461,186.95266265447688,89.812,95.70472975793096,83.91927024206903,13.122366182539006,0.8562016393463455,0.0,0.0,92.84,91.268,94.412,-3.3864713485566624,0.12786259541984743,1.0,1.0,87.04,96.61,91.825,10.655591680399048,0.7283176593521425,2.7173838615056045,1.4960310536895485,59.875946068409874,0.782441597816179,0.8921455714791168,0.9522702034509468,9.433433453053661,20.615247636562263,54.2253521126761,72.48070254952304,-45.7746478873239,3.7937058823529384,4.676539360872957,0.8368572734308027,-0.08918059177870602,0.9260378652095087,0.993391747949521,-0.05708126406229924,1.0504730120118202,90.49007628295028
95.56,2020-10-16,97.12,95.15,96.41,1866900,0.9592773907546075,0.12957863327861688,0.8296987574759906,91.96499999999999,89.74846153846154,92.4724880197459,91.51321062899129,0.4010931806350852,0.6936491410723585,-0.29255596043727333,-0.00125896730337317,26.573385706421586,1.394999999999996,5.9361156470076475,-25.972588152609404,31.90870379961705,93.77000000000001,91.825,92.79750000000001,94.82,99.99694824484558,20.208442118630668,60.007895529879754,23.869704448998363,133.35290545995605,95.43,96.53999999999999,92.0,28.000000000000004,64.0,91.8919039158036,89.24981503134816,0.0,0.0,34346.433647989936,2541.6599999999985,4.314380987539352,44.95481361533357,-761563.4156550933,-939983.9210358075,23.447867390923967,92.807906632657,57.721937192148445,189.2197197274064,90.19500000000001,96.4205939475688,83.96940605243121,13.804742940448575,0.8979539977816102,0.0,0.0,93.372,91.856,94.888,-3.2472261491667855,-0.08641160949868058,1.0,0.0,87.04,96.61,91.825,10.610344254116074,0.8474399164054341,2.756645475355044,1.4957379518173728,62.87564051390453,0.9218964761139374,0.866111063517096,0.9076405579566454,12.032272890002448,19.521655124945884,74.2957746478874,65.57669399481472,-25.704225352112598,4.4831764705882335,5.417682251274098,1.0482392478214608,0.13830337614132734,0.9099358716801335,1.1110540065650283,0.17654579006316626,0.934508216501862,90.99615024710123
95.0,2020-10-19,96.58,94.75,96.06,1312600,1.069901673624969,0.3176432413478873,0.7522584322770816,92.22833333333334,89.93692307692308,92.82287447824653,91.75297280462156,0.41692708333333295,0.6736979166666672,-0.2567708333333343,0.031567120354046824,26.713257078835074,-0.5620000000000118,13.884199197115557,-18.311268771115795,32.195467968231355,93.77000000000001,91.825,92.79750000000001,94.82,99.99847412242279,21.471319656453964,56.973431284397634,25.663390820123684,105.87329444759906,95.10499999999999,96.53999999999999,88.0,24.0,64.0,92.5524373675911,89.24981503134816,0.0,0.0,34346.433647989936,2446.6599999999985,3.264138916246025,33.10412595600013,243578.94736841938,-917133.1047774024,23.048497974213507,93.1751636219425,50.55725230020529,188.42426110532588,90.71200000000002,96.64034074594278,84.78365925405726,13.070686890252142,0.8405674684576379,0.0,0.0,93.873,92.352,95.394,-3.2405484004985476,0.21170282708744415,1.0,1.0,87.04,96.61,91.825,10.549872122762139,0.80564263322884,2.623980927819539,1.500116684591599,61.148228574035244,0.8415896227921346,0.8486425655740838,0.8689664001900987,13.654112928884516,16.010564800071393,67.25352112676053,65.25821596244134,-32.74647887323947,4.605676470588236,3.4501583142264405,1.1660675844293498,0.34385621779893183,0.8222113666304179,1.142155280943895,0.36966768823931206,0.772487592704583,91.46409733601777
95.41,2020-10-20,96.89,95.13,95.7,1755500,1.1746938989664244,0.4890533728715948,0.6856405260948296,92.64333333333333,90.21538461538464,93.17781686620862,92.00312296724219,0.41993163292137725,0.6652642650539053,-0.2453326321325281,0.062083234798542136,26.785434136098836,-1.733000000000004,23.67750610754683,-10.159672516279082,33.83717862382591,94.21000000000001,91.825,93.01750000000001,94.82,99.9992370612114,22.64399165586131,53.90865337921456,24.282877282770134,96.72112033786354,95.10499999999999,96.53999999999999,84.0,20.0,64.0,93.12049613612834,89.24981503134816,0.0,0.0,34346.433647989936,2542.0699999999983,3.2445771962835575,33.554365105142914,31181.217901685624,-876618.784308246,23.431144939912713,93.52986966313915,50.89815690246438,188.42426110532588,91.183,96.94126397449833,85.42473602550169,12.63012617373484,0.842724822748671,0.0,0.0,94.42433333333335,92.96833333333333,95.88033333333333,-3.0839508177623616,0.25766941391941356,1.0,1.0,88.11,96.61,92.36,9.321913075902305,0.825882352941176,2.575582835037585,1.5001403463570389,62.21039872598334,0.8909695886396252,0.8848185625152324,0.866524063868804,15.301330464246437,14.314374846328816,73.94366197183088,71.83098591549293,-26.05633802816912,4.548676470588248,5.52412645590681,1.27679785324752,0.5304445448886494,0.7463533083588705,1.1879257769768037,0.5333193059868104,0.6546064709899932,92.31588403508252
94.84,2020-10-21,95.93,94.64,95.7,1169200,1.204320925670217,0.6321068834313193,0.5722140422388977,93.07583333333334,90.45961538461539,93.40276811756114,92.19844719189092,0.46149537944553265,0.6281153738448618,-0.16661999439932917,0.08853051767740529,26.67182226739645,-3.4665000000000106,31.037615402804132,-1.9431177418448138,32.980733144648944,95.67,91.825,93.7475,94.82,99.9996185306057,23.046868989695223,52.097805391501225,29.124629180132388,74.94469939581994,94.32499999999999,96.235,80.0,16.0,64.0,93.60902667707037,89.24981503134816,0.0,0.0,34346.433647989936,2447.229999999998,3.685096146049186,22.122084375836856,116406.57950232095,-704609.9889150056,22.942638685313746,93.76000844886909,43.760714132698965,187.4537167140549,91.58650000000002,97.12189257867095,86.05110742132908,12.087791494752906,0.7758160289990795,0.0,0.0,94.95933333333333,93.58933333333334,96.32933333333334,-2.8854456995626143,0.6165450121654528,1.0,1.0,89.07,96.61,92.84,8.232654375917853,0.7387267904509287,2.398024551533828,1.5072325712807177,59.93498266630324,0.7851861912152495,0.8392484675490031,0.8575698652127729,16.0560473100431,6.667077022209123,65.31690140845068,68.83802816901402,-34.683098591549324,4.3124411764705854,5.802124091671322,1.3062269076654687,0.6856010174440132,0.6206258902214554,1.1615068863321583,0.65895682205588,0.5025500642762782,92.69080271391707
93.84,2020-10-22,95.18,93.58,94.7,1632100,1.1292501240772452,0.7315355315605044,0.3977145925167408,93.53083333333335,90.6623076923077,93.43003456101327,92.30078443693603,0.42424242424242375,0.6420277541772871,-0.21778532993486333,0.10863002642260268,26.463425110740797,-2.4819999999999993,36.07957443879821,6.020317179735871,30.059257259062342,95.89500000000001,91.825,93.86000000000001,94.82,99.99980926530284,22.91370900073337,51.900175144727,33.75595479936985,43.63752189839144,94.32499999999999,96.235,76.0,12.0,64.0,94.02916294228052,89.24981503134816,0.0,0.0,34346.433647989936,2353.389999999998,3.9062777458957303,4.75172946500299,447570.3324808221,-795078.9782621373,21.89159895581248,94.0091926393078,43.54233354304402,185.35417170436662,91.932,97.04311572946703,86.82088427053297,11.119339793471328,0.6612172456298347,0.0,0.0,95.3,93.963,96.63700000000001,-2.8058761804827084,1.1432311144353002,0.0,1.0,89.91,96.61,93.25999999999999,7.287995474916245,0.5477611940298508,2.212222096380446,1.5139685832704783,55.228908542790464,0.5664022430233253,0.7475193409594,0.823862123674545,15.372127087728135,-3.3034672022196037,46.6549295774647,61.97183098591541,-53.3450704225353,4.16038235294117,6.196096232410342,1.223445857980545,0.7931699855513197,0.43027587242922527,1.0426971709915784,0.7357048918430197,0.30699227914855876,92.75437311098896
95.47,2020-10-23,96.05,93.81,94.55,2030100,1.0759126000476726,0.8004109452579381,0.27550165478973454,93.89416666666666,90.89615384615385,93.48849078239584,92.41257818234817,0.4114238410596023,0.6341059602649007,-0.22268211920529846,0.12387932533274955,26.523779394819318,-1.8354999999999961,40.70278506879163,13.503841935430351,27.198943133361276,95.89500000000001,91.825,93.86000000000001,94.82,99.99990463265142,22.790060439554505,48.68479381191237,31.66466576940874,46.02877733722312,93.5,95.82,72.0,8.0,64.0,94.39048013036125,89.24981503134816,0.0,0.0,34346.433647989936,2448.859999999998,3.9335156238391273,7.2097823985740455,-565622.708704293,-829137.9209868796,22.126244179150806,94.28663250936103,50.51440947020177,185.35417170436662,92.2655,96.93361942863561,87.5973805713644,10.118883935242547,0.6654306432827731,0.0,0.0,95.49300000000001,94.272,96.714,-2.5572555056391493,1.189189189189191,0.0,1.0,90.93,96.61,93.77000000000001,6.156147205618559,0.5070422535211266,2.2379998867424016,1.4303542843198118,56.03556119710887,0.6039032784722832,0.6518305709036193,0.7461994598040075,15.02250356304104,1.6908973965707823,50.704225352112665,54.225352112676006,-49.295774647887335,3.8091470588235268,4.874231414197875,1.1642490894742552,0.8673858063359068,0.2968632831383484,1.0758238151881576,0.8037286765120473,0.27209513867611035,92.80129328894388
92.53,2020-10-26,94.91,92.03,94.9,1567800,0.8798685273743843,0.8163024616812274,0.06356606569315681,94.02749999999999,91.07076923076923,93.26410758510417,92.38423905772979,0.4362259755387298,0.643855562026791,-0.20762958648806112,0.13114388915369452,26.51996410263019,-0.5594999999999999,40.82312564437918,19.97044406468318,20.852681579696004,95.75999999999999,91.825,93.79249999999999,94.82,49.99995231632571,21.905632854933486,45.28933073191786,36.750558175797934,16.068265044526875,93.05,95.82,68.0,4.0,64.0,94.70121291211068,89.24981503134816,0.0,0.0,34346.433647989936,2356.3299999999977,32.3699245097549,-17.349243658365115,4268.885766774417,-817717.5936544177,20.370531568554917,94.52395401307864,50.2408702353415,181.83716471541263,92.3795,96.90552463537321,87.85347536462677,9.798764088078457,0.46138995827945023,0.0,0.0,95.389,94.43,96.348,-2.010714023629551,2.2513034410844712,0.0,1.0,90.93,96.61,93.77000000000001,6.148550273599654,0.19366197183098516,2.1241998980681607,1.3391879014247383,48.71962848019627,0.03813423662818732,0.402813252707932,0.6007210548569838,12.516603519986463,-5.681672795569369,19.366197183098517,38.90845070422528,-80.63380281690148,3.4043823529411696,1.7693243392679354,0.9524011198756155,0.8843888690438486,0.06801225083176687,0.8403258836367562,0.811048117936989,0.029277765699767144,92.77191753561543
92.82,2020-10-27,94.05,92.59,92.59,1265500,0.7609181168483161,0.8052255927146452,-0.044307475866329105,94.09166666666668,91.38538461538461,93.16039872585738,92.39948060900906,0.4378539493293585,0.6748137108792849,-0.23695976154992637,0.13370219846261278,26.550557309928955,1.251499999999993,41.766536471755984,25.665995956412544,16.10054051534344,95.22999999999999,91.825,93.5275,94.82,24.999976158162855,20.553101965214303,43.606639209847735,41.090951046232696,-16.39274929582219,92.365,95.13499999999999,64.0,0.0,64.0,94.70121291211068,96.61,0.0,1.0,34346.433647989936,2449.149999999998,31.938871513524496,-7.4451802785986425,2493104.9342813957,-738088.6185032144,20.93533869666532,94.7267931266185,50.047369918722424,181.83716471541263,92.5185,96.88839828256967,88.14860171743034,9.446539411187308,0.5081809684547115,0.0,0.0,95.086,94.20100000000001,95.971,-1.8614727720169069,1.9101694915254281,0.0,1.0,90.93,96.61,93.77000000000001,6.139312678004932,0.29225352112676034,2.113779908261344,1.387252374429988,50.891889022691196,0.13717203976259762,0.2597365182876894,0.43812678063308014,11.034741777677286,-10.198432599090767,16.250000000000032,28.773474178403728,-83.74999999999997,2.7436470588235267,0.8385972554999023,0.8235090845025007,0.872212912135579,-0.048703827633078345,0.6707394506619229,0.7829863844819759,-0.11224693382005302,92.75768072374204
90.58,2020-10-28,92.88,90.52,91.81,1598400,0.493923714107396,0.7429652169931954,-0.2490415028857994,93.82083333333334,91.57038461538461,92.75418353726394,92.26025982315655,0.5273694088207688,0.6556146387238035,-0.12824522990303477,0.12830592270923932,26.44913569563313,2.6284999999999883,40.96144883376355,30.54098964577363,10.420459187989916,94.645,92.36,93.5025,94.82,12.499988079081428,19.53359635183751,43.606639209847735,49.45065931189163,-64.46554477478591,92.05,94.82,60.0,0.0,60.0,94.70121291211068,96.5588,0.0,0.0,34346.433647989936,2358.569999999998,32.06749328294811,-33.16738309594179,1151744.3144181883,-591345.8198121556,18.91027551489622,94.774349995215,43.412387564313626,177.77189923360135,92.53150000000001,96.87591837303975,88.18708162696026,9.390139299675772,0.26849605317908337,0.0,0.0,94.65666666666667,93.70366666666666,95.60966666666666,-2.0135929851744816,2.670339279468353,0.0,1.0,90.93,96.61,93.77000000000001,6.1384501494085715,-0.0721830985915513,1.9804019174352097,1.8730012293758789,43.54843608794931,0.0,0.058435425463595016,0.24032839881973875,7.3394589632292035,-23.792025902260512,-63.27077747989268,-9.21819343226472,-163.27077747989267,2.03214705882354,-3.4659272688493123,0.5353591189252486,0.8048421534935131,-0.2694830345682645,0.3390972106876276,0.6942085497231063,-0.3551113390354787,92.49529137522723
91.91,2020-10-29,92.57,90.15,90.32,1525100,0.2495956354458997,0.6442913006837362,-0.3946956652378365,93.40333333333332,91.70807692307692,92.3535399161464,92.1039442807005,0.6446837146702553,0.6053162853297438,0.03936742934051152,0.11679694121939702,26.249886412782477,2.0204999999999984,39.73690898708641,34.296633350226834,5.440275636859575,94.315,92.84,93.5775,94.82,6.249994039540714,18.754219256221806,43.60663920984773,51.836006706563545,-84.55651737548666,91.8775,94.82,56.00000000000001,0.0,56.00000000000001,94.70121291211068,96.411648,0.0,0.0,34346.433647989936,2266.659999999998,32.071438691029265,-33.28728551080712,2203242.302252217,-29176.41023223009,18.53459389757409,94.64750970231114,36.57623840792314,177.77189923360135,92.4595,96.91037171237335,88.00862828762666,9.627721786021645,0.2405564404856208,0.0,0.0,94.24166666666667,93.29966666666667,95.18366666666665,-1.9991157485188638,2.6717975937721254,0.0,1.0,90.93,96.61,93.77000000000001,6.143230279203318,-0.1373239436619722,1.9873617256916885,2.3426506674675727,42.37152962249495,0.0,0.045724013254199246,0.12129865233516114,3.975132915848801,-29.53408874604332,-59.9009900990095,-35.64058919296739,-159.90099009900948,1.309617647058829,-5.264817150063043,0.2709934274749622,0.6980724082898029,-0.4270789808148407,0.18845932112199046,0.5930587040028832,-0.4045993828808927,92.22639073050432
90.32,2020-10-30,91.51,89.14,90.98,1429300,-0.025243692684284724,0.5103843020101321,-0.5356279946944168,92.95833333333333,91.80307692307692,91.85914915981618,91.88439285250047,0.7810696421700645,0.5517506733358983,0.22931896883416614,0.09932484653433209,25.77272182598329,1.600999999999999,34.97247140401295,36.639774706548764,-1.6673033025358137,93.605,93.25999999999999,93.4325,94.82,3.124997019770357,18.580577993331847,40.80044563557035,56.718737477890656,-98.68283042407757,91.8775,94.82,52.0,0.0,52.0,94.70121291211068,96.18114912,0.0,0.0,34346.433647989936,2176.339999999998,32.37645833329158,-41.56384472354903,117360.49601416542,410711.7445539273,17.522689294135375,94.34134534904035,29.53330061791715,175.78022293603132,92.409,96.98470934391656,87.83329065608345,9.90316818473646,0.14278762544804474,0.0,0.0,93.67333333333333,92.74933333333334,94.59733333333334,-1.9728133228951665,2.9531024531024572,0.0,1.0,90.93,96.61,93.77000000000001,6.146587453602995,-0.31514084507042406,1.9246255531225196,2.889053454108734,39.25302195790581,0.0,0.0,0.034719812905931347,0.13408892270767106,-34.79570597911346,-46.47058823529426,-56.547451938065485,-146.47058823529426,0.4868529411764655,-5.651989839119394,-0.027473319353383267,0.5529632627611657,-0.580436582114549,-0.06851849900016012,0.46074326340227456,-0.5292617624024347,91.46119850105426
91.12,2020-11-02,91.57,89.79,91.53,1259800,-0.18843412135966275,0.37062061733617313,-0.5590547386958359,92.60666666666667,91.905,91.54081851984446,91.72925264120413,0.7707058343533248,0.47042023663810656,0.3002855977152183,0.079827769721266,25.291602307428022,2.7240000000000038,29.99796808627889,37.34204825974122,-7.344080173462327,93.605,93.77000000000001,93.6875,94.82,1.5624985098851785,18.045661286667443,37.841256617417,47.28302398930638,-85.47662830785833,91.4575,94.82,48.0,28.000000000000004,19.999999999999996,94.70121291211068,95.8074571904,0.0,0.0,34346.433647989936,2267.4599999999978,36.23895646487334,-27.165009763041958,-13388.937664615098,569939.3039879022,18.18712725689059,93.97647047008871,28.962413629533856,175.78022293603132,92.426,96.95994486071514,87.89205513928486,9.810972801408994,0.20930391954698144,0.0,0.0,93.19000000000001,92.31400000000001,94.066,-1.8800300461422847,2.440639269406397,0.0,1.0,90.93,96.61,93.77000000000001,6.145456906065385,-0.20070422535211305,1.975162997810267,3.2578025137982434,42.20129336050351,0.12480713751562574,0.04160237917187528,0.029108797475358102,-2.2154581860022113,-23.294977670742643,-33.72549019607845,-46.69902284346074,-133.72549019607845,-0.2465000000000117,-4.488884161259439,-0.20542424137773851,0.4012857619333849,-0.6067100033111235,-0.20086787643980414,0.3284210354338588,-0.529288911873663,91.17779386794913
93.65,2020-11-03,94.94,91.75,92.1,1894100,-0.15778919657417134,0.26493865455410426,-0.4227278511282756,92.32333333333334,91.98192307692308,91.57300028602224,91.7307894825964,0.6595974119338603,0.4823867721063982,0.17721063982746216,0.06384884187848779,25.35789973785064,2.1424999999999983,26.411530025556406,36.828038773380364,-10.416508747823958,93.20500000000001,93.77000000000001,93.48750000000001,94.82,0.7812492549425892,17.16969000713859,35.8979496690306,40.303994364720886,-26.05610708642652,91.7325,94.82,44.0,24.0,20.0,94.70121291211068,95.463660615168,0.0,0.0,34346.433647989936,2361.109999999998,36.02959159619583,2.9377059173925204,-5974159.10304325,149800.30482439123,20.231386083040494,93.75241879774077,36.15346506171819,175.78022293603132,92.6075,96.70725060217147,88.50774939782853,8.854035800926424,0.3954204678272601,0.0,0.0,92.89233333333333,91.85133333333333,93.93333333333332,-2.2413044492369236,1.048671149535701,0.0,1.0,90.93,96.61,93.77000000000001,6.133412520584177,0.14436619718309757,2.2926466980292393,3.389519127185364,50.07044438949747,0.457926474406229,0.19424453730728497,0.07861563882638668,-1.8653899454426106,-9.644766239906673,4.897959183673374,-25.099373082566448,-95.10204081632662,-0.32208823529411745,-3.5733053074093593,-0.17201334193695983,0.28662594115931594,-0.4586392830962758,-0.08431286591722983,0.2458742551636411,-0.3301871210808709,91.21780869464146
95.25,2020-11-04,96.79,92.85,94.23,1610900,-0.044232184886695336,0.20310448666594436,-0.2473366715526397,92.165,92.09884615384615,91.76946178048036,91.81369396536705,0.5463510848126227,0.5851413543721238,-0.038790269559501045,0.05312955250001405,25.43138466872768,2.352499999999992,24.331051849532486,35.522647374573054,-11.191595525040569,93.20500000000001,93.77000000000001,93.48750000000001,94.82,0.8598344526075317,16.74915329278899,43.18516645650902,34.42864018595968,29.144437858130633,91.9,94.82,40.0,20.0,20.0,94.70121291211068,95.14736776595456,0.0,0.0,34346.433647989936,2456.359999999998,35.96207927998661,17.48589078633637,-5348451.443569583,-418194.82847506047,21.373347935901524,93.71171324110169,43.55609610057197,175.78022293603132,92.7775,96.61288198879922,88.94211801120079,8.267914071405704,0.5094514705721254,0.0,0.0,92.81233333333333,91.53833333333333,94.08633333333333,-2.745324795196043,0.4852171637885924,1.0,1.0,91.51,96.61,94.06,5.497022446174983,0.26274509803921386,2.567382028226316,3.435386628152476,53.86662030324444,0.6186273681173952,0.4004536600130833,0.21210019216408113,-0.36150419151839,2.564727288034148,27.346938775510033,-0.49353074563169014,-72.65306122448997,0.10649999999998272,-2.0052770448548873,-0.04817602143682413,0.21966554864008794,-0.26784157007691206,0.14519125061363305,0.2257376542536395,-0.08054640364000645,91.26192761458421
95.1,2020-11-05,96.34,93.95,96.13,1453700,0.1329903420466536,0.18908165774208624,-0.05609131569543263,92.06666666666666,92.24076923076922,92.10492919886799,91.97193885682134,0.5444805194805189,0.5633116883116882,-0.01883116883116931,0.04862770835912347,25.254824664801532,1.6865000000000094,24.519677930823537,33.72452435924326,-9.204846428419724,93.82,93.77000000000001,93.795,94.82,5.912141886951084,17.208906810722038,45.71974015448882,28.50923156926055,57.85852262312655,91.9,94.82,36.0,16.0,20.0,91.51,95.14736776595456,1.0,0.0,34346.433647989936,2551.4599999999978,36.87695783465239,29.93219210257415,-160094.63722397957,-375232.772872838,22.500003832508966,93.65604979712094,43.50268475625362,177.86270269079316,92.95349999999999,96.66281947936618,89.2441805206338,7.9810216492465305,0.6343238302258996,0.0,0.0,92.911,91.664,94.15799999999999,-2.6842892660718163,0.08340016038491796,1.0,1.0,91.51,96.61,94.06,5.486614274879369,0.4784313725490197,2.659643825403685,3.4513438296223917,57.35810251467573,0.7886389085161167,0.621730917013247,0.4054763714445384,2.0207829897293275,3.5819188973762848,52.813852813852876,28.35291692434542,-47.186147186147124,0.8561176470588236,-1.2404078629244115,0.14459882405402832,0.204652203722876,-0.06005337966884769,0.30979744592671415,0.24254961258825444,0.06724783333845971,91.28138927063247
95.53,2020-11-06,95.99,93.59,95.74,1538800,0.2416063920138498,0.19958660459643895,0.04201978741741086,91.97916666666667,92.31769230769231,92.33340162981139,92.09179523779754,0.5192613817255648,0.5514167462591529,-0.03215536453358814,0.04761378264312482,24.996893860795765,0.5379999999999967,22.610712338758145,31.700922880840924,-9.09021054208278,93.82,93.77000000000001,93.795,94.815,15.58540008833977,17.407688069103557,41.523886638785505,27.68729489893913,38.73243269722769,92.0775,94.82,32.0,12.0,20.0,91.6024,95.14736776595456,0.0,0.0,34346.433647989936,2455.9299999999976,37.70428442239477,20.74319323077785,96828.22150110033,-385714.96757764654,22.133949548315243,93.6065369123413,43.50806379422814,177.86270269079316,93.042,96.72327477920426,89.36072522079574,7.913146276314478,0.5744307383811291,0.0,0.0,92.94133333333333,91.81933333333333,94.06333333333333,-2.41442630476573,0.21093285799167968,1.0,1.0,91.51,96.61,94.06,5.481395498806984,0.40784313725490207,2.5976794428633156,3.47644973995655,55.867879559047616,0.723726311110812,0.7103308625814413,0.5775051465359238,3.498711805132584,7.8551203823371205,45.02164502164508,41.72747887033598,-54.97835497835492,1.5358529411764579,-1.1094674556212987,0.26235387353453016,0.21619253768520685,0.046161335849323304,0.47136280204109327,0.28831225047882225,0.183050551562271,91.29493627633575
95.87,2020-11-09,101.25,95.86,97.96,2405300,0.5050337087458132,0.2606760254263138,0.24435768331949942,92.16916666666667,92.5373076923077,92.87595522522501,92.3709215164792,0.4711616571892769,0.5957216355266722,-0.12455997833739535,0.053716124212507876,25.200516207180346,0.6634999999999991,23.20001779115355,29.637976360773987,-6.437958569620438,94.735,94.445,94.59,93.305,34.54961093391768,18.45210905967241,43.32718329152302,22.305355501450084,160.54498777011793,91.3225,94.82,100.0,8.0,92.0,91.692952,95.14736776595456,0.0,0.0,34346.433647989936,2551.7999999999975,37.74355288134129,48.869151340666676,-12834671.951601157,-1304704.4796849925,24.45925032831311,93.78680444875704,43.63646332969578,177.86270269079316,93.1465,97.01823488245327,89.27476511754674,8.313216025193148,0.850424303623887,0.0,0.0,93.38233333333334,91.93233333333333,94.83233333333332,-3.1055124630997204,-0.35436781609195817,1.0,0.0,91.51,97.96,94.735,6.924575802633473,0.6744186046511631,3.103911498576984,3.476439529614436,62.48630079513131,1.0,0.8374550732089762,0.7231722842678879,7.028549348066942,13.641054504173571,67.4418604651163,55.09245276687142,-32.55813953488369,2.765235294117659,2.436418038042318,0.5467453398261422,0.28230309811339394,0.2644422417127482,0.6208419681263165,0.35481819400832115,0.2660237741179954,91.61778206718935
94.97,2020-11-10,96.07,93.92,94.74,1780700,0.5509094274532487,0.31872270583170076,0.2321867216215479,92.17833333333334,92.70923076923077,93.03657749826732,92.48566807081407,0.6099328859060404,0.6351677852348995,-0.02523489932885903,0.06007566551984581,25.24554128060728,-1.0545000000000044,20.277005835038747,27.339704916471234,-7.062699081432488,94.735,94.445,94.59,92.5,62.601488505249144,17.433557679409322,43.32718329152301,47.119041537859744,24.2329962838127,91.0025,94.82,96.0,4.0,92.0,91.94363392000001,95.14736776595456,0.0,0.0,34346.433647989936,2456.8299999999977,37.823272258737745,15.567586863428616,5881857.428661679,-892886.5618878955,22.537262012018513,93.7497227060669,43.649387795076315,174.26314455163043,93.0845,96.86388870718605,89.30511129281396,8.12033949193699,0.6105337482767247,0.0,0.0,93.56566666666666,92.12866666666666,95.00266666666667,-3.07163952589448,0.37671073996752424,1.0,1.0,91.51,97.96,94.735,6.929187995853217,0.3736434108527133,2.905520348719286,3.5152315935283065,54.90763272603703,0.6738011831136221,0.7991758314081446,0.7823205890661873,7.532558159443821,10.046663555773794,37.36434108527133,49.9426155240109,-62.63565891472867,2.9092941176470646,0.11725828802899418,0.5956700523927994,0.344976488969275,0.25069356342352433,0.6540332587857933,0.4146612069638156,0.23937205182197774,91.65487772934259
94.32,2020-11-11,96.13,94.15,95.99,1496000,0.5989213503442272,0.37476243473420606,0.22415891561002116,92.355,92.94115384615384,93.20787326776465,92.60895191742043,0.5542137718396714,0.6302672147995894,-0.076053442959918,0.06670033489259944,25.14519065654441,-0.47799999999999443,20.13362986534041,25.161562791832793,-5.027932926492383,94.735,94.445,94.59,92.5,81.30074425262457,16.384142458467448,44.97312190973574,42.57283536567985,47.41235860194105,90.99249999999999,94.82,92.0,0.0,92.0,92.18428856320001,95.14736776595456,0.0,0.0,34346.433647989936,2551.149999999998,38.60532939923104,16.442731597224583,-97222.2222222228,-931800.3157952558,22.768241569088357,93.81746168845716,50.92825683348397,174.68989628977857,93.068,96.82569397370321,89.31030602629679,8.075157892515605,0.6439712770081827,0.0,0.0,93.93433333333333,92.59033333333333,95.27833333333334,-2.861573510572992,0.41976686507936356,1.0,1.0,91.51,97.96,94.735,6.9304164696780735,0.4093023255813962,2.835968313847357,3.519550193286829,55.59525235689164,0.703397506373552,0.7923995631623914,0.8096768225931706,8.145846596682278,10.51594851387961,40.930232558139615,48.57881136950908,-59.069767441860385,2.7807647058823335,2.3035966532652443,0.6467207952836854,0.4053253502321571,0.24139544505152832,0.61738201628107,0.4552053688272665,0.16217664745380356,91.82799691098838
93.19,2020-11-12,94.71,92.59,94.71,1869500,0.5052677702691284,0.4008635018411906,0.10440426842793782,92.355,93.06192307692308,93.11281584195471,92.60754807168559,0.6041610375574171,0.6609024587949212,-0.05674142123750403,0.06976465830130818,24.963695486582722,-2.477000000000004,19.836927845614277,23.47983572978849,-3.642907884174214,94.76499999999999,94.735,94.75,92.5,90.65037212631228,15.570523415984935,43.74350831593423,48.34176417163466,-9.9518345374699,91.2025,94.82,88.0,64.0,24.0,92.415317020672,95.14736776595456,0.0,0.0,34346.433647989936,2457.9599999999978,38.59882551907481,-6.6742872023789594,-0.0,-891398.6937449492,21.22414810121793,93.75870852331263,43.66406307590464,171.7954062397302,92.997,96.73442210621243,89.25957789378757,8.037726176570072,0.44555070467910607,0.0,0.0,94.23333333333332,93.11433333333333,95.35233333333333,-2.3749557835160946,1.2342865653857602,0.0,1.0,91.51,97.96,94.735,6.935707603471067,0.1674418604651163,2.60837148246262,3.61588872977218,50.02339672632232,0.4635753241664576,0.6135913378845439,0.7350555774850266,6.861080555488443,1.8405357263152704,16.74418604651163,31.679586563307513,-83.25581395348837,2.2989999999999924,0.0,0.5456010668568949,0.43338049355710473,0.11222057329979018,0.485818530734984,0.46132800120881,0.024490529526173976,91.85411707840845
94.95,2020-11-13,95.05,93.39,93.42,1449600,0.4899520847941261,0.4186812184317777,0.07127086636234842,92.59416666666668,93.17576923076923,93.15545955857706,92.66550747378294,0.5863956215793591,0.6369559551733134,-0.05056033359395429,0.07187752431881052,24.713673928409836,-2.758999999999986,21.003852036334706,22.480489502016916,-1.4766374656822094,96.335,94.735,95.535,92.5,95.32518606315614,14.81502001939403,41.914342702864275,46.32031925095642,-7.604223577553217,91.1425,94.82,84.0,60.0,24.0,92.63710433984512,95.14736776595456,0.0,0.0,34346.433647989936,2552.9099999999976,38.43217910354401,5.130610969389425,815429.1732490665,-833458.6732104998,22.044539072165115,93.75953921613545,43.58298920863212,171.7954062397302,92.90899999999999,96.52025407580321,89.29774592419678,7.773744364492605,0.5665973633955712,0.0,0.0,94.57433333333333,93.34533333333334,95.80333333333333,-2.5990138268663285,0.9818280444806112,1.0,1.0,91.51,97.96,94.735,6.942276851542896,0.2914728682170541,2.5935343342163573,3.574368585429082,52.64449150652327,0.5763917199306796,0.5811215168235631,0.6623708059568327,6.634497823316013,3.627298657777366,29.147286821705407,28.94056847545221,-70.8527131782946,1.8724117647058875,3.1705700397702214,0.5287318854135064,0.4524507719283851,0.07628111348512123,0.5264891143407755,0.4743602238352031,0.0521288905055724,91.973083065535
95.61,2020-11-16,95.98,94.95,95.81,1707400,0.5968135610197436,0.4543076869493709,0.14250587407037268,92.99416666666667,93.29615384615386,93.43154270341135,92.83472914239161,0.5377503852080127,0.6715459681561383,-0.13379558294812566,0.07643158463070247,24.250661017543273,-3.7789999999999964,23.918298844704843,22.20346381525563,1.7148350294492118,96.335,94.735,95.535,92.5,97.66259303157807,14.361053532110969,48.51190947066436,40.94436554895532,65.8571075845659,91.25,94.82,80.0,56.00000000000001,23.999999999999993,92.85002016625131,95.14736776595456,0.0,0.0,34346.433647989936,2648.5199999999977,38.68033641619162,25.705037973762398,-295157.4103127324,-1032620.2692529374,23.641622271651148,93.94046264899889,50.819018202636954,171.7954062397302,92.919,96.55163485641006,89.28636514358993,7.818928004843066,0.7795491537521518,0.0,0.0,95.036,93.794,96.27799999999999,-2.613746369796703,0.5346215780998356,1.0,1.0,91.51,97.96,94.735,6.941529719433043,0.5333333333333339,2.5931809007947217,3.5099131472610363,57.34266455349955,0.7786091116252447,0.6061920519074606,0.6003016355385224,7.956400621399877,5.881099000469623,53.33333333333339,33.0749354005168,-46.66666666666661,0.9882058823529292,5.324459234608982,0.6428774732614775,0.49053611219500365,0.15234136106647383,0.6080356232444837,0.5010953037170592,0.10694031952742444,92.25137501566081
93.82,2020-11-17,95.15,93.48,94.55,1530300,0.5564706884213706,0.4747402872437708,0.08173040117759978,93.35583333333335,93.28500000000001,93.43899767211731,92.88252698369594,0.5220435684647309,0.6877593360995858,-0.16571576763485496,0.07914757029476537,23.783561839986312,-3.0464999999999947,23.938215888460235,22.159815375136493,1.7784005133237422,96.335,94.735,95.535,92.5,98.83129651578903,13.585245330375795,48.51190947066436,45.23114742267578,16.74978827514793,91.6325,94.82,76.0,52.0,24.0,93.05441935960125,95.14736776595456,0.0,0.0,34346.433647989936,2554.6999999999975,38.84194906278983,2.3306896917963584,668301.001918578,-1067151.934431481,22.189116742425238,94.12448995776356,50.594750373421675,169.13569852859376,92.8365,96.33707866645007,89.33592133354993,7.541384404733198,0.5919133750895785,0.0,0.0,95.18233333333333,94.16433333333335,96.20033333333333,-2.1390524151890795,1.336116568434846,0.0,1.0,91.51,97.96,94.735,6.947698372945974,0.30542635658914763,2.37386281071525,3.325891264869874,52.09756923541456,0.5528512513235364,0.6359506942931535,0.6077547543413924,7.366532583265625,2.4412661093495482,30.542635658914765,37.67441860465118,-69.45736434108524,0.7727941176470665,4.8687457931344,0.5991123481373953,0.512251359383482,0.08686098875391335,0.5134484816285698,0.5035659392993614,0.009882542329208377,92.2785031431724
93.65,2020-11-18,95.56,93.6,94.35,1873200,0.5280941279705473,0.48541105538912616,0.04268307258142118,93.67333333333333,93.22500000000001,93.46376726102234,92.9356731330518,0.4760300596009337,0.6937030318735434,-0.21767297227260973,0.0806143772006795,23.617699978443273,-1.0344999999999942,24.333560253556143,22.139135633217894,2.19442462033825,96.335,94.735,95.535,92.5,99.41564825789452,12.864852000193133,46.27276222051898,43.1434291597274,24.792988233015336,92.23250000000002,94.82,72.0,48.0,24.0,93.25064258521721,95.14736776595456,0.0,0.0,34346.433647989936,2648.3499999999976,38.461554061137505,3.603162592968178,-135664.70902295466,-1234216.7209511362,22.30933497092331,94.36848364772715,57.516408321408996,169.35281752542122,92.7845,96.20638529907204,89.36261470092795,7.375984779940713,0.6191594587085004,0.0,0.0,95.17033333333333,94.28733333333334,96.05333333333333,-1.855620273824817,1.3892034730086893,0.0,1.0,91.51,97.96,94.735,6.951592130151036,0.3240310077519369,2.3444765296437247,3.0787490367746444,52.479692389118874,0.5692984844661979,0.6335862824716597,0.6252430095574245,7.018004500547827,-8.381903119819498,32.403100775193685,38.759689922480604,-67.59689922480631,0.4798823529411749,4.243234213164036,0.5682361897938791,0.5234483254655614,0.04478786432831772,0.4190930806157058,0.48667136756263035,-0.06757828694692453,92.29282301155664
94.55,2020-11-19,94.8,92.5,93.49,1605100,0.41209432558918024,0.470747709429137,-0.058653383839956774,93.73583333333333,93.14884615384616,93.3154953747112,92.90340104912202,0.49050221181368847,0.6773354150403339,-0.18683320322664543,0.07869319513004669,23.455258824802474,0.11950000000000216,23.03464712538984,22.186239498399193,0.848407626990646,96.335,94.735,95.535,92.5,95.05675315791572,12.038337259687578,46.27276222051898,47.48566400709013,-16.955581380335076,92.79750000000001,94.82,68.0,44.0,24.0,93.43901688180851,95.14736776595456,0.0,0.0,34346.433647989936,2553.7999999999975,38.290047899269965,-11.769432063170054,1122263.352723432,-1162437.9454719028,21.198170441008784,94.5746855279287,57.20731266488784,169.35281752542122,92.73049999999999,96.13450631609362,89.32649368390636,7.341718886652458,0.4661428360296773,0.0,0.0,94.98266666666666,93.98966666666666,95.97566666666667,-2.0909078147591886,1.7500839207787822,0.0,1.0,91.51,97.96,94.735,6.955640269382769,0.15348837209302274,2.2300288766793526,2.7381810746223714,48.64868467357344,0.3178402243059484,0.47999665336522757,0.5831778767100135,5.5435441799460055,-4.839486141685752,14.553990610328745,25.83324234814572,-85.44600938967125,0.28276470588235725,0.8174386920980926,0.4435729165300291,0.5074732436784549,-0.0639003271484258,0.4166192137131814,0.47266093679274057,-0.05604172307955918,92.29694413678533
94.97,2020-11-20,96.92,94.02,94.29,1680800,0.43776861915831944,0.46415189137497354,-0.026383272216654097,93.83333333333333,93.14923076923077,93.42388070167871,92.98611208252039,0.47847600197921913,0.7142503711034152,-0.23577436912419603,0.0776536162230264,23.6692552235262,1.208999999999989,24.151722324089786,22.291984446503218,1.8597378775865678,95.35,94.735,95.04249999999999,92.5,88.24049024399608,11.446960262314908,46.11600616079526,42.774557175998766,53.59293536757628,92.79750000000001,94.82,64.0,40.0,24.0,93.61985620653617,95.14736776595456,0.0,0.0,34346.433647989936,2648.7699999999973,38.26014860871794,10.533972517282756,-4043171.527850915,-1450279.5590566385,22.75875854911688,94.8589250281041,57.45946679255662,169.35281752542122,92.74100000000001,96.15952541309926,89.32247458690077,7.372198732166455,0.6870689618247472,0.0,0.0,94.97966666666666,93.74866666666667,96.21066666666667,-2.592133754944044,0.8897914974275668,1.0,1.0,91.51,97.96,94.735,6.954852761993065,0.3891472868217047,2.4490259890114174,2.343961613580634,53.68046343413759,0.3636304632504623,0.41692305734086954,0.5101686643925856,5.836942838140274,2.197377668251658,-21.230769230769162,8.57544071825108,-121.23076923076916,0.4347058823529437,1.2600969305331198,0.470789249441704,0.5001364448311048,-0.029347195389400726,0.44542837625207987,0.4672144246846085,-0.021786048432528626,92.30942685212892
97.61,2020-11-23,98.06,95.23,95.72,2779400,0.5494192067790493,0.4812053544557887,0.0682138523232606,93.94,93.15230769230769,93.70174520911276,93.15232600233371,0.5090307809717637,0.7435766980412116,-0.23454591706944794,0.07965246993650066,24.07213997139179,0.6890000000000072,23.737288699697135,22.676460320354153,1.0608283793429827,95.35,94.735,95.04249999999999,92.5,85.44018672623939,11.500085657913493,49.6168309784588,38.83403703561512,100.94684261537256,92.79750000000001,94.82,60.0,36.0,24.0,93.79346195827472,95.14736776595456,0.0,0.0,34346.433647989936,2746.3799999999974,9.926865554083495,25.9017050148139,-3080524.536420445,-1243591.375726438,24.014960421059033,95.1033124465607,57.69517792109532,169.35281752542122,92.901,96.46776828515749,89.3342317148425,7.678643470269414,0.8264860251353795,0.0,0.0,94.77766666666666,93.64166666666668,95.91366666666667,-2.3971892112417392,0.30090962441314695,1.0,1.0,91.51,97.96,94.735,6.942874673039029,0.5767441860465125,2.6081233901102765,2.1477828558487295,57.26993093758502,0.6230297320201267,0.4348334731921791,0.44391772796609197,7.216787181608327,11.464816893751836,16.000000000000316,3.107740459853288,-83.99999999999969,0.47605882352941364,1.3624268227780745,0.5898072870078251,0.5180706132664489,0.07173667374137627,0.6853818079536985,0.5108479013384266,0.1745339066152719,92.33717622728201
111.35,2020-11-24,112.78,104.98,107.38,9476600,1.4084113286268831,0.6666465492900076,0.7417647793368756,94.88916666666667,93.54576923076924,95.43686133078772,94.02845000216084,0.5522964106522585,0.8027788498649175,-0.250482439212659,0.1040345798046222,24.81182819481431,2.339500000000001,33.18759948136947,24.126901388801826,9.060698092567641,101.04499999999999,99.445,100.24499999999999,97.21000000000001,85.31181559584061,14.276567508791643,68.84668664486158,22.722517203981017,428.924927970253,92.79750000000001,94.82,100.0,32.0,68.0,93.96012347994373,95.14736776595456,0.0,0.0,34346.433647989936,2857.7299999999973,9.891867744999995,177.2961042984119,-63965873.372249715,-5430550.084917876,35.41538570720836,96.23604265608316,58.69337672455866,169.35281752542122,93.5205,99.87249330919086,87.16850669080914,13.584173115393652,1.402039678113244,1.0,0.0,96.12466666666667,94.58166666666668,97.66766666666668,-3.210414253712192,-2.369518254482609,1.0,0.0,91.51,107.38,99.445,16.96954143743884,0.8487712665406432,4.102311051099248,2.048319295997164,74.45084558234454,1.0,0.6622200650901963,0.5046588652077483,16.579922140106078,29.110464072524376,81.0576164167325,25.27561572865454,-18.942383583267492,2.942794117647068,12.170103643551663,1.497856583400574,0.714027807293274,0.7838287761073,2.002860653823344,0.8092504518354101,1.193610201987934,94.45441310230773
111.73,2020-11-25,112.93,109.9,111.06,3665600,2.4578392152184705,1.0248850824757,1.4329541327427704,96.05916666666667,94.11384615384615,97.66195958758962,95.20412037237115,0.5273631840796025,0.8002842928216071,-0.2729211087420046,0.15246099268123797,25.434944009880535,-0.5694999999999908,47.18103862630148,27.16513591998929,20.01590270631219,102.93,101.285,102.1075,99.05000000000001,89.87050004794469,17.311164419578926,67.32632914692257,18.57049681888603,331.9353869915921,93.01750000000001,94.82,100.0,28.000000000000004,72.0,94.76531607114711,95.14736776595456,0.0,0.0,34346.433647989936,2969.4599999999973,9.752321956382136,230.49831797006738,-3205092.6340284795,-5648049.941832483,40.651731677869435,97.52466419992366,59.73681831624389,169.35281752542122,94.48949999999999,103.89423173461134,85.08476826538865,19.90640597021118,1.3192950333333915,1.0,0.0,97.712,95.99600000000001,99.428,-3.5123628622891636,-3.0512820512820644,1.0,0.0,91.51,111.06,101.285,20.690129591118588,0.9406649616368288,4.487079945989324,2.021314202453368,79.03234571339135,1.0,0.8743432440067088,0.657132260763028,26.199111494058947,33.213266785850735,92.90519877675843,63.320938397830396,-7.094801223241566,5.745205882352948,14.64635927394117,2.5816521444714184,1.087552674728903,1.4940994697425154,3.0131750532588306,1.2500353721200943,1.7631396811387363,97.71578040413144
109.9,2020-11-27,111.41,109.14,111.1,1379200,3.1914042065341732,1.4581889072873948,1.7332152992467784,97.3275,94.67153846153846,99.42781195872968,96.2364077521955,0.5544394618834086,0.8116591928251128,-0.25721973094170414,0.21283852896144523,25.818986984633824,-1.2890000000000015,60.967486248222,31.6055397213101,29.3619465269119,102.94999999999999,101.305,102.1275,99.07,94.93525002397234,19.52244518156926,64.80921925744326,22.611856886875515,221.50624244865136,93.7475,94.82,100.0,24.0,76.0,96.06889078545534,95.14736776595456,0.0,0.0,34346.433647989936,2859.559999999997,10.381166077855044,185.63798683148627,208735.2138307593,-5640056.585237508,39.89173167786943,98.7324286651798,58.39007595434096,168.1816788418969,95.43900000000001,106.5747063538873,84.30329364611272,23.335756564690087,1.1151832476804315,1.0,0.0,99.36666666666666,97.61966666666667,101.11366666666666,-3.5162697081516128,-2.297176111429128,1.0,0.0,91.51,111.1,101.305,20.526199981139772,0.8999489535477287,4.18937195139039,1.9830990444613534,76.74304229475844,0.924653470309823,0.9748844901032744,0.8371492664000598,31.921390137146776,33.420890453983105,88.04148871262969,87.33476796870686,-11.958511287370309,8.642058823529425,16.205281090289606,3.31621293965159,1.5332847277134407,1.7829282119381493,3.602500530375515,1.7205284037711785,1.8819721266043365,100.50237416996666
109.24,2020-11-30,109.92,107.89,109.35,2186200,3.630050234413602,1.8925611727126364,1.7374890617009657,98.47250000000001,95.22192307692308,100.72968704200203,97.09963680758842,0.6343359934520163,0.837323511356661,-0.20298751790464475,0.2753467439526153,25.9364780470644,-3.7864999999999895,73.6506408479227,37.13135549944542,36.51928534847728,102.94999999999999,101.305,102.1275,99.07,97.46762501198617,21.002899591197156,64.35577127742047,27.417945294443584,154.09135479190402,93.86000000000001,94.82,96.0,20.0,76.0,97.5720017069098,95.14736776595456,0.0,0.0,34346.433647989936,2750.3199999999974,10.255932855901055,139.61113156984538,845294.7638227853,-4662916.105564368,38.64058635992917,99.56954889940953,50.52840361370787,166.25546390188984,96.3765,108.35808299224296,84.39491700775703,24.864117273905908,0.9804665630348678,0.0,0.0,100.87666666666667,99.23566666666667,102.51766666666667,-3.2534778442322274,-1.6369083891935818,1.0,0.0,91.57,111.1,101.335,20.26427604239623,0.8356374807987714,3.8484347562513515,2.0424521355481393,72.99772255475958,0.8013859109761863,0.908679793762003,0.919302509290662,34.72646402491012,30.962089501283575,80.41488712629656,87.12052487189487,-19.585112873703437,11.035117647058826,14.59373340414232,3.738479724292759,1.9743237270293046,1.7641559972634544,3.958185815846315,2.168059886186206,1.7901259296601086,101.89095077276689
112.39,2020-12-01,112.42,109.22,110.05,2039500,4.038447547032376,2.3217384475765845,1.7167090994557919,99.85833333333335,95.8146153846154,102.03588903554018,97.9974414885078,0.4709257842387151,0.8052792654934972,-0.33435348125478204,0.3385894183328976,26.26056930610897,-3.9579999999999984,85.4172334027353,43.96235744547599,41.45487595725932,102.94999999999999,101.305,102.1275,99.07,98.73381250599309,22.491298888050416,62.057821244739756,25.445854687808744,140.3729955558188,93.86000000000001,94.82,92.0,16.0,76.0,98.92480153621882,95.14736776595456,0.0,0.0,34346.433647989936,2862.7099999999973,6.187673421771839,141.0207842027246,-3373965.655307421,-5324046.325847876,40.026059527043834,100.76199730449284,58.07554718273042,166.25546390188984,97.348,110.15806572973011,84.53793427026989,26.318087130151852,0.9633856004519551,0.0,0.0,102.37499999999999,100.514,104.23600000000002,-3.6356532356532587,-1.3390650188070796,1.0,0.0,94.71,111.1,102.905,16.836504088425034,0.88529591214155,3.9165912806262164,1.9764631150775158,74.42775239524364,0.8484516624868422,0.8581636812576172,0.9139093217076315,37.397608649730635,34.1168561226225,88.52959121415499,85.66198901769373,-11.470408785844999,13.473088235294128,17.960902905281344,4.1209724312098155,2.4036534678654067,1.7173189633444088,4.425213112086936,2.619490531366352,1.8057225807205834,103.25401279669215
111.63,2020-12-02,112.65,110.94,111.67,1502300,4.449602734445591,2.7473113049503857,1.7022914294952054,101.32083333333333,96.54192307692307,103.4057522608417,98.9561495263961,0.47271028037383217,0.8095327102803744,-0.33682242990654226,0.402233570292751,26.36481589858563,-3.3575000000000017,100.53504855756226,52.42918947925445,48.105859078307816,103.235,101.59,102.4125,99.355,99.36690625299654,24.132019185812563,62.386095574283964,23.39075359805953,126.67189816025815,93.79249999999999,94.82,100.0,12.0,88.0,100.14232138259695,95.14736776595456,0.0,0.0,34346.433647989936,2974.3399999999974,6.2127025122169695,148.30404360233535,-812057.6905849752,-5375106.0021595005,41.78401228294934,101.9767367219106,59.07829838318811,168.87366018380936,98.3075,112.13125473596106,84.48374526403894,28.12349970441942,0.956912765065842,0.0,0.0,104.11099999999999,102.21199999999999,106.01000000000002,-3.648029506968553,-1.2980516061084622,1.0,0.0,94.71,111.67,103.19,17.251989929557773,0.9569575471698111,3.8679321525635957,1.9181010743122278,76.18433623966936,0.9062650985347138,0.8520342239992474,0.8729592330062892,40.138372831007956,35.94902233652244,95.69575471698111,88.2134110191442,-4.304245283018889,13.437470588235286,18.792161901702535,4.4965398873555396,2.822230751763433,1.6743091355921065,4.669822990246397,3.0295570231423614,1.6402659671040354,105.24139920875612
112.12,2020-12-03,114.32,110.7,110.89,2252900,4.701879844419523,3.138225012844213,1.5636548315753096,102.63333333333333,97.23846153846155,104.52794422071221,99.82606437629269,0.4550781250000004,0.7933238636363639,-0.3382457386363635,0.46176443270305084,26.610923133700904,-5.720000000000013,114.5893330354046,62.60193235814498,51.987400677259615,104.295,101.59,102.9425,99.355,99.68345312649828,25.655545176591698,62.386095574283964,23.390753598059526,109.15362114470281,93.5275,94.82,96.0,8.0,88.0,101.52564281668532,95.14736776595456,0.0,0.0,34346.433647989936,2862.2199999999975,6.124151834003229,123.2736373734304,-1361353.9065286955,-5472345.56691155,41.54145955174329,103.2676687079731,65.99637338638048,168.87366018380936,99.20000000000002,113.78313820821865,84.61686179178139,29.401488323021425,0.89429098990226,0.0,0.0,105.85766666666666,103.73666666666665,107.97866666666667,-4.007267620358172,-0.6415212949866388,1.0,0.0,94.71,111.67,103.19,17.09677419354839,0.942806603773585,3.8191389373072355,1.6885731571517282,75.40598915559741,0.880647807614705,0.878454856212087,0.8628842538229838,41.985249608284704,34.36395561781536,94.25014819205691,92.825164707731,-5.749851807943086,13.06344117647059,16.587677725118482,4.710072338117893,3.1997990690343254,1.5102732690835676,4.836415046524993,3.390928627818888,1.4454864187061052,106.59055681460264
112.51,2020-12-04,113.48,110.77,111.57,1955800,4.8515342201037015,3.480886854296111,1.3706473658075904,104.07416666666666,98.0173076923077,105.4882604944488,100.6367262743451,0.47828389830508516,0.8285663841807911,-0.35028248587570593,0.5148782390334999,26.618444888308964,-6.441000000000017,130.44894203799151,74.4127345485785,56.036207489413016,104.86500000000001,101.59,103.2275,99.89,99.84172656324914,26.6952873351157,60.37785220466294,25.745846229666675,94.4878147316389,93.5025,94.82,92.0,4.0,88.0,102.74296567868308,95.14736776595456,0.0,0.0,34346.433647989936,2974.7299999999977,5.153951474564943,106.78821774865453,135810.15020886817,-5520889.782842993,41.61260408652196,104.54078184174263,64.40914134235439,168.87366018380936,100.04100000000001,115.24294974337195,84.83905025662807,30.39143899675521,0.8528823664437463,0.0,0.0,107.69200000000001,105.51100000000001,109.873,-4.050440144114692,-0.20563961485556911,1.0,0.0,94.71,111.67,103.19,16.953049249807588,0.9469339622641506,3.715225043576512,1.5423113691320887,75.48466057880992,0.8832370750209406,0.8900499937234532,0.8735130246449291,43.45664364393878,25.166883953788847,94.66508595139298,94.87032962014365,-5.334914048607027,12.85391176470587,18.495934959349583,4.820838673624942,3.524006989952449,1.296831683672493,4.9333636314645535,3.6994156285480213,1.2339480029165322,107.84412436183142
111.95,2020-12-07,112.65,111.2,112.33,2024300,4.9477986543849966,3.7742692143138883,1.1735294400711083,105.54083333333334,98.82692307692308,106.36698964914898,101.41919099476398,0.49132844627212624,0.8126229215090294,-0.32129447523690313,0.5609698391159433,26.576241039079584,-8.421499999999995,144.51207305266428,87.83215503224152,56.67991802042276,111.125,101.92,106.52250000000001,100.69999999999999,99.92086328162458,27.290387776615436,56.8443461481114,27.35285170644241,84.50824757707369,93.5775,94.82,100.0,0.0,100.0,103.8142097972411,95.14736776595456,0.0,0.0,34346.433647989936,3086.6799999999976,4.704035279126098,98.409686641704,10004.466279588358,-5499092.505943542,42.04718474915626,105.69043246560443,65.18562870208073,169.52921379831727,100.9215,116.56054507954389,85.2824549204561,30.992494323893112,0.828616611427396,0.0,0.0,109.39033333333332,107.44033333333331,111.34033333333335,-3.565214476599122,0.03598290598290865,1.0,1.0,94.71,112.33,103.52,17.459114262074984,0.935868331441544,3.5317025392188617,1.5213003958255962,75.99268700100744,0.8999574571214303,0.8879474465856919,0.8854840988404106,44.8014995284594,15.165071901573679,93.55390758699374,94.15638057681453,-6.446092413006249,12.949323529411771,18.803418803418815,4.878562534225341,3.7949180988070275,1.0836444354183135,4.905247418583273,3.940581986555072,0.9646654320282009,108.82880169042778
109.46,2020-12-08,111.89,109.01,111.26,1973400,4.792133482902997,3.9778420680317104,0.814291414871287,106.91666666666667,99.59115384615386,106.77360662620298,101.98147314329998,0.4880825329064393,0.8045179651369623,-0.31643543223052295,0.5944900173716255,26.604172492148848,-7.5589999999999975,154.12738289207363,101.26990874454197,52.85747414753166,111.125,101.94999999999999,106.5375,101.12,99.96043164081229,27.50363703165895,56.70688647139708,30.349731570415944,65.76398839809241,93.4325,94.82,96.0,0.0,96.0,105.00642042562735,95.14736776595456,0.0,0.0,34346.433647989936,2977.2199999999975,4.999741942186445,50.10581712146062,526630.7326877356,-5509211.8108886015,39.89145273476777,106.7690430391277,63.8511754268994,166.19046399419574,101.579,117.4160298983113,85.7419701016887,31.181700741907875,0.7346083845176165,0.0,0.0,110.82866666666666,109.04966666666667,112.60766666666669,-3.210360736993457,1.0111485853475721,0.0,1.0,94.71,112.33,103.52,17.346105002018138,0.8115777525539164,3.2475322852969755,1.4666620986100825,68.2368655618643,0.6446945568086899,0.8092963629836869,0.8624312677642773,43.64861210042999,10.254149552783662,81.061038220194,89.76001058619357,-18.938961779806007,12.567911764705897,17.848648648648656,4.699023592421829,3.975739197529988,0.7232843948918415,4.639508254547987,4.080367240153655,0.5591410143943323,108.86241379359485
110.86,2020-12-09,111.89,109.78,110.41,1898000,4.676986884358371,4.117671031297043,0.559315853061328,108.23,100.35999999999999,107.2361286837102,102.55914179935183,0.49316029463346217,0.7865661171518767,-0.29340582251841457,0.6183955765231427,26.34327735292979,-7.141999999999996,158.3908374412915,113.62655305731865,44.76428438397285,111.125,103.52,107.32249999999999,101.63,99.98021582040614,27.701654197056502,53.45850996327468,28.611188666797222,59.57389688455617,93.6875,94.82,92.0,28.000000000000004,64.0,106.03172156603952,95.14736776595456,0.0,0.0,34346.433647989936,3088.0799999999977,4.958176985224013,55.14244324696618,567382.2839617607,-5458994.16853255,40.67452034324406,107.81768370335547,57.07449322674923,166.19046399419574,102.372,118.18387351328128,86.56012648671872,30.891012216780535,0.7342543403783747,0.0,0.0,111.05999999999999,109.673,112.447,-2.497748964523682,0.961427541456381,1.0,1.0,94.71,112.33,103.52,17.211737584495765,0.8552780930760502,3.210779056767278,1.367681595561141,69.41866488401864,0.683590439717783,0.7427474845493011,0.8133304313728932,43.03473559820253,16.559128426621484,85.45350827153453,86.68948469290741,-14.54649172846547,11.914882352941191,16.762390980642422,4.560282781527651,4.092647914329521,0.4676348671981305,4.480549191342203,4.1604036303913645,0.3201455609508388,108.9322090670612
108.29,2020-12-10,110.75,107.79,110.66,2437800,4.37472687826947,4.169082200691529,0.2056446775779417,109.27666666666666,100.97692307692306,107.3213396554471,102.94661277717763,0.48036626166578644,0.7878147561190354,-0.30744849445324895,0.6294419587726194,25.82543566539568,1.926000000000002,157.6592608921769,124.37008357331362,33.28917731886327,111.125,103.52,107.32249999999999,101.63,99.99010791020308,27.348811189254825,51.46295100145745,32.37897566585449,46.96223459044912,93.48750000000001,94.82,88.0,24.0,64.0,106.91348054679399,95.14736776595456,0.0,0.0,34346.433647989936,2979.7899999999977,7.050230336123698,16.479651354542526,36984.024378983784,-5536514.120557154,38.7115298167365,108.8360778472582,56.03068833674045,163.17790229490217,103.054,118.56224090604755,87.54575909395246,30.097309965741353,0.6526930110478606,0.0,0.0,110.90366666666667,109.69466666666668,112.11266666666668,-2.1802705651451317,1.7877033360904326,0.0,1.0,94.71,112.33,103.52,17.097832204475328,0.7423382519863796,2.9867011510905503,1.2902281865290015,62.904630671028336,0.36384545870344187,0.5640434850766383,0.7053624442032086,40.52348263477168,5.3865799342986085,70.53861129136929,79.0177192610326,-29.461388708630714,11.071205882352942,13.189121075291402,4.249510265809648,4.124020384625547,0.12548988118410076,4.1142617198332285,4.1511752482797375,-0.03691352844650897,108.89408057020593
106.55,2020-12-11,108.21,106.03,107.93,2065900,3.947660185427523,4.124797797638728,-0.1771376122112045,109.36416666666666,101.48384615384614,107.12267201614756,103.17501183072004,0.5605228262928589,0.8289448759234709,-0.268422049630612,0.6266036503313626,25.474576050756706,6.174000000000007,157.40077997131533,133.67565458702393,23.725125384291402,110.27,103.52,106.895,101.63,49.99505395510154,25.955153613039098,51.13590884287851,43.702823498989815,22.52873670540742,93.48750000000001,94.82,84.0,20.0,64.0,107.67179327024283,95.14736776595456,0.0,0.0,34346.433647989936,2873.2399999999975,7.743667119692636,-12.664298838963623,692444.8615673066,-5198255.807027281,36.97177659287528,109.5867024835188,49.861552613773306,160.51352611864252,103.726,118.51016233677127,88.94183766322872,28.50618424844547,0.5779212223025134,0.0,0.0,110.58766666666668,109.38166666666666,111.79366666666667,-2.181075044534809,2.389579878385842,0.0,1.0,94.8,112.33,103.565,16.900295008001855,0.6406160867084999,2.730031035981494,1.7162480548784536,57.74375850587925,0.021772747793640468,0.3564028820716218,0.5543979505658536,36.772721645526005,-12.593265418881407,55.85143658023827,70.61451871438068,-44.148563419761736,9.80461764705882,1.0001905124785646,3.8261785633758656,4.064452020375612,-0.238273456999746,3.65215555254282,4.051371309132354,-0.399215756589534,108.75050863855175
107.68,2020-12-14,108.25,106.27,107.88,2760500,3.5872214923413424,4.017282536579251,-0.4300610442379087,109.06166666666665,101.95769230769231,106.99149170597101,103.40427021362967,0.563468707082598,0.7908573670786743,-0.22738865999607627,0.6139197206100996,25.23472244831071,4.769999999999996,157.5607263114555,141.69159824354838,15.869128067907127,110.27,103.52,106.895,101.63,24.99752697755077,24.661043006553065,46.89495492503845,40.078332124284834,18.76790262695456,93.795,94.82,80.0,16.0,64.0,107.67179327024283,112.33,0.0,1.0,34346.433647989936,2980.9199999999973,8.144336845417177,-7.163227576254613,1718.0534918285375,-4978095.622033547,37.215511384915274,110.2757612282132,50.49945470507693,160.51352611864252,104.37,118.39997932999214,90.34002067000787,26.885080636183062,0.5677121453749517,0.0,0.0,110.429,109.24300000000001,111.61500000000001,-2.1479864890563167,2.2533726812816246,0.0,1.0,94.8,112.33,103.565,16.796014180320014,0.6543069024529378,2.6790279323833444,2.0781291052194786,58.246811099528,0.02363015397617562,0.13641612015775265,0.3522874957686708,33.88236153405491,-12.894180855204269,-47.08737864077659,26.434223076943642,-147.0873786407766,8.532558823529428,-3.3030027297543305,3.469123165736063,3.945386249447702,-0.4762630837116393,3.332376033534478,3.9075722540127793,-0.5751962204783014,108.69065013906925
110.04,2020-12-15,110.61,107.92,108.31,2899400,3.395570419497858,3.8929401131629726,-0.49736969366511463,108.96,102.50884615384615,107.13433913582163,103.73876871632378,0.5153601694915262,0.6880296610169498,-0.17266949152542366,0.5973341717992855,24.926932147262455,2.8715000000000117,158.39187970687954,148.12013503791698,10.271744668962555,110.27,103.52,106.895,101.63,12.498763488775385,23.612835676004845,44.58031534814282,36.48501741937397,30.33550455668072,93.795,94.815,76.0,12.0,64.0,107.67179327024283,112.2484,0.0,0.0,34346.433647989936,3090.9599999999973,7.659370829865377,19.798090648924706,-2915757.906215924,-617373.0887454199,38.92404624894088,110.31774617152846,50.47632069813231,160.51352611864252,105.01849999999999,118.43234847834529,91.60465152165469,25.545686671101382,0.6081531524932633,0.0,0.0,110.26733333333334,109.08833333333334,111.44633333333334,-2.1384393081057587,1.4954763924229577,0.0,1.0,94.8,112.33,103.565,16.692297071468364,0.74843126069595,2.8451251391450105,2.2226282048620947,61.62889386554024,0.182498505973663,0.07596713591449303,0.1895953793812891,32.34464722542425,-7.525663059382971,-7.03883495145611,0.5750743293351755,-107.03883495145611,7.634852941176476,-1.11783030969397,3.2731932926475436,3.81094765808767,-0.5377543654401267,3.2181039521090513,3.769678593632034,-0.5515746415229827,108.67654394188946
112.85,2020-12-16,113.48,109.39,109.39,3202200,3.3239854431162286,3.779149179153624,-0.45516373603739524,109.085,103.02923076923076,107.48136388415676,104.15737844104054,0.5360474978795597,0.7237772123268311,-0.18772971444727138,0.5805797897382071,25.057617551973195,3.4059999999999917,154.80654877383694,152.58871456440946,2.2178342094274797,110.27,103.52,106.895,101.63,6.2493817443876925,23.020876671514507,46.45954364417283,34.11167444214777,49.12888828473663,94.59,93.305,72.0,8.0,64.0,107.67179327024283,112.16843200000001,0.0,0.0,34346.433647989936,3203.809999999997,7.444721383964098,40.66829198479259,-7157953.035002226,-899720.2602435446,40.46119876932635,110.27878147100881,50.494724965731166,160.51352611864252,105.81400000000001,118.24760993436769,93.38039006563233,23.50087877666033,0.6438037713454235,0.0,0.0,110.16733333333335,108.67733333333334,111.65733333333333,-2.7049760667106306,0.7608501118568235,1.0,1.0,94.8,112.33,103.565,16.5668059047007,0.8322875071306334,3.11661262523051,2.264799994049308,64.39591504655775,0.3501267002797332,0.18541845340985727,0.13260056982736756,31.834912031890138,-4.060837030382193,28.64077669902926,-8.495145631067828,-71.35922330097074,7.130382352941169,1.3903049402168874,3.191310584874031,3.687020243444943,-0.49570965857091176,3.2970697076090474,3.675156816427437,-0.3780871088183897,108.69278042810959
113.05,2020-12-17,114.17,112.31,113.27,2074500,3.462954644605105,3.7159102722439203,-0.2529556276388152,109.34250000000002,103.73653846153846,108.22423097890189,104.76127633429678,0.4487577639751557,0.7771739130434786,-0.3284161490683229,0.5689752844518375,25.226437928462996,4.190499999999986,151.51410488539838,154.92928821412136,-3.415183328722975,110.74,103.99,107.365,102.1,28.12682982815842,23.600124986880292,54.81449880922769,28.788568701789742,85.12721364075733,94.59,92.5,100.0,4.0,96.0,108.25,112.16843200000001,1.0,0.0,34346.433647989936,3316.8599999999974,7.444744760392752,82.0165359869651,-1819106.5900044315,-1044566.1033746296,43.478896913580854,110.47643443840323,57.78517814363732,160.51352611864252,106.74950000000001,118.13797044163557,95.36102955836445,21.336812709446995,0.7441284818930177,0.0,0.0,110.29533333333333,109.05833333333332,111.53233333333333,-2.243068609732661,-0.3143357585556485,1.0,0.0,94.8,113.27,104.035,17.302188769034043,0.9480238224147269,3.282951362707459,2.2572461367610837,69.15423755642954,0.61877015000685,0.38379845208674873,0.21506134713703295,32.8701919504981,14.084694618931662,81.02766798418986,34.209869910587656,-18.972332015810146,7.078235294117647,2.8291521699322497,3.305567444171546,3.6107296835902636,-0.30516223941871745,3.3329123739051703,3.606707927922984,-0.27379555401781364,108.76006029052361
111.88,2020-12-18,113.54,111.53,113.11,3392400,3.470147555804573,3.666757728956051,-0.19661017315147822,109.39166666666667,104.405,108.7328108283016,105.26266327249702,0.41800972115630636,0.7449475569199292,-0.32693783576362284,0.558522945070336,25.39287316473149,2.9990000000000094,147.6176561361835,155.27435300117904,-7.656696864995524,110.74,103.99,107.365,102.1,51.56662334802607,23.84195178560196,52.97877675160076,30.461762901447315,80.46853441389653,94.59,92.5,96.0,0.0,96.0,108.3504,112.16843200000001,0.0,0.0,34346.433647989936,3204.9799999999973,7.704386694599196,57.83325941739865,151814.4440471943,-1094100.411930029,42.7018832905731,110.73894075353797,57.55009041126028,159.39874960388389,107.701,117.18977420955979,98.2122257904402,17.62058701323069,0.7017647335386245,0.0,0.0,110.374,109.285,111.46300000000001,-1.9732908112417884,-0.030762167125800145,1.0,0.0,96.92,113.27,105.095,15.180917540227107,0.8935779816513765,3.077656226436713,2.2114890909911815,66.59396980941506,0.4799313465824269,0.48294273228967005,0.35071987926209197,32.935748244799846,10.328465790221932,65.61264822134399,58.427030968187694,-34.38735177865601,7.47982352941176,0.5318190012619465,3.2966556687068467,3.5479148806135803,-0.2512592119067336,3.23561444166507,3.532489230671401,-0.29687478900633124,108.78598521719718
111.52,2020-12-21,112.53,110.34,111.28,2369100,3.3413084115214815,3.6016678654691376,-0.26035945394765614,109.36166666666668,105.0876923076923,108.98007070087057,105.63876228934909,0.5194038245219355,0.7488751406074247,-0.2294713160854892,0.5457883822328043,25.42891448952102,2.252999999999986,143.11775641329757,154.0510611702039,-10.933304756906324,110.74,104.035,107.38749999999999,102.39,69.53705484695104,23.59714965010222,52.97877675160076,35.01507635983333,47.30718853532613,94.75,92.5,92.0,16.0,76.0,108.448792,112.16843200000001,0.0,0.0,34346.433647989936,3093.4599999999973,7.721307046580776,30.612965214913174,1591642.7546628427,-739414.0969321531,41.51198998832259,110.79802213206568,50.317890792891845,157.698000818547,108.51700000000001,115.68165798206776,101.35234201793226,13.204673889008637,0.6272217044109248,0.0,0.0,110.30633333333333,109.12433333333334,111.48833333333334,-2.1431226372616905,0.4857586012408369,1.0,1.0,98.06,113.27,105.66499999999999,14.01623708727664,0.8073635765943462,2.8698906037930416,2.2545748011453925,62.77546312472576,0.27286046519174534,0.45718732059367406,0.4413095016566975,31.83948199648028,11.023743423732757,42.094861660079225,62.91172595520434,-57.905138339920775,7.649147058823544,-0.3252032520325198,3.1629567964545955,3.470923263781784,-0.30796646732718846,3.095336066680954,3.4450585978733117,-0.3497225311923575,108.80125667718322
108.98,2020-12-22,111.37,108.13,111.37,1882100,3.0259921769803384,3.4865327277713782,-0.46054055079103984,109.14166666666667,105.65461538461538,108.84929059304432,105.82329841606398,0.5693606755126667,0.7273823884197835,-0.15802171290711686,0.5267015719142472,25.429171543564113,2.0379999999999967,137.71815951764856,151.75409695646582,-14.035937438817257,110.74,104.035,107.38749999999999,102.39,34.76852742347552,22.852458379422085,50.455656526790214,38.71108434399778,-13.585947036034625,95.535,92.5,88.0,12.0,76.0,108.54521616,112.16843200000001,0.0,0.0,34346.433647989936,2984.4799999999973,7.619101668560636,-8.166858387217399,-0.0,-681409.9761760833,39.32922943004816,110.69334974435844,43.170189075833186,154.5394673600642,109.162,112.95532360865869,105.36867639134132,6.949897599272058,0.3639715317664493,0.0,0.0,110.26333333333332,109.14433333333332,111.38233333333335,-2.0296865080564963,1.453232052427754,0.0,1.0,108.21,113.27,110.74,4.635312654586763,-0.015810276679841553,2.6859015434137374,2.4642531232494407,56.317013692663984,0.0,0.2509306039247241,0.39702021893602263,28.8617597376983,5.835792363407299,-1.5810276679841553,35.37549407114634,-101.58102766798415,7.5061470588235295,-2.383316782522344,2.8594763367543954,3.3486338783763068,-0.4891575416219114,2.76550744313614,3.3091483669258777,-0.5436409237897375,108.79455894257367
107.62,2020-12-23,109.43,107.52,109.43,1535200,2.695804333086528,3.3283870488344087,-0.6325827157478807,108.835,106.13807692307691,108.64478434796058,105.94898001487405,0.6132561132561135,0.7532175032175037,-0.13996138996139018,0.5020347087706782,25.33352131265788,-0.2790000000000106,128.0405879756559,148.4631332990746,-20.42254532341869,110.74,104.035,107.38749999999999,102.39,17.38426371173776,21.370792371294772,47.388076441555924,45.430409940425456,-96.01155026168449,95.535,92.5,84.0,8.0,76.0,108.63971183679999,112.16843200000001,0.0,0.0,34346.433647989936,2876.8599999999974,7.536799427386992,-16.378478617614906,-0.0,-584170.4114240337,38.72210652243695,110.46809781153071,36.020343655588704,153.66765495749658,109.28900000000002,112.66037894636712,105.91762105363291,6.169658330421362,0.23764444339515117,0.0,0.0,110.07333333333334,109.10233333333333,111.04433333333334,-1.7642783598812977,1.8147957432200474,0.0,1.0,108.21,113.27,110.74,4.6299261590828,-0.13636363636363585,2.547311389072365,2.7144964022542504,54.64585456718216,0.0,0.09095348839724848,0.2663571376385488,25.929060831069545,3.2295121981293815,-13.636363636363585,8.959156785243813,-113.63636363636358,6.695735294117654,-3.3093525179856176,2.5444363246423585,3.1877943676295173,-0.6433580429871588,2.37684294086997,3.1226872817146965,-0.7458443408447266,108.76340510482233
109.03,2020-12-24,109.04,107.49,107.88,651800,2.4039955741031918,3.143508753888166,-0.7395131797849741,108.70833333333333,106.67692307692307,108.4671252175051,106.06312964340191,0.5989268947015431,0.7112676056338031,-0.11234071093225995,0.4737215020755397,25.236903030429055,0.6115000000000066,118.84177443465727,144.17879935055703,-25.33702491589976,110.75999999999999,104.035,107.3975,102.39,8.69213185586888,19.844801708862313,46.54416834299983,46.55061338526455,-112.53652979345158,95.535,92.5,80.0,4.0,76.0,108.732317600064,112.16843200000001,0.0,0.0,34346.433647989936,2767.829999999997,7.515212480735861,-14.505967386527082,1032009.5386591005,-520156.1693918743,38.69168520547266,110.1954581449923,36.19107397593645,153.66765495749658,109.1685,112.6153436285981,105.72165637140189,6.314721973093159,0.2565163696325444,0.0,0.0,109.91366666666667,108.83566666666665,110.99166666666667,-1.961539511313443,1.6241496598639362,0.0,1.0,108.21,113.27,110.74,4.635036663506416,-0.14229249011857678,2.4445802501651297,2.9465962745063634,54.56010548275504,0.0,0.0,0.11396136410732412,23.536024840220026,-2.3093671010703605,-14.229249011857679,-9.815546772068487,-114.22924901185768,5.284176470588221,-1.3943674892211817,2.266570468159613,3.0035495877355363,-0.7369791195759232,2.148186272583253,2.927787079888408,-0.779600807305155,108.7555454265601
107.93,2020-12-28,109.69,107.64,109.51,1299100,2.159940329041021,2.946795068918737,-0.7868547398777164,108.53000000000002,107.21692307692307,108.33987518404278,106.17993485500176,0.5700066357000668,0.727936297279363,-0.15792966157929622,0.4436003554665809,24.980032409410626,-1.3035000000000139,110.45707538149779,138.9450603583395,-28.487984976841716,111.155,104.035,107.595,102.39,4.34606592793444,19.036277828363893,49.8619577002003,42.027916452091965,-64.87556583215039,95.535,92.5,76.0,0.0,76.0,108.82307124806272,112.16843200000001,0.0,0.0,34346.433647989936,2875.759999999997,7.907706653849628,-10.120900617023127,-190123.2280181522,-534451.0046988558,38.84229921607831,109.9717760601838,35.893918983823696,153.88209488905883,109.09350000000002,112.60424507761635,105.58275492238369,6.436213115568451,0.29299265998161106,0.0,0.0,110.06933333333333,109.00133333333333,111.13733333333334,-1.9405950188971888,1.637328339575528,0.0,1.0,108.21,113.27,110.74,4.638223175532915,-0.11264822134387212,2.420122225148617,3.1491959364220667,54.94082939179714,0.025623204697066325,0.00854106823235548,0.033164852209867916,21.659335525892452,-8.925436278007696,-11.264822134387211,-13.043478260869506,-111.26482213438722,4.135205882352935,-1.9493532519584629,2.034226459067444,2.809684962001918,-0.775458502934474,1.8643646150105153,2.7151025869128294,-0.850737971902314,108.7302140166598
109.1,2020-12-29,109.62,107.6,108.78,1681200,1.9409233669092032,2.7456207285168306,-0.8046973616076274,108.51416666666667,107.7976923076923,108.22604823265158,106.28512486574238,0.5313394845688835,0.6875596563792554,-0.15622017181037195,0.4126615110427444,24.532908859733205,-3.0489999999999924,102.37515636056615,132.7209799865269,-30.34582362596076,111.155,105.095,108.125,102.39,2.17303296396722,18.255038692727645,47.081837048923745,40.02695686725764,-75.9757155247179,95.535,92.5,72.0,0.0,72.0,108.91200982310146,112.16843200000001,0.0,0.0,34346.433647989936,2766.659999999997,7.793385107107983,-9.298486243162777,307974.3354720442,-550069.3187856908,38.8017566668401,109.8256962445779,35.95008892877574,153.88209488905883,109.079,112.61183398987374,105.54616601012624,6.477569449433441,0.2906779650219493,0.0,0.0,110.18933333333334,109.07433333333333,111.30433333333335,-2.023789356501553,1.6611360239162878,0.0,1.0,108.21,113.27,110.74,4.638839740004952,-0.1205533596837943,2.376110002633756,3.301006257115615,54.80894975808638,0.01674753713406256,0.014123580610376331,0.007554882947577196,20.060401290569175,-25.212646272603113,-12.05533596837943,-12.516469038208122,-112.05533596837944,3.312000000000012,-0.17626867056314308,1.8261477035106708,2.6129775103036685,-0.7868298067929977,1.7063708613946953,2.5133562418092024,-0.8069853804145071,108.70900345555037
107.8,2020-12-30,109.81,107.47,109.15,1145900,1.73683972573005,2.5438645279594745,-0.8070248022294244,108.63416666666667,108.315,108.10973311993595,106.3728933942059,0.5100780234070219,0.7155396618985694,-0.20546163849154753,0.3814862836114249,24.020175322387544,-2.721500000000006,93.52228960019055,125.91161785612174,-32.38932825593119,111.155,105.66499999999999,108.41,102.39,1.08651648198361,17.673249584119343,45.32991693228618,37.00578475965283,-62.30343960009216,95.04249999999999,92.5,68.0,0.0,68.0,108.99916962663943,112.16843200000001,0.0,0.0,34346.433647989936,2658.859999999997,8.02114311683182,-9.972131065568025,-171428.57142857125,-602841.5227421431,38.67151503115237,109.69146951463576,43.044510161982764,153.69617785991778,108.9915,112.59206814961296,105.39093185038705,6.607062293138371,0.28871390058766727,0.0,0.0,110.17566666666667,109.22466666666666,111.1266666666667,-1.726334005996511,1.9225376796354565,0.0,1.0,108.21,113.27,110.74,4.642563869659563,-0.14624505928853648,2.3594990023703812,3.479471562155962,54.35231536931664,0.0,0.014123580610376331,0.012262743151035973,18.5894586154373,-20.52894654514484,-14.624505928853647,-12.648221343873443,-114.62450592885367,2.5200294117647104,1.3581061963595187,1.6327841335419153,2.416938834951318,-0.7841547014094026,1.4680829208679973,2.3043015776209614,-0.8362186567529641,108.69829900464987
108.04,2020-12-31,108.3,106.9,107.94,1121300,1.5116820042850776,2.337428023224595,-0.8257460189395176,108.68666666666667,108.76384615384615,107.9236203322535,106.41193832796843,0.5333115610711952,0.7354670150228609,-0.2021554539516658,0.34970424420224133,23.12611890123665,-0.8695000000000022,84.74855687861782,118.49322363314612,-33.744666754528296,110.705,110.74,110.7225,102.39,0.543258240991805,16.442962614690565,44.239521172120355,43.8438225945778,-98.606805629788,95.04249999999999,92.5,64.0,48.0,16.0,108.99916962663943,113.27,0.0,1.0,34346.433647989936,2550.819999999997,8.241022009877334,-17.345083770486774,453165.49426138616,-573114.2748934,38.09849186189584,109.54901436183289,43.107517353181606,153.69617785991778,108.7895,112.38344198617719,105.19555801382282,6.6071486424281485,0.23712708673828273,0.0,0.0,109.87166666666667,109.29366666666665,110.44966666666667,-1.052136583589964,3.070645905420939,0.0,1.0,108.21,113.27,110.74,4.651184167589705,-0.2588932806324086,2.206549102133343,3.6183473640791597,52.295033645489326,0.0,0.00558251237802089,0.011276557866257775,16.783799740791398,-16.234145146232077,-25.88932806324086,-17.523056653491327,-125.88932806324087,1.9033235294117787,0.5928295850192996,1.4205943694268368,2.2176699418464216,-0.7970755724195848,1.28229249075688,2.099899760248145,-0.817607269491265,108.59621891493204
106.94,2021-01-04,108.34,105.31,107.63,1664800,1.1912116298847621,2.108184744556629,-0.9169731146718667,108.46916666666668,108.77653846153846,107.5215248965222,106.33031326663743,0.44816687737041727,0.6469658659924147,-0.1987989886219974,0.3152540396505214,22.50321309061686,0.8699999999999903,73.87215044633237,110.299278556496,-36.427128110163636,109.83500000000001,110.74,110.2875,102.39,0.2716291204959025,15.300553285935269,42.52837274582105,42.14797946499761,-112.92370948842661,100.24499999999999,97.21000000000001,60.0,44.0,16.0,108.99916962663943,113.1706,0.0,0.0,34346.433647989936,2443.879999999997,8.571284832969079,-39.15787180327443,89629.6988965772,-616172.5007984523,36.50789691334579,109.52776255171425,43.10490887882369,151.41014490578056,108.52000000000001,112.30381817745082,104.7361818225492,6.973494613805402,0.07582528421561067,0.0,0.0,109.256,108.697,109.81500000000001,-1.0232847623929204,4.029516994633249,0.0,1.0,108.21,113.27,110.74,4.662734979727241,-0.5731225296442668,2.1298941919200085,3.7846067244835773,46.95587739660754,0.0,0.0,0.006568697662798999,13.68756800870002,-12.776716652943444,-58.56573705179283,-33.02652368129579,-158.5657370517928,1.417882352941163,-2.418458117123795,1.120293539338721,1.9981946613448818,-0.8779011220061608,1.0413748448054583,1.8881947771596077,-0.8468199323541494,107.24209213966103
107.13,2021-01-05,107.75,106.14,106.31,1620900,0.9927666171222995,1.885101119069763,-0.8923345019474636,108.19833333333332,108.63192307692307,107.30898260474956,106.31621598762726,0.49843063402385446,0.6362209667294417,-0.13779033270558727,0.28148923133950343,22.343775096496636,4.021500000000003,64.71209551113478,101.58753845625569,-36.87544294512091,109.56,110.50999999999999,110.035,102.39,0.13581456024795124,14.449925026962356,40.23265855285484,43.05766446408249,-116.11987645045411,102.1075,99.05000000000001,56.00000000000001,100.0,-43.99999999999999,108.99916962663943,113.07318799999999,0.0,0.0,34346.433647989936,2551.009999999997,8.558379030195505,-20.861332974235253,1283674.0408849018,-524604.2159846612,37.35224123012483,109.47721885315282,36.24024937730575,151.41014490578056,108.2885,112.05987786491981,104.51712213508019,6.965426365532467,0.2151571551627485,0.0,0.0,108.65666666666667,107.99666666666667,109.31666666666668,-1.2148357210786336,2.4065656565656504,0.0,1.0,107.75,113.27,110.50999999999999,5.097494193750949,-0.2916666666666668,2.1609047727280073,3.882662513118461,49.83511594401251,0.12970501094113498,0.04323500364704503,0.016272505341688566,11.737546452287276,-4.483515599330583,-29.16666666666668,-37.873910593900135,-129.16666666666669,0.527558823529418,-2.9710211171039402,0.9337866363093985,1.7853130563377853,-0.8515264200283867,0.8546555205360897,1.6814869258349041,-0.8268314052988144,106.95981293064568
112.97,2021-01-06,113.25,106.79,106.9,3097300,0.8778280274408985,1.6836465007439902,-0.8058184733030918,107.73833333333333,108.54153846153847,107.22913912709578,106.35131109965488,0.4813745307536817,0.706901530464915,-0.2255269997112333,0.25031948777080143,23.167132851392644,3.4620000000000175,56.21164877547209,92.53125948490275,-36.319610709430656,108.63,110.50999999999999,109.57,102.39,0.06790728012397562,13.467606956614167,41.81507406829628,41.23581732015717,-17.342004335500302,102.1275,99.07,52.0,96.0,-44.0,108.99916962663943,112.86026048,0.0,0.0,34346.433647989936,2663.979999999997,8.195241836975653,-7.391071120772985,-17115827.210763916,-1538894.8805952321,38.04406806261022,109.47865949110874,36.3628037618019,151.41014490578056,108.06799999999998,111.64326838153544,104.49273161846453,6.616701302023636,0.3212721586720265,0.0,0.0,108.41633333333334,107.24633333333334,109.58633333333334,-2.158346374623753,1.1950142450142447,0.0,1.0,107.75,113.27,110.50999999999999,5.107895029055777,-0.17391304347825987,2.6558142954552064,4.02232592961053,52.031056012940184,0.22862853741415015,0.11944451611842842,0.054226506588491076,10.629179724802201,-2.7717078571443925,-17.391304347825987,-35.04123602209518,-117.39130434782598,0.28549999999998477,-4.9149675006677915,0.8254040484920239,1.593331254768633,-0.767927206276609,1.1276572331243255,1.5707209872927885,-0.443063754168463,106.93549639249788
114.75,2021-01-07,115.0,111.89,112.99,2508400,1.184610294471824,1.5838392594895572,-0.3992289650177332,107.76833333333333,108.69538461538461,107.94619464600413,106.7615843515323,0.4214055793991419,0.7352467811158799,-0.313841201716738,0.23121842599262452,23.6676039352499,2.127999999999986,53.584955675790425,84.25841145158437,-30.67345577579394,110.37,110.50999999999999,110.44,102.39,4.4489431264240915,14.72156874343244,57.10193309645081,30.061239369270567,156.4835767674689,102.1275,99.07,48.0,92.0,-44.0,107.75,112.86026048,1.0,0.0,34346.433647989936,2778.729999999997,7.878634545057523,77.2683676107659,-6866405.228758178,-1518070.0372920858,43.52421601653848,109.66989996139013,36.5523159808345,151.41014490578056,108.21200000000002,112.14184274494633,104.2821572550537,7.263229114971191,0.9679576561593725,0.0,0.0,108.71666666666665,107.34566666666667,110.08766666666668,-2.5221523838724558,-0.6573061026015025,1.0,0.0,107.75,113.27,110.50999999999999,5.101097844970978,0.7500000000000007,3.211232865909685,3.9999815345338963,64.98313393053476,0.8120985696301892,0.39014403932849145,0.18427451969798825,13.762392990728767,12.334443315216765,75.00000000000007,9.480676328502453,-24.999999999999936,0.6254117647058877,0.3227831076840307,1.10958478339107,1.4965819604931203,-0.3869971771020504,1.4559843518504039,1.5477736602043115,-0.09178930835390764,107.37526077114464
112.97,2021-01-08,115.45,112.19,114.72,1928200,1.435398563006359,1.5541511201929177,-0.11875255718655864,107.92250000000001,108.80961538461537,108.59908777738812,107.16368921438176,0.437603993344426,0.6957848031059348,-0.2581808097615088,0.22105455521959044,23.965839054387324,-0.20250000000001478,51.99086087764792,76.83053216747221,-24.839671289824295,111.235,111.235,111.235,103.11500000000001,25.906918043163977,16.306930184210906,57.5755228854795,26.527516083592158,162.79041464334915,102.1275,99.07,100.0,88.0,12.0,107.8548,112.86026048,0.0,0.0,34346.433647989936,2891.6999999999966,8.185751057624598,71.07160080922787,-704346.2866247738,-1438444.301336396,43.82711171767353,109.73367300942738,36.58588814002578,151.81610650620718,108.33250000000001,112.58205938892579,104.08294061107424,7.8454007595611195,0.9538705836248009,0.0,0.0,109.24933333333334,107.80533333333332,110.69333333333334,-2.6434943920329212,-0.5182363804247387,1.0,0.0,107.75,114.72,111.235,6.433895645351116,0.6370157819225248,3.246109579318717,3.9999815345338963,65.57201375248542,0.9479605230769185,0.6628958767070859,0.3908281440513352,16.426752338185302,10.65431885066575,63.70157819225249,40.43675794814217,-36.29842180774751,1.4263529411765035,1.6766358528185556,1.3394448936288799,1.4651545471202723,-0.1257096534913924,1.564859394022839,1.5511908069680171,0.013668587054821879,108.01315319882566
112.43,2021-01-11,113.1,111.17,112.5,2144600,1.534159758433617,1.5501528478410578,-0.015993089407440708,108.17583333333333,108.81846153846155,108.99461273471303,107.46045297627941,0.4944040290990488,0.739787353105764,-0.24538332400671525,0.2149377126035168,23.895719810695695,-0.9814999999999969,49.055791521561034,70.0081672941459,-20.952375772584872,111.235,111.235,111.235,103.11500000000001,62.95345902158199,16.692478186248216,56.788037578735064,36.533063753936915,83.24904472915259,102.4125,99.355,96.0,84.0,12.0,108.129408,112.86026048,0.0,0.0,34346.433647989936,2779.269999999997,5.258491480190749,44.5358578364811,1219425.4202614867,-1362186.3744639463,42.80492970501643,109.70036854647923,36.583901348021385,150.43583706475667,108.5015,112.91691968560262,104.08608031439736,8.13890994244804,0.802179655617018,0.0,0.0,109.66133333333332,108.27333333333334,111.04933333333334,-2.531430099944067,-0.04346781940441826,1.0,0.0,107.75,114.72,111.235,6.4238743243180965,0.4906743185078913,3.012498621386845,4.003054070873542,61.76854073131034,0.7956894519643886,0.8519161815571654,0.6349853658642476,17.484141418077453,8.968126069063812,49.06743185078913,62.58967001434721,-50.93256814921087,1.8406764705882352,2.8114306852862354,1.4276505597573315,1.4576537496476842,-0.030003189890352777,1.5922483867454356,1.5594023229235008,0.03284606382193478,108.2571187286928
114.18,2021-01-12,114.42,112.05,112.38,1482200,1.6642528915070045,1.5729728565742471,0.09128003493275738,108.55333333333334,108.87038461538462,109.46467231398795,107.80041942248094,0.4245854172150566,0.7312450644906557,-0.30665964727559913,0.21296652660805232,23.907881740475037,-1.3125000000000142,47.80876123675068,63.94523450261085,-16.136473265860175,111.235,111.235,111.235,103.11500000000001,81.47672951079099,17.05048704528286,53.70064113801213,34.54686990375807,94.108627031965,102.9425,99.355,92.0,80.0,12.0,108.39303167999999,112.86026048,0.0,0.0,34346.433647989936,2893.4499999999966,4.605270243045105,52.527649574126585,-1071991.592222812,-1552445.970670065,43.70875627693331,109.81944268022626,44.107391374080265,150.43583706475667,108.80250000000001,113.32248174775157,104.28251825224845,8.308599062983953,0.8592381763062915,0.0,0.0,110.06166666666665,108.48766666666668,111.63566666666668,-2.860214728106967,-0.13161795849215946,1.0,0.0,107.75,114.72,111.235,6.406102800946669,0.6169296987087515,3.036248759248161,3.97564895543235,63.7235711962979,0.9007075087520031,0.8814524945977701,0.798754850954007,18.963477422157236,12.767588983673262,61.692969870875146,58.1539933046389,-38.307030129124854,2.5912941176470525,4.213169642857144,1.5438278444767697,1.4748885686135014,0.06893927586326831,1.7206694206447513,1.591655742467751,0.12901367817700016,108.60656686945514
112.47,2021-01-13,114.08,112.31,113.79,1229500,1.7679526066897893,1.6119688065973556,0.15598380009243362,108.955,108.92961538461539,109.90241503491288,108.13446242822309,0.40010259040779683,0.75378302128751,-0.3536804308797131,0.21388096150049862,23.919388217925096,-1.4644999999999868,47.23151035810968,58.80181458682408,-11.570304228714399,111.235,111.235,111.235,103.11500000000001,90.7383647553955,17.784268855997244,55.82328700298256,31.864086723599637,96.83679255077003,103.2275,99.89,88.0,76.0,12.0,108.6461104128,112.86026048,0.0,0.0,34346.433647989936,3005.9199999999964,4.692802518817933,49.201156777822874,-137947.89721703285,-1562299.3918998528,43.96973084185968,110.04665742276592,51.42575388018246,150.78490728016797,109.10449999999999,113.71353666724481,104.49546333275516,8.448847970972459,0.8477407787597608,0.0,0.0,110.53433333333332,109.01533333333334,112.05333333333333,-2.748467293721694,-0.0844854070660554,1.0,0.0,107.75,114.72,111.235,6.388370782140059,0.6542324246771883,2.935623883323345,3.849201046366051,64.30436651495617,0.9319059973940834,0.8761009860368251,0.8698232207305868,20.338621878012418,17.87448394454694,65.42324246771884,58.72788139646102,-34.576757532281164,2.8619705882352946,4.484138059354366,1.6349575953765076,1.5069023739661027,0.12805522141040493,1.677831071515452,1.6088908082772915,0.0689402632381606,108.9736584900568
109.97,2021-01-14,112.96,109.65,112.67,1996000,1.6168574820416524,1.6129465416862152,0.003910940355437154,109.12249999999999,108.86999999999999,109.86358195261859,108.24672447057694,0.39306207616066785,0.7376108502869076,-0.3445487741262398,0.21134640321334328,23.899896538535092,-1.5910000000000082,45.69300995099369,54.46230937264363,-8.76929942164994,111.235,111.235,111.235,103.11500000000001,95.36918237769774,17.939621832910646,54.873819732882446,36.61364419617603,40.185347926818864,106.52250000000001,100.69999999999999,84.0,72.0,12.0,108.889065996288,112.86026048,0.0,0.0,34346.433647989936,2895.9499999999966,5.711675755195645,0.3838200952768034,295353.2781667659,-1541202.7291736554,41.365152442785686,110.25581633467252,51.25016137835325,147.21365046096,109.191,113.77272412962711,104.6092758703729,8.392127793732277,0.5500903139313802,0.0,0.0,110.82933333333332,109.34733333333334,112.31133333333335,-2.6743822333437715,0.8978857399910034,1.0,1.0,107.75,114.72,111.235,6.383309979760235,0.27259684361549585,2.7070614949910095,3.730648634735038,54.66212390423362,0.4139552031801109,0.7488562364420659,0.8354699056922202,18.59092718138477,9.169492580295197,27.259684361549585,51.458632233381174,-72.74031563845041,2.5455294117647043,1.8673355629877417,1.4936779749683218,1.5042574941665465,-0.010579519198224752,1.4456622370254346,1.5762450940269201,-0.13058285700148553,108.99080586708611
108.34,2021-01-15,109.7,107.79,109.31,1881900,1.3316763162114285,1.556692496591258,-0.22501618037982962,109.13833333333334,108.82307692307693,109.54456934452341,108.21289302831198,0.4620559741657693,0.8304628632938655,-0.3684068891280962,0.2027923293014947,23.78176162209298,-1.6409999999999911,42.61387726478661,50.98916790802744,-8.375290643240831,111.235,111.235,111.235,103.145,77.51941508601959,16.76881267745478,54.873819732882446,53.20051171474325,-45.98469941955267,106.5375,101.12,80.0,68.0,12.0,109.12230335643648,112.86026048,0.0,0.0,34346.433647989936,2787.6099999999965,6.103930781208214,-28.458497061191306,1191526.675281521,-1529808.6479863396,39.52737405701277,110.31262665423965,51.24664420068998,144.71645584301757,109.11099999999999,113.73173976761375,104.49026023238623,8.469796386457382,0.35705752039330113,0.0,0.0,110.95133333333334,109.46633333333334,112.43633333333332,-2.6768493093067693,1.5644219977553335,0.0,1.0,107.75,114.72,111.235,6.387990211802659,0.005738880918221845,2.470355345491909,3.7093215228547476,49.11614911973811,0.1160429684137162,0.4873013896626368,0.7040862040471758,15.282136766149906,2.6105327909063205,0.5738880918221845,31.085604973696856,-99.42611190817783,1.5027647058823561,0.17657992565056874,1.2306078129368734,1.449527557920612,-0.21891974498373856,1.1299977851331797,1.486995632248172,-0.3569978471149924,108.9788242142537
108.05,2021-01-19,109.6,107.12,108.59,1745400,1.0396206869574343,1.4532781346644934,-0.41365744770705914,109.10916666666667,108.72076923076924,109.17155867613519,108.13193798917776,0.48436225183573556,0.7979330976339419,-0.3135708457982064,0.18898174885389035,23.828940283150303,-1.9514999999999816,39.23394056673292,48.15826180309389,-8.924321236360974,112.16,111.235,111.69749999999999,104.715,53.55353034358845,15.645043187869557,52.56943618780993,51.49132525883338,-56.02444507262136,107.32249999999999,101.63,76.0,64.0,12.0,109.34621122217902,112.86026048,0.0,0.0,34346.433647989936,2679.5599999999963,6.148827971504263,-34.73492605244972,383248.4960666359,-1488853.5248374261,38.855757951622664,110.27685681124903,44.358414507114375,143.81692874945767,108.85149999999999,113.30436099042034,104.39863900957964,8.181533539584384,0.30557443812808877,0.0,0.0,111.08566666666665,109.57066666666667,112.60066666666667,-2.7276246260393644,1.8088008800880073,0.0,1.0,107.75,114.72,111.235,6.403219064505312,-0.09038737446197928,2.404319810942717,3.748254505735295,47.25621787377232,0.016133341066227797,0.18204383755335163,0.4727338212193513,12.011372785266564,-22.994001208370577,-9.038737446197928,6.264945002391266,-109.03873744619793,0.8252941176470614,-0.3256722806364514,0.9614372092928579,1.3519094881950613,-0.3904722789022034,0.8485481103103576,1.3593061278606093,-0.5107580175502517,108.94181265916632
107.54,2021-01-20,108.45,106.32,108.23,1940200,0.7351369809953923,1.3096499039306733,-0.574512922935281,109.06083333333333,108.66423076923077,108.73285734134517,107.99772036034977,0.5058139534883719,0.8131229235880413,-0.3073089700996694,0.17044605541294205,23.863163233060884,-3.281000000000006,33.914889255970635,45.68084407870484,-11.765954822734201,111.58500000000001,111.235,111.41,104.715,34.05008742407684,14.877888352523192,49.46552106689973,54.56824790570243,-74.65070522173622,107.32249999999999,101.63,72.0,60.0,12.0,109.34621122217902,114.72,0.0,1.0,34346.433647989936,2572.0199999999963,6.634524071608492,-42.06307947352851,154454.15659289394,-1499819.2519002226,38.05262128246657,110.20881491942971,44.43065893721495,142.7428665481921,108.59100000000001,112.99592406291043,104.18607593708958,8.112871348289314,0.2422203007854444,0.0,0.0,111.179,109.78600000000002,112.572,-2.5058689140934773,2.244077530509705,0.0,1.0,107.75,114.72,111.235,6.418579808639757,-0.20516499282639986,2.296887829848445,3.8503241251000535,45.06198475817645,0.0,0.044058769826648,0.2378013323475454,8.630660124144828,-34.084157340487806,-20.516499282639987,-9.660449545671925,-120.51649928263998,-0.14861764705881342,-0.5425631431244271,0.6806967578042417,1.2176669421168973,-0.5369701843126556,0.5810412525796051,1.2036531528044085,-0.6226119002248034,108.9281648617557
107.79,2021-01-21,109.44,107.63,108.63,1431100,0.5927051659995328,1.1662609563444453,-0.5735557903449124,109.25416666666666,108.72576923076923,108.56318698113822,107.97048181513868,0.4855522549284361,0.7980016203078598,-0.3124493653794237,0.15163086198874032,23.971041418101677,-2.3155,29.76227652117398,43.033879728191906,-13.271603207017925,111.58500000000001,111.235,111.41,104.715,17.02504371203842,14.004046169030639,45.708424049615225,48.19122252348866,-41.116754143099136,106.895,101.63,68.0,56.00000000000001,11.999999999999993,109.34621122217902,114.5946,0.0,0.0,34346.433647989936,2679.8099999999963,6.6889621799913535,-15.881939548738693,-522265.51628165506,-1524879.033675443,39.380733584949645,110.19183161977321,44.42173425998501,142.7428665481921,108.4555,112.80323722757106,104.10776277242894,8.017550474749662,0.40506555976231506,0.0,0.0,111.13766666666666,110.29866666666666,111.97666666666666,-1.5098391484435196,2.590385379419947,0.0,1.0,107.75,114.72,111.235,6.426598927670795,-0.017216642754663496,2.379199046863601,3.8391065792490258,49.21996828890094,0.20272928584733962,0.07295420897118914,0.09968560545039618,7.001550920671233,-16.47373913805647,-1.7216642754663496,-10.425633668101435,-101.72166427546635,-1.0639117647058924,2.2030196562529607,0.5489511170417217,1.0839237771018622,-0.5349726600601404,0.3826200901173814,1.0394465402670032,-0.6568264501496218,108.91555586453988
107.88,2021-01-22,108.21,106.13,107.64,1160300,0.3547006936694572,1.0039489038094478,-0.6492482101399906,109.25333333333333,108.72038461538462,108.18885052250157,107.83414982883211,0.48694942903751987,0.7917346383904307,-0.3047852093529108,0.13042014996310897,23.83255685493442,-1.5654999999999717,22.34641892741261,39.740052844832434,-17.393633917419823,111.0,111.235,111.1175,104.715,8.51252185601921,13.65584239247985,45.683534872361555,54.8625844590827,-76.73760992872266,106.895,101.63,64.0,52.0,12.0,109.34621122217902,114.471708,0.0,0.0,34346.433647989936,2571.929999999996,7.002156215022159,-36.73023389891888,586484.9833147869,-1515356.2130287713,37.87724942625783,110.16506164920534,44.43713485244119,142.7428665481921,108.35549999999998,112.8190433234155,103.89195667658446,8.23870190883808,0.2507025429410394,0.0,0.0,110.54100000000001,109.846,111.23599999999999,-1.2574519861408764,3.6733812949640607,0.0,1.0,107.75,114.72,111.235,6.432529959254492,-0.23242467718794904,2.1992791421772404,3.904370513885283,45.01846127518799,0.0,0.06757642861577988,0.0615298024712056,4.295886259642143,-35.258891142991324,-23.242467718794906,-15.160210425633762,-123.2424677187949,-1.9173529411764747,-0.00942151874882713,0.3289316920775864,0.9329253600970071,-0.6039936680194207,0.2291162912236306,0.8773804904583288,-0.6482641992346981,108.52895250325334
106.37,2021-01-25,108.18,105.75,107.64,1605700,0.13387438977929378,0.8299340010034171,-0.6960596112241233,109.16666666666667,108.63692307692307,107.81364274980902,107.67976836002973,0.47633056967103415,0.7825621824017125,-0.30623161273067834,0.10758954091170894,23.322359910796862,3.623000000000019,14.651321853954524,35.91733399287615,-21.266012138921628,110.98500000000001,111.235,111.11000000000001,104.715,4.256260928009605,13.34384715535671,41.967427355033784,50.561422825906,-76.7745155480329,106.895,101.63,60.0,48.0,12.0,109.34621122217902,114.22123968000001,0.0,0.0,34346.433647989936,2465.5599999999963,7.394418176288754,-37.25742905621612,7614.929021337372,-1521214.4108770026,37.49639010278662,110.1728611089506,44.4504050902113,142.23177364997,108.26699999999998,112.86156243836201,103.67243756163795,8.487466057731412,0.22608925944890462,0.0,0.0,109.848,109.172,110.524,-1.2307916393562048,3.531065088757387,0.0,1.0,107.75,114.72,111.235,6.437788060997349,-0.2869440459110474,2.1843512279595174,3.860860109738985,43.99391081137002,0.0,0.06757642861577988,0.06936902206758289,1.7905831514840025,-37.66272782937548,-28.69440459110474,-17.88617886178868,-128.69440459110473,-2.098264705882343,-0.9738739582357957,0.12432640951797161,0.7712055699812,-0.6468791604632285,-0.0044606839793525695,0.7010122555707925,-0.7054729395501451,108.06980147429145
105.7,2021-01-26,106.78,104.94,106.26,1545600,-0.10527869036006621,0.6428914627307205,-0.7481701530907867,108.58749999999999,108.46576923076924,107.371543865223,107.47682255558307,0.4919399666481369,0.8337965536409122,-0.3418565869927753,0.0829867537464417,22.967242104333256,4.0504999999999995,8.187633043310795,31.51498641582727,-23.327353372516477,110.285,110.75,110.5175,104.715,2.1281304640048027,13.576995495766596,40.76140427413495,56.99705478033648,-108.82131717503219,106.895,101.63,56.00000000000001,100.0,-43.99999999999999,109.34621122217902,113.85876529920002,0.0,0.0,34346.433647989936,2359.8599999999965,7.615868541127902,-44.165939191042426,683822.138126769,-1564060.9753597267,36.686773081510026,110.1253075863441,44.51085477275526,141.14233878797023,108.1395,112.94969947611398,103.32930052388602,8.896285771829866,0.1674254346532024,0.0,0.0,109.22166666666666,108.55366666666666,109.88966666666667,-1.2232005249263846,3.7048403193612467,0.0,1.0,106.78,114.72,110.75,7.342367959903641,-0.2317380352644841,2.0689161051635656,3.978233372337981,41.809645932114215,0.0,0.0,0.04505095241051984,-0.9630851589439956,-27.465228386614065,-23.173803526448413,-25.036891945449366,-123.17380352644841,-2.4366470588235387,-6.211457681651625,-0.09795478490780644,0.5973734990033988,-0.6953282839112052,-0.23734438015623432,0.5133409284253871,-0.7506853085816214,107.56509714327414
101.56,2021-01-27,105.07,99.62,104.98,2897700,-0.7158370444252569,0.37114576129952503,-1.086982805724782,107.54,107.97769230769231,106.17899865518869,106.89483569961395,0.6431034482758611,0.8362068965517255,-0.19310344827586445,0.048446625500826276,22.6834879188961,3.4314999999999998,-4.1361013135900615,25.807474007860634,-29.943575321450695,108.87,109.895,109.3825,104.715,1.0640652320024013,14.365079869794387,40.662704982381236,67.21048855971031,-173.13641935672152,107.365,102.1,52.0,100.0,-48.0,109.34621122217902,113.29246407526402,0.0,0.0,34346.433647989936,2258.2999999999965,12.151438056658394,-115.0421193066077,132483.26112641225,-332038.79879613174,31.538124329842418,109.75172647058824,37.663693012073836,133.98703821286065,107.7385,113.81807983745647,101.65892016254354,11.28580746428893,-0.16768594352373567,0.0,1.0,108.249,107.776,108.72200000000001,-0.873911075391008,9.621564482029479,0.0,1.0,105.07,114.72,109.895,8.956872427219615,-0.5647668393782368,1.8750244946472088,4.818721966418494,30.94316795450368,0.0,0.0,0.022525476205259885,-7.688666388883969,-55.38093811061657,-56.47668393782368,-36.114964018458956,-156.4766839378237,-2.8800882352941386,-11.204207148587212,-0.6696647595182581,0.34396584729906743,-1.0136306068173255,-0.7245675272425506,0.2657592372917996,-0.9903267645343502,105.20320338718406
102.87,2021-01-28,103.92,101.29,101.67,2034500,-1.0528176688988253,0.08635307525985494,-1.1391707441586802,106.71666666666668,107.58384615384615,105.4268450159289,106.47966268482773,0.868473495416499,0.6859306496612213,0.18254284575527768,0.011684796906938431,22.788150580220503,4.626999999999995,-15.27813951208668,19.03290184529615,-34.31104135738283,106.61500000000001,109.32,107.9675,104.715,0.5320326160012007,15.446800349820586,35.869083558815156,65.90041418642978,-174.53543167066775,107.365,102.1,48.0,100.0,-52.0,109.34621122217902,112.47021766773761,0.0,0.0,34346.433647989936,2361.1699999999964,12.058459364930915,-74.0656879770923,4877515.310586169,506812.66829989303,33.262606361562966,108.97863587858667,30.369749035210518,133.98703821286065,107.423,114.12194946988012,100.72405053011988,12.472095305251425,0.042241658369327265,0.0,0.0,107.13899999999998,106.47,107.80799999999999,-1.2488449584184975,4.871449925261596,0.0,1.0,103.92,114.72,109.32,10.053712892024983,-0.24351851851851816,2.1175220451824877,5.4851691526506565,36.520604276796405,0.16106330412600106,0.05368776804200035,0.01789592268066671,-11.200209751482626,-40.49253433335398,-24.351851851851816,-34.667446438707984,-124.35185185185182,-3.8698529411764895,-8.887289736439682,-0.988750003852934,0.07742267706866718,-1.0661726809216012,-1.0040943930011699,0.011788511233205734,-1.0158829042343755,104.39196417875498
101.66,2021-01-29,103.39,101.34,102.25,1694300,-1.3008473015331106,-0.1910870000987382,-1.1097603014343724,105.82416666666666,107.23769230769231,104.79809962886293,106.09894693039604,0.9809564113415137,0.6969953449005518,0.28396106644096186,-0.024934110555201113,23.07653146811143,5.1935,-26.888955766493982,11.310364841820528,-38.19932060831451,106.00999999999999,109.055,107.5325,104.75999999999999,0.26601630800060033,16.135887416178637,37.24660004413974,62.20233496890841,-149.19553398253393,107.38749999999999,102.39,44.0,100.0,-56.0,109.34621122217902,111.4441915476091,0.0,0.0,34346.433647989936,2462.8299999999963,11.911611884852137,-62.75873255179344,-28034.62522132441,555120.6441144252,33.312789005456736,108.1443839855943,29.305933389160558,134.05317852197945,107.1165,114.32068565835218,99.91231434164783,13.451122204986484,0.09908723387056158,0.0,0.0,106.19566666666667,105.44166666666668,106.94966666666667,-1.420020277035782,3.719938107869155,0.0,1.0,103.39,114.72,109.055,10.577268674760656,-0.18093556928508361,2.115769840664238,6.0746856792880966,36.685484843450155,0.17212561708600047,0.11106297373733383,0.054916913926444655,-13.835476412666894,-37.12465893997211,-19.711538461538424,-33.51335808373799,-119.71153846153842,-4.645852941176486,-9.558232931726902,-1.226069946185709,-0.18327584758220805,-1.042794098603501,-1.3046483050797684,-0.2514988520293891,-1.0531494530503793,103.87206752810077
100.86,2021-02-01,102.32,100.23,102.08,1262600,-1.5688950501607621,-0.466648610111143,-1.102246440049619,104.8175,106.93384615384616,104.09531507057632,105.66421012073708,0.9088607594936697,0.6295358649789043,0.2793248945147654,-0.06188017171497465,23.326289768297684,2.8670000000000186,-35.35339029641189,3.022883634804437,-38.376273931216325,105.475,108.52,106.9975,104.75999999999999,0.13300815400030017,17.11515403553247,35.58874735515266,65.86962886983616,-144.87583831792625,107.38749999999999,102.39,40.0,100.0,-60.0,109.34621122217902,110.31660473094382,0.0,0.0,34346.433647989936,2361.969999999996,12.378234740723613,-69.78671361582295,147531.231409873,478556.77348216705,32.2080465543022,107.38990583451486,29.74018425722582,132.58486365954212,106.78299999999999,114.58881859896879,98.97718140103119,14.619964973766987,0.08024902084800697,0.0,0.0,105.45666666666666,104.71766666666667,106.19566666666665,-1.401523532572602,4.036310329273836,0.0,1.0,102.32,114.72,108.52,11.612335296816916,-0.16854838709677325,2.002192856597813,6.716126698442688,34.540598873582184,0.10783278402182536,0.1470072350779423,0.10391932561909208,-16.68828406078859,-53.76099514141545,-18.221447253705204,-20.761612522365162,-118.22144725370521,-5.537705882352952,-10.755943371026621,-1.484793241124943,-0.443579326290755,-1.041213914834188,-1.5884887024387369,-0.5188968221112586,-1.0695918803274782,103.29297464822815
104.02,2021-02-02,104.63,101.53,101.85,2766800,-1.657321120451229,-0.7047831121791603,-0.9525380082720687,104.14083333333332,106.70346153846154,103.70065121356458,105.35797233401581,0.8567404426559347,0.6257545271629792,0.23098591549295555,-0.09502202364640439,23.83980044893356,1.195999999999998,-40.270766170287985,-5.219966968113187,-35.0507992021748,105.475,108.52,106.9975,104.75999999999999,0.06650407700015008,18.024473039218172,32.20885712595058,59.61394044122692,-107.78177883721322,107.38749999999999,102.39,36.0,96.0,-60.0,109.34621122217902,109.03714797399282,0.0,0.0,34346.433647989936,2465.989999999996,12.08108214723939,-40.49918309927686,-2779465.487406267,356594.35239763453,33.5572034933424,106.63182131602338,28.756590048112017,132.58486365954212,106.59400000000001,114.71020453167657,98.47779546832345,15.228257747484019,0.1880315189054298,0.0,0.0,104.88,103.96399999999998,105.796,-1.7467581998474657,2.3286026200873113,0.0,1.0,102.32,114.72,108.52,11.632924930108642,-0.06370967741935417,2.241973570938031,7.189294381226969,39.03619287004952,0.24258795441299247,0.17418211850693943,0.1440841091074051,-17.659922290623996,-31.633748528854717,-6.887532693984229,-14.940172803075967,-106.88753269398423,-6.051647058823548,-7.4053807569539485,-1.5730381704737377,-0.6694710951273516,-0.9035670753463861,-1.5552048246869112,-0.7261584226263892,-0.829046402060522,103.13353575378792
104.94,2021-02-03,105.29,103.26,103.76,1835300,-1.5697082567705394,-0.8777681410974362,-0.6919401156731032,103.76333333333332,106.54076923076923,103.63285871917003,105.20256697594057,0.8100075244544759,0.6504890895410098,0.15951843491346607,-0.1209065703857331,24.4074934077224,0.6700000000000017,-44.00017708563243,-13.415795146647234,-30.584381938985196,104.97999999999999,108.52,106.75,104.75999999999999,0.03325203850007504,17.792239448287614,38.80419714794145,52.25682686657528,-73.11030917780202,107.3975,102.39,32.0,92.0,-60.0,109.34621122217902,107.96240429815397,0.0,0.0,34346.433647989936,2570.929999999996,12.112399347220498,-8.778414085094397,-1873499.142367084,232626.40631548804,35.345307502009796,105.93755933809348,27.924240864409597,132.58486365954212,106.45,114.69449634604851,98.2055036539515,15.489894497038058,0.3065376060522528,0.0,0.0,104.52366666666667,103.47666666666666,105.57066666666667,-2.0033740365021075,1.1034702324100543,0.0,1.0,102.32,114.72,108.52,11.648661343353691,0.07580645161290415,2.393776213844228,7.356069712432998,44.49885605304936,0.5715128493545697,0.30731119592979583,0.20950018317155913,-16.7376725045625,-19.30917266326594,9.082125603864842,-5.342284781274878,-90.91787439613516,-6.047529411764685,-4.202616198163096,-1.4920817066464982,-0.833993217431181,-0.6580884892153172,-1.4418113985151202,-0.8692890178041355,-0.5725223807109847,103.13790612551236
106.14,2021-02-04,106.21,104.52,105.11,1516600,-1.382664466060362,-0.9787474060900214,-0.40391705997034055,103.54666666666667,106.42076923076924,103.76934199314387,105.15200645920423,0.702908587257617,0.6547783933518012,0.048130193905815744,-0.13831619344900448,24.8277407904999,-0.01650000000000773,-48.160515944693756,-21.24989902132572,-26.910616923368035,104.97999999999999,108.52,106.75,104.75999999999999,0.01662601925003752,16.911042262658608,42.19745280611533,47.06727092956341,-45.82933230907154,107.595,102.39,28.000000000000004,88.0,-60.0,109.34621122217902,107.05961961044933,0.0,0.0,34346.433647989936,2677.069999999996,12.198818274538901,11.580845069918949,-1176276.61579045,127509.98531854402,36.640449861103335,105.45572618950683,35.31491209378966,132.58486365954212,106.3365,114.62154984897539,98.05145015102461,15.582701798489493,0.3903748297769958,0.0,0.0,104.19500000000001,103.119,105.271,-2.0653582225634635,0.34897769516728827,1.0,1.0,102.32,114.72,108.52,11.661094732288541,0.17741935483870983,2.449398592459804,7.373496587672064,48.143418157329194,0.9410974507640893,0.5850660848438838,0.35551979976020626,-14.806735656376615,-7.001689947655748,31.473533619456365,11.22270884311231,-68.52646638054364,-5.3627647058823555,-2.4271844660194253,-1.3149197172921219,-0.9301785174033692,-0.38474119988875266,-1.2455208223036731,-0.9445353787040431,-0.30098544359963,103.18690531011319
105.65,2021-02-05,107.52,105.15,106.75,1615300,-1.1701069153209431,-1.0170193079362058,-0.15308760738473737,103.44916666666667,106.32653846153848,103.98175091727558,105.15185783259652,0.5450221940393148,0.5818008877615731,-0.03677869372225828,-0.1478899906719509,25.12137451315109,1.6304999999999836,-50.401634823071696,-28.478005318773075,-21.92362950429862,104.535,108.52,106.5275,105.82,0.00831300962501876,16.03664916634592,45.77688292788192,41.69246756838967,-17.66352233855122,108.125,102.39,24.0,84.0,-60.0,102.32,107.05961961044933,1.0,0.0,34346.433647989936,2782.719999999996,12.39279376075947,19.434938631359245,-1075011.8315191625,-34385.62231007622,37.27726099772791,105.27268861500669,42.70495940696047,133.38402615576783,105.99950000000001,113.89260198844582,98.1063980115542,14.892715509876567,0.44618718969781884,0.0,0.0,104.10966666666668,103.01366666666665,105.20566666666666,-2.1054721143409743,0.025395377128947447,1.0,1.0,102.32,114.72,108.52,11.698168387586739,0.2282258064516138,2.5044587332138235,7.320569929162172,49.914387713698254,1.0,0.8375367667062196,0.576638015826633,-12.687303533227967,11.826405108052898,44.84944532488132,28.468368182734164,-55.15055467511868,-4.373294117647063,-1.1004514672686114,-1.1127781662058434,-0.9666984471638641,-0.14607971904197925,-1.114614354600974,-0.9785511738834294,-0.13606318071754453,103.20892027219374
107.07,2021-02-08,107.3,105.66,106.07,1681900,-0.9495549092963671,-1.0035264282082381,0.05397151891187102,103.28500000000001,106.25692307692307,104.23994308384856,105.18949799314493,0.5498745294855706,0.5837515683814309,-0.033877038895860356,-0.15057810118426582,25.449065159667484,0.45699999999999363,-50.972604633640316,-35.051365060656536,-15.92123957298378,104.535,108.52,106.5275,106.39,41.803124832632655,15.122430539447732,43.566517612322656,40.83397699791217,-13.582155055622547,108.41,102.39,20.0,80.0,-60.0,102.40859999999999,107.05961961044933,0.0,0.0,34346.433647989936,2889.7899999999963,12.0910106357724,24.4593331125935,516951.5270383911,-24835.405812093715,37.79657340856954,105.11811298935409,42.796267690592614,133.38402615576783,105.673,113.03732237208607,98.30867762791394,13.93794511764796,0.49911736617823244,0.0,0.0,104.025,102.85999999999999,105.19000000000001,-2.23984619081954,-0.20171673819741598,1.0,0.0,102.32,113.79,108.055,10.854239020374186,0.29119442022667824,2.46901285989244,7.232198160482332,51.36246931880546,1.0,0.980365816921363,0.8009895561571554,-10.515325445961304,11.191297704874566,52.93185419968308,43.08494438134024,-47.06814580031692,-3.2693823529411787,-1.8303446994332426,-0.9027088515606838,-0.9539005280432281,0.0511916764825443,-0.8919143511306049,-0.9612238093328646,0.06930945820225964,103.22034832557954
109.82,2021-02-09,109.88,106.69,107.29,1863600,-0.6837713728463797,-0.9395754171358665,0.2558040442894868,103.33166666666666,106.24884615384616,104.61687491710262,105.300646289949,0.46505608283002553,0.6407822835777975,-0.175726200747772,-0.1463475633671325,25.91031312203813,0.30100000000000193,-50.088797120404834,-40.15722015030262,-9.931576970102213,104.805,108.52,106.6625,108.52,70.90156241631632,14.795549646031848,46.20525460669148,37.389291794164656,30.461120039559873,110.7225,102.39,16.0,76.0,-60.0,102.49542799999999,107.05961961044933,0.0,0.0,34346.433647989936,2999.6099999999965,11.894745362702443,37.12437123936588,-4480968.858131483,-355937.0497209778,38.867126124829234,105.1434418461441,50.37796195924482,133.38402615576783,105.449,112.391333613419,98.506666386581,13.167187196500668,0.5893791676620987,0.0,0.0,104.221,102.849,105.593,-2.632866696730985,-0.3997813411078696,1.0,0.0,102.32,113.79,108.055,10.877296133676008,0.38099389712292936,2.644111573903196,7.094176255518458,54.239986499560004,1.0,1.0,0.9393008612091941,-7.811807938048673,14.36642894635062,69.25515055467517,55.678816693079845,-30.744849445324835,-2.0609705882352927,0.5276547630264792,-0.6493515443044778,-0.8929907312954781,0.2436391869910003,-0.5004104477068904,-0.8690611370076697,0.3686506893007794,103.2851306073177
110.25,2021-02-10,111.09,109.72,109.82,1721100,-0.22603474032463566,-0.7968672817736203,0.5708325414489847,103.66250000000001,106.41846153846153,105.40197108370221,105.62800582402684,0.44521497919556163,0.6898751733703197,-0.24466019417475804,-0.1318092174006315,26.107569857879742,-0.3925000000000125,-42.89948695626953,-43.22625875521183,0.32677179894230335,106.07,108.52,107.29499999999999,108.52,85.45078120815816,15.414254489492604,51.348414191511274,31.835594109072122,94.44299730832702,110.2875,102.39,12.0,72.0,-60.0,102.68721088,107.05961961044933,0.0,0.0,34346.433647989936,3109.8599999999965,11.905660586528521,79.5433896337422,-2154104.3083900367,-472496.96344300505,41.99823025830005,105.27200159570741,50.521231307157336,133.38402615576783,105.33250000000001,111.89568177410982,98.7693182258902,12.461836136253876,0.8342509891549579,0.0,0.0,104.91966666666664,103.42966666666666,106.40966666666665,-2.8402682687389307,-1.1108501118568315,1.0,0.0,102.32,113.79,108.055,10.889326656065329,0.6451612903225804,2.819700416512877,7.006214137316779,61.46294357053804,1.0,1.0,0.9934552723071209,-2.9483050221515352,23.892310276526285,98.66666666666674,73.61789047367499,-1.3333333333332575,-0.8323235294117808,3.7541371158392423,-0.2139912976310496,-0.7571908445625926,0.5431995469315429,-0.1570743159436506,-0.7266637727948659,0.5695894568512153,105.28988274668463
109.09,2021-02-11,111.94,108.36,110.59,1176100,0.026676692452511475,-0.632158486928394,0.6588351793809055,103.9475,106.50384615384615,105.85705245544034,105.83037576298783,0.3913504908463783,0.7049615282568328,-0.3136110374104545,-0.1131780862686964,25.427417672160136,-5.515000000000015,-38.305924078894705,-44.494810789923015,6.18888671102831,106.455,108.52,107.4875,108.52,92.72539060407908,16.23572649361738,52.93019479643624,30.4803589150881,107.02515457830852,110.035,102.39,8.0,68.0,-60.0,103.11517822719999,107.05961961044933,0.0,0.0,34346.433647989936,3000.7699999999963,11.552481210947882,46.985419686064745,-1002383.3531946084,-585987.5589079618,40.64603922658295,105.49319634146342,58.101426036000156,131.73070610863107,105.13500000000002,111.05237948757788,99.21762051242216,11.256726090413013,0.772502381059902,0.0,0.0,105.72,104.32000000000001,107.12,-2.648505486189933,-0.4428571428571415,1.0,0.0,102.32,112.67,107.495,9.84448566129263,0.5835748792270533,2.759730374861589,6.858133951653982,57.10590996836152,0.8572390027701438,0.9524130009233813,0.9841376669744605,-0.24284944495393085,19.16376021091296,73.03506650544135,80.31896124226107,-26.96493349455866,0.2917647058823576,3.259005145797601,0.02520702800135114,-0.6007112700498038,0.625918298051155,0.026189494425453843,-0.576093119350802,0.6022826137762558,105.82884411451026
108.38,2021-02-12,109.89,107.5,108.68,811900,0.15576198374569117,-0.474574392793577,0.6303363765392682,104.60416666666667,106.53115384615384,106.10981361614182,105.95405163239613,0.4691955878396557,0.7191283292978217,-0.24993274145816596,-0.0939404303713848,24.938764989215073,-3.737499999999997,-32.961342404067096,-44.2290276907736,11.267685286706502,107.61,108.52,108.065,108.52,96.36269530203954,15.95909312456266,52.05246980879472,40.598198073160404,70.66331011064938,109.57,102.39,4.0,64.0,-60.0,103.713163969024,107.05961961044933,0.0,0.0,34346.433647989936,2892.3899999999962,10.581546727137725,26.957959730912652,2210555.453035601,-428634.6643355144,39.78588049642422,105.60549637688516,57.96071121007502,130.68522431411813,105.0275,110.68530478631132,99.36969521368869,10.773949272926266,0.718503473819214,0.0,0.0,106.35633333333332,104.94933333333333,107.76333333333332,-2.6458226903898465,0.09357972044538801,1.0,1.0,102.32,110.59,106.455,7.874128204517874,0.626360338573156,2.6367573373754305,6.699962110371031,54.47608023752949,0.771070946886719,0.8761033165522876,0.9428387724918895,1.1737295313589715,13.600911880175715,62.6360338573156,78.11258900980788,-37.3639661426844,0.7260294117646993,7.91005822124071,0.14700899243202317,-0.45116721755343847,0.5981762099854616,0.11631405846213656,-0.4376116837882143,0.5539257422503508,106.03808805495719
107.65,2021-02-16,108.63,106.71,108.43,1462200,0.19210217511505334,-0.3412390792118509,0.5333412543269043,105.05583333333334,106.33192307692308,106.20214998288924,106.01004780777419,0.4555943117789106,0.695465521867455,-0.23987121008854445,-0.07638269856275874,24.575846883861104,-3.633500000000012,-26.79701839707282,-42.73194460486079,15.934926207787974,107.94,108.52,108.22999999999999,108.52,98.18134765101976,15.13606261081948,49.48420826046424,45.27984384477838,50.59701196010709,110.44,102.39,0.0,60.0,-60.0,104.26331085150207,107.05961961044933,0.0,0.0,34346.433647989936,2784.739999999996,11.058963781325067,10.957751197925035,140269.39154667154,-467459.86051980715,38.99477817084282,105.74639260520554,57.80721704064757,129.7248398749725,104.97350000000002,110.5447629627408,99.40223703725923,10.61460837781114,0.655844376007133,0.0,0.0,106.99433333333334,105.59133333333334,108.39733333333334,-2.6225687964783155,0.6013304822998373,1.0,1.0,102.32,110.59,106.455,7.878178778453618,0.530834340991535,2.486081603637887,6.507778060046402,52.102423979789215,0.6932965789620343,0.7738688428729658,0.8674617201162115,1.6343058343328862,8.178131764273433,53.08343409915351,62.91817815397014,-46.91656590084649,1.0929705882352891,5.3509724553262785,0.18121128995563535,-0.3246915160516237,0.505902806007259,0.13125853840312438,-0.3238376393499466,0.455096177753071,106.13341960568566
108.32,2021-02-17,108.61,106.28,107.19,1284100,0.1840826421410071,-0.23617473494127933,0.42025737708228644,105.46750000000002,106.1046153846154,106.21412690859859,106.03004426645758,0.42571721311475386,0.6380635245901645,-0.2123463114754106,-0.06134642130083601,24.456767954395243,-4.701499999999996,-22.025397518689253,-40.290302430756,18.264904912066747,108.4,108.055,108.2275,108.52,99.09067382550987,14.362835621314394,48.16334600086834,44.182426183353726,36.10857895269972,111.235,103.11500000000001,8.0,56.00000000000001,-48.00000000000001,104.7694459833819,107.05961961044933,0.0,0.0,34346.433647989936,2676.419999999996,10.974951544165371,2.738415312507289,825886.2629246721,-417931.07467707427,38.558290493961564,106.03631125340794,57.38703747266607,129.7248398749725,104.9315,110.4498159568846,99.4131840431154,10.517939716642966,0.6221840150632933,0.0,0.0,107.46333333333334,106.19633333333334,108.73033333333333,-2.3580135860293354,0.9669823730597241,1.0,1.0,102.32,110.59,106.455,7.881332107136569,0.4788391777509073,2.427473443274099,5.82529578237908,50.804817752224466,0.6041159884741131,0.6894945047742889,0.7798222213998472,1.637300462784448,8.44632559015852,47.88391777509073,54.53446191051993,-52.11608222490927,1.0059705882353,4.874679297414641,0.17361366149994273,-0.22503048054131045,0.3986441420412532,0.1911952049943806,-0.22083107048108117,0.4120262754754618,106.14754693954607
107.76,2021-02-18,108.47,105.04,105.96,1863100,0.07678434545603352,-0.17358291886181676,0.2503672643178503,105.86833333333334,105.86884615384616,106.03349199958342,105.95670765412738,0.42973192526401316,0.6804765773084219,-0.25074465204440877,-0.0508085107596303,24.468232374146766,-3.3374999999999915,-17.11952617652617,-36.84130356762627,19.7217773911001,108.945,108.055,108.5,108.52,95.43207565949368,13.577801026111187,48.16334600086834,45.020847645775824,11.711795636153363,111.235,103.11500000000001,4.0,52.0,-48.0,105.23509030471135,107.05961961044933,0.0,0.0,34346.433647989936,2568.6599999999958,10.131886553724208,-16.741701160707958,1595536.377134381,-652358.141352202,37.30102289892958,106.32722485546937,57.04240598903947,128.21130203676245,104.86749999999999,110.34948823420912,99.38551176579087,10.455075660636759,0.5157333427791367,0.0,0.0,107.702,106.33699999999999,109.06700000000001,-2.534771870531669,1.4750915750915656,0.0,1.0,102.32,110.59,106.455,7.886142036379251,0.3288996372430483,2.403726098946689,5.32509433571113,47.157499388184306,0.46864047900065453,0.5886843488122673,0.6840158988198405,0.5727787060778147,-0.6907217101189718,32.889963724304835,44.61910519951635,-67.11003627569518,0.4163529411764415,4.798962386511027,0.07246765887316857,-0.16553085265841463,0.2379985115315832,0.19436786742901266,-0.13779128289906242,0.3321591503280751,106.11893425103405
107.9,2021-02-19,108.42,106.98,108.32,1705600,0.14660152787713798,-0.10954602951402583,0.2561475573911638,106.3225,105.67384615384616,106.17910861503212,106.03250708715498,0.37555613713687536,0.6770478932216705,-0.3014917560847951,-0.04007515294997017,24.455014067872163,-1.5750000000000028,-12.330856923090296,-32.611217134295,20.28036021120471,108.945,108.055,108.5,108.52,92.72130573710638,13.81791229614966,52.3168121534368,37.160011881383866,57.43314050972515,111.235,103.11500000000001,0.0,48.0,-48.0,105.66348308033444,107.05961961044933,0.0,0.0,34346.433647989936,2676.559999999996,11.367622559040242,15.553684719393143,-107043.55885079698,-658001.6366114501,39.29384468110779,106.71252279378218,57.37582330809946,128.21130203676245,104.83500000000001,110.25848780767573,99.41151219232428,10.346712085993659,0.697750974655482,0.0,0.0,107.96466666666667,106.69966666666667,109.22966666666669,-2.343359247161122,0.8891963109354428,1.0,1.0,102.32,110.59,106.455,7.888586826918501,0.56348246674728,2.5013534890520193,4.6890677974471355,52.85950502079503,0.6804350198102985,0.5843971624283554,0.6208586720049704,1.3572029179616638,4.003067608451124,56.348246674727996,45.70737605804117,-43.651753325272004,-0.13000000000000966,5.367871565054667,0.13826092761971262,-0.1047724966027892,0.24303342422250182,0.205009734663055,-0.06923107938663894,0.2742408140496939,106.14996534742366
104.88,2021-02-22,107.5,104.87,107.42,2247000,0.03131183857313147,-0.08137445589659437,0.11268629446972583,106.45666666666666,105.3876923076923,105.97770728964255,105.94639545106942,0.37192052980132456,0.705165562913908,-0.3332450331125834,-0.0334755388747036,24.420714659153465,-0.25200000000000955,-9.343898840649361,-27.98580537951823,18.641906538868867,109.045,107.495,108.27000000000001,108.52,84.42995311916407,13.575926625835894,51.02962716408297,41.390140992560994,17.638933163319795,111.235,103.11500000000001,0.0,44.0,-44.0,106.05760443390768,107.05961961044933,0.0,0.0,34346.433647989936,2571.6799999999957,14.265287280376635,-18.28209881194872,69412.66209000589,-663581.5344200119,37.22526363792215,107.05157574668027,57.041013683381784,125.68255042620375,104.772,110.16302810232031,99.3809718976797,10.290971065399734,0.5090891753984569,0.0,0.0,107.977,106.78099999999999,109.173,-2.215286588810589,1.798913043478252,0.0,1.0,102.32,110.59,106.455,7.893330279082207,0.3083434099153577,2.303218140146817,3.8883719236000096,46.92828090029479,0.35190510367038397,0.500326867493779,0.5578027929114672,0.17189837224869123,-19.486800981819265,4.02684563758404,31.088352012205608,-95.97315436241595,-0.4755882352941114,1.5591710245981014,0.02955441611752862,-0.07790711405872565,0.10746153017625426,-0.013279971370009264,-0.058040857783313006,0.04476088641330374,106.14233834553812
102.98,2021-02-23,105.05,102.1,104.79,2226400,-0.2803403321188682,-0.12116763114104914,-0.15917270097781908,106.25500000000001,105.0973076923077,105.38113693738985,105.66147726950872,0.4855353414852371,0.7885475693408898,-0.3030122278556527,-0.0349668619355493,24.382828153752918,0.5605000000000047,-8.35860273650665,-23.349117114640652,14.990514378134002,107.82,106.455,107.13749999999999,108.52,60.34855898053834,12.947060966947607,51.02962716408297,56.14373352161195,-58.61364383111554,111.235,103.11500000000001,72.0,40.0,32.0,106.05760443390768,110.59,0.0,1.0,34346.433647989936,2468.6999999999957,14.941213216638458,-56.42102755309905,641289.570790422,-419241.88740596274,34.50518544587484,107.14449808883529,50.38964569624009,122.36281489954611,104.5895,110.08191103705899,99.09708896294102,10.502796240653193,0.2733691102866678,0.0,0.0,107.74066666666667,106.64166666666668,108.83966666666667,-2.0400839051797153,3.0662723688201545,0.0,1.0,102.32,110.59,106.455,7.90710348553154,-0.026602176541716878,2.0908963261321345,3.461776320557952,40.503021541402916,0.0,0.3441133744935609,0.4762791348052317,-3.046872490032346,-34.97902437907637,-53.24909747292418,2.3753316131292714,-153.24909747292418,-1.1074411764706014,-2.315346345197093,-0.2653193381006868,-0.11538955886711788,-0.14992977923356893,-0.3267638388400304,-0.11178545399465649,-0.2149783848453739,105.9769319217832
101.13,2021-02-24,102.5,99.73,102.14,2482700,-0.7103773281639576,-0.23900957054563085,-0.4713677576183267,105.80333333333334,104.78730769230768,104.51173125471449,105.22210858287845,0.6072257209148163,0.838249917136229,-0.23102419622141268,-0.046119270963909206,24.270289856174127,1.331000000000003,-9.917039970497852,-19.684400782888243,9.767360812390391,106.545,106.455,106.5,108.52,32.26957151130065,13.27237414262394,50.89759685117742,72.49267856456902,-116.5154499967628,111.235,103.145,68.0,36.0,32.0,106.05760443390768,110.4792,0.0,0.0,34346.433647989936,2367.5699999999956,15.358216576192536,-82.60060933122762,925541.3823791151,-219310.42135266282,32.15770160650168,106.9734445542923,43.77682053277946,119.5224635644636,104.329,110.21062528558284,98.44737471441715,11.275149355563348,0.10903663726477524,0.0,0.0,107.09100000000001,106.215,107.96700000000001,-1.6359918200409087,4.70148401826482,0.0,1.0,102.32,110.59,106.455,7.926846801943861,-0.3131801692865763,1.9218066935189217,3.9344100005145597,35.965716343257554,0.0,0.11730170122346133,0.3205806477369337,-7.363849901958306,-52.28292874518162,-34.23980222496903,-27.820684686769738,-134.23980222496905,-2.084911764705865,-5.154541131716597,-0.6751217379420097,-0.22733599468209625,-0.44778574325991344,-0.7095106264458526,-0.23133048848489574,-0.4781801379609569,105.36687066071306
98.88,2021-02-25,99.86,97.69,98.75,3412200,-1.2019404751717815,-0.43159575147086104,-0.7703447237009204,105.13916666666665,104.42461538461538,103.46223413860456,104.66417461377634,0.7762411347517729,0.8907801418439727,-0.11453900709219977,-0.0669495435289689,24.347794952004534,2.457499999999996,-15.143285124534053,-17.110774232403728,1.9674891078696746,104.27000000000001,105.225,104.7475,107.28999999999999,16.134785755650324,14.33878365250317,50.897596851177425,90.88260009786462,-167.84686947271683,111.69749999999999,104.715,64.0,100.0,-36.0,106.05760443390768,110.160032,0.0,0.0,34346.433647989936,2268.6899999999955,9.73348370940907,-99.61697942676662,3384557.0388349504,106463.41112058007,30.135088551252508,106.54938699298323,37.125476398189406,117.07760418743055,104.2325,110.47241947063482,97.99258052936518,11.973078398071268,-0.0242455476219795,0.0,1.0,105.94666666666667,105.08666666666667,106.80666666666666,-1.623458343820776,5.300387596899268,0.0,1.0,99.86,110.59,105.225,10.294294006188093,-0.20223671947809888,1.8276260241670301,4.838286523495572,32.58227621646601,0.0,0.0,0.15380502523900733,-12.134357754431225,-63.88483025509487,-20.223671947809887,-35.90419054856772,-120.22367194780988,-3.350147058823538,-7.543062653795192,-1.1483781146768601,-0.4115444186810491,-0.736833695995811,-1.1750582373002008,-0.42007603824795675,-0.7549821990522441,103.2924885275974
98.2,2021-02-26,100.72,98.07,99.59,3058000,-1.5430575792357786,-0.6538881170238446,-0.8891694622119339,104.42083333333335,104.10730769230771,102.63265965574232,104.1757172349781,0.7658519305703148,0.8742472546935894,-0.10839532412327468,-0.09256939610113653,24.47517374481604,5.648499999999984,-20.033895041947027,-15.674391192168166,-4.359503849778861,104.14500000000001,105.225,104.685,107.28999999999999,8.067392877825162,14.939343101317304,50.06337505282621,79.54486323816548,-138.66283044328603,111.41,104.715,60.0,96.0,-36.0,106.05760443390768,109.54203008,0.0,0.0,34346.433647989936,2366.8899999999953,9.861819958670274,-80.05512522294288,-978105.9063136432,113385.26292097432,30.517072377642094,106.08515027221027,36.53294628912131,117.5330191694269,104.07150000000001,110.75704642493848,97.38595357506155,12.847987056856997,0.05115860256289672,0.0,0.0,104.86300000000001,104.025,105.701,-1.5982758456271395,4.553102625298362,0.0,1.0,99.86,110.59,105.225,10.31021941645888,-0.16682199440820183,1.9478634217503275,5.575184268768469,33.83098894119436,0.043236976120369586,0.014412325373456528,0.04390467553230588,-15.456814509167291,-53.416054365510504,-16.68219944082018,-23.71522453786638,-116.68219944082017,-4.5860882352941275,-8.079482613178373,-1.4812065807574597,-0.6254768510963312,-0.8557297296611285,-1.583215398165792,-0.6527039102315239,-0.9305114879342681,102.09159181792941
99.23,2021-03-01,100.38,98.5,98.8,1889200,-1.758427873539631,-0.874796068327002,-0.8836318052126291,103.48583333333335,103.75615384615386,101.99686586255119,103.75529373609082,0.7780908770693897,0.8777738640366332,-0.09968298696724343,-0.11936590289478774,24.745380800693493,4.430499999999995,-25.231232081537247,-15.500414934886432,-9.730817146650814,104.09,105.225,104.6575,107.28999999999999,4.033696438912581,15.597497223662145,47.606054776570794,77.92658097479462,-131.8335266648819,111.41,104.715,56.00000000000001,92.0,-35.99999999999999,106.05760443390768,108.9611082752,0.0,0.0,34346.433647989936,2466.1199999999953,9.812806432642635,-62.52312161966524,899627.1288924786,140719.2344819806,30.952158540586943,105.6048346411479,36.89424192196461,117.5330191694269,103.9295,110.95317275718392,96.90582724281609,13.516225435865497,0.11348569418708815,0.0,0.0,103.91666666666667,103.04166666666667,104.79166666666666,-1.6840417000801786,3.595238095238119,0.0,1.0,99.86,110.59,105.225,10.324306380767736,-0.12674743709226458,1.9840770795752949,6.189732515049291,35.291547611989216,0.09380916868395044,0.04568204826810668,0.020031457880520995,-17.671285983545054,-43.852117769917434,-12.674743709226458,-16.526871699285522,-112.67474370922646,-5.704352941176467,-10.226029894276339,-1.6947837649733042,-0.8393382338717259,-0.8554455311015783,-1.8097308221220822,-0.8841092926096357,-0.9256215295124466,101.40173329579434
98.95,2021-03-02,99.95,96.54,99.95,3431200,-2.0634794958741054,-1.1125327538364227,-0.9509467420376827,102.50083333333333,103.3873076923077,101.15734803754331,103.22082753341742,0.8786104605776727,0.8688524590163941,0.009758001561278595,-0.1492358308499472,24.84187381278479,3.7549999999999955,-31.86440287238653,-16.59363775196391,-15.27076512042262,104.09,105.225,104.6575,107.28999999999999,2.0168482194562904,15.656967239286866,50.618567669710224,70.52206790961965,-130.8378273589229,111.1175,104.715,52.0,88.0,-36.0,106.05760443390768,108.415041778688,0.0,0.0,34346.433647989936,2367.1699999999955,9.033722396685924,-81.29724710257011,0.0,460788.43863422936,28.983204225866135,104.96946214812789,29.676519202234857,115.19429107224845,103.745,111.31992574221078,96.17007425778922,14.602970248611074,0.024417780107691016,0.0,0.0,103.00566666666668,102.15066666666667,103.86066666666666,-1.6601028422384465,4.281091617933731,0.0,1.0,99.86,110.59,105.225,10.342667116487544,-0.30941286113699834,1.9306693716177654,6.968879376483359,31.84146349975005,0.0,0.04568204826810668,0.03525880730322322,-20.681022933932983,-80.89002255191467,-30.94128611369983,-20.099409754582172,-130.94128611369985,-6.320411764705881,-10.908084163898112,-1.9990921843811613,-1.071289023973613,-0.9278031604075483,-1.9908662925533436,-1.1054606925983772,-0.8854055999549664,100.39382398400073
101.88,2021-03-03,104.69,95.86,96.18,5164500,-2.3332096330777574,-1.3566681296846896,-0.9765415033930678,101.53083333333332,103.00692307692307,100.3423714163828,102.67558104946056,0.8927477017364651,0.7899216887980941,0.10282601293837101,-0.18092010022026447,25.999001147286513,3.248499999999993,-39.6429743778826,-19.09624310767018,-20.546731270212423,104.09,105.225,104.6575,107.28999999999999,1.0084241097281452,15.712189396652677,50.618567669710224,70.52206790961964,-116.48147782667841,111.11000000000001,104.715,48.0,84.0,-36.0,106.05760443390768,107.90173927196673,0.0,0.0,34346.433647989936,2265.2899999999954,9.034154518173938,-79.5802689450602,-4051187.671770702,325282.484107039,28.265590801378863,104.14821237879923,28.714324008413826,115.19429107224845,103.4615,111.73866201363775,95.18433798636225,16.000467833228303,0.04081483559972022,0.0,0.0,102.16066666666667,100.59666666666666,103.72466666666666,-3.061843762439556,2.514279624893435,0.0,1.0,99.86,110.59,105.225,10.371007572865272,-0.3727865796831313,2.552602434455988,7.620388496093735,30.71942044375149,0.0,0.031269722894650145,0.040877939810287756,-23.48158358503613,-47.256814974682946,-37.27865796831313,-26.964895930413153,-137.27865796831313,-6.316088235294103,-10.827906976744186,-2.272409475777703,-1.3115131143344312,-0.960896361443272,-1.8837629574367372,-1.2611211455660494,-0.6226418118706878,99.4401425073342
101.81,2021-03-04,103.94,100.3,101.8,3035300,-2.1637593458945616,-1.518086372926664,-0.6456729729678976,100.99666666666666,102.82846153846154,100.33585273693929,102.49961208283385,0.8120919670735163,0.818620493897247,-0.006528526823730729,-0.20396144110068373,26.92096092737941,2.9664999999999964,-45.59584084812764,-22.792352432674328,-22.80348841545331,103.64,105.225,104.4325,107.28999999999999,0.5042120548640726,15.584180181300686,64.3020209312236,48.587703171378784,-51.2686330478911,110.5175,104.715,44.0,80.0,-36.0,106.05760443390768,107.41923491564873,0.0,0.0,34346.433647989936,2367.0999999999954,9.081523024122584,-3.6350305243373384,-5118259.502995768,31291.33054981334,32.981180202588966,103.53487150799408,27.931494267541964,120.52980799652117,103.3135,111.70484619712522,94.92215380287479,16.244433103370255,0.3204400146765247,0.0,0.0,101.71300000000001,100.186,103.23999999999998,-3.002566043671874,0.9626719056974489,1.0,1.0,99.86,110.59,105.225,10.385864383647833,0.04100652376514423,3.105342191010389,7.820791554127022,44.47715571153799,0.5791106741104121,0.19303689137013735,0.08999622084429798,-21.441200268700225,-11.894245338388227,4.988662131519244,-21.07709398349792,-95.01133786848075,-5.277647058823533,-6.006934682785116,-2.1109927168757916,-1.4714090348427034,-0.6395836820330882,-1.7839953034345633,-1.3656959771397523,-0.4182993262948109,99.47944477824633
104.08,2021-03-05,104.54,100.21,102.47,2407600,-2.0135204103989395,-1.6171731804211191,-0.39634722997782035,100.49083333333333,102.85115384615385,100.31649077741017,102.3300111878091,0.7069056404849757,0.8139167105956777,-0.10701107011070199,-0.22001758092308715,27.265359343858574,1.9420000000000073,-52.17443939687254,-27.551301383365793,-24.62313801350675,102.325,105.225,103.775,107.28999999999999,0.2521060274320363,15.664425775752852,60.6577220845639,43.29045689858743,-39.901902299993665,109.3825,104.715,40.0,76.0,-36.0,106.05760443390768,106.9656808207098,0.0,0.0,34346.433647989936,2263.0199999999954,9.143634164588207,-4.453911878003484,-1262922.7517294534,-216814.25550483345,32.887788378062545,103.06651949341367,35.30534048991555,120.52980799652117,103.098,111.57527220277889,94.62072779722111,16.44507595254785,0.32966218785252027,0.0,0.0,101.163,99.43900000000001,102.88699999999999,-3.408360764311042,0.7763921113689121,1.0,1.0,99.86,110.59,105.225,10.407573376787138,0.03261882572227345,3.2188079719093508,7.983287248141943,44.285183614657164,0.6127240898154316,0.3972782546419478,0.20719495630224505,-19.92619980038441,-5.572297210905039,4.084014002333652,-9.401993944820092,-95.91598599766635,-4.333823529411745,-5.711328566051945,-1.9676734000384986,-1.5706619078818624,-0.3970114921566361,-1.5089273439809434,-1.3943422505079905,-0.11458509347295287,99.54544251600451
108.07,2021-03-08,109.32,103.24,104.49,2903100,-1.6311563394505413,-1.6199698122270036,-0.011186527223537635,100.34083333333332,102.92615384615384,100.76626142703938,102.39741776648992,0.5533536585365852,0.8205574912891984,-0.26720383275261317,-0.22465101539075188,27.68082911892892,3.9775000000000205,-54.71483037517319,-32.70199334321763,-22.012837031955563,102.175,105.225,103.69999999999999,107.28999999999999,4.430057162593641,16.30497250375443,58.12653836479258,35.15047086079662,21.652017149742765,107.9675,104.715,36.0,72.0,-36.0,106.05760443390768,106.53933997146721,0.0,0.0,34346.433647989936,2371.0899999999956,8.951471825289925,42.96123267599702,-15195706.486536462,-1312241.103939343,36.15544729433836,102.90029698467988,43.038200147218895,120.52980799652117,103.00249999999998,111.42802995365915,94.57697004634082,16.359855253336892,0.5140940689372819,0.0,0.0,101.07166666666667,98.87266666666667,103.27066666666664,-4.351367841300695,0.00697286645444464,1.0,1.0,99.86,110.59,105.225,10.41722288293974,0.3150046598322455,3.807927174718415,8.004267535617462,51.82420228910554,0.9532385376358065,0.7150244338538835,0.4351131932886561,-16.02963767915536,6.268937550810898,39.952718676122906,16.34179826999192,-60.047281323877094,-2.79435294117647,-1.7136329017517244,-1.592966282773144,-1.5751227828601189,-0.01784349991302503,-0.9676426290586018,-1.3090023262181127,0.341359697159511,99.59730021571369
107.59,2021-03-09,109.87,106.45,108.63,1822600,-1.0569262970898166,-1.5073611091995662,0.45043481210974967,100.29666666666667,103.1226923076923,101.6406827459564,102.69760904304621,0.4868706811451134,0.8465942744323791,-0.3597235932872657,-0.21496836568779096,27.99384350281351,1.828000000000003,-52.89004105992806,-37.47677124204321,-15.413269817884846,104.245,105.225,104.735,107.28999999999999,40.7660201812121,17.834041328553692,61.92270334829306,28.00806826671911,67.32834492333568,107.5325,104.75999999999999,32.0,68.0,-36.0,99.86,106.53933997146721,1.0,0.0,34346.433647989936,2478.6799999999957,9.095872024270056,86.16161372228328,-2702667.534157476,-1564280.6608737821,39.50070010332713,102.96935360575704,50.87243433571471,124.27739307661447,103.042,111.52421103250843,94.55978896749157,16.46359937211706,0.7008910169140273,0.0,0.0,101.50533333333334,99.20833333333334,103.80233333333334,-4.525870561809554,-0.5763314468146864,1.0,0.0,99.86,110.59,105.225,10.413229556879724,0.6141658900279591,4.090134457246575,7.961388114429274,58.266952610252694,1.0,0.8553208758170795,0.6558745214376369,-10.356341047323237,13.164184194346669,75.14253135689859,39.72642134511837,-24.85746864310141,-0.9389117647058782,-0.4954197046176866,-1.0291634897233104,-1.4659309242327572,0.4367674345094468,-0.571267542707375,-1.1614553695159653,0.5901878268085903,99.8856077985522
107.83,2021-03-10,109.11,107.54,109.0,1403600,-0.5080346536779814,-1.3074958180952494,0.799461164417268,100.51916666666666,103.40384615384616,102.54827001580925,103.05630466948723,0.4475743348982784,0.8231611893583727,-0.37558685446009427,-0.19356948095658844,27.708793530445337,-0.9845000000000113,-48.71938111635161,-41.207448574467385,-7.511932541884228,104.475,105.225,104.85,107.28999999999999,70.38301009060605,18.927598215756483,56.113499309539385,28.176544087223547,70.52004119675667,106.9975,104.75999999999999,28.000000000000004,64.0,-36.0,100.0354,106.53933997146721,0.0,0.0,34346.433647989936,2586.5099999999957,10.445664036950047,90.64348319052858,19892.423258833274,-1676826.6575791785,40.60483068106315,103.12341672382297,58.657587478667764,124.27739307661447,103.0845,111.64753094704251,94.5214690529575,16.613614941222988,0.7601590504317188,0.0,0.0,102.21466666666666,99.94266666666667,104.48666666666665,-4.445545975137276,-0.6719483568075193,1.0,0.0,99.86,110.59,105.225,10.408936358036373,0.7157502329916127,3.9471210115219173,7.879349812288961,60.21272796750993,1.0,0.9844128458786022,0.8515860518498549,-5.195555477797857,15.223098141048782,84.02625820568935,66.37383607957027,-15.973741794310653,0.7640588235294246,2.546009344903215,-0.49296804820171236,-1.2713383490265482,0.7783703008248358,-0.23709325554452415,-0.9765829467216771,0.7394896911771529,100.74755093079435
108.57,2021-03-11,108.82,107.02,107.72,1596800,-0.11368325609116425,-1.0687333056944324,0.9550500496032681,100.92916666666666,103.61500000000001,103.23622847491552,103.34991173100669,0.49204406364749065,0.8119135046919628,-0.3198694410444721,-0.16575630245856682,27.370852277310018,-3.2194999999999823,-43.11187159404898,-43.771668191367596,0.6597965973186177,104.475,105.225,104.85,107.28999999999999,85.19150504530302,19.815151116994205,55.71615693424627,29.11786012115083,61.82557796512812,106.9975,104.75999999999999,24.0,60.0,-36.0,100.39398399999999,106.53933997146721,0.0,0.0,34346.433647989936,2477.9399999999955,10.510964924048947,69.62921416331007,795339.4123606886,-1612370.731064072,40.07985020868077,103.12162622569389,50.81279555248859,124.27739307661447,102.94949999999999,111.16803143815898,94.730968561841,15.966141531836467,0.7476415665395222,0.0,0.0,103.12333333333333,100.85233333333333,105.39433333333334,-4.404434819148594,-0.3579186848671642,1.0,0.0,99.86,110.59,105.225,10.422585830917106,0.6672879776328047,3.6804089103697244,7.852095371369717,58.804146151045444,0.9522406289857522,0.9840802096619173,0.941271310452533,-1.5598676567290657,15.869026886302093,78.3369803063457,79.16858995631121,-21.66301969365431,1.8665588235294166,4.818805093046035,-0.10999840656569947,-1.0390703605343785,0.929071953968679,0.08249289690905237,-0.7647677779955313,0.8472606749045837,101.85093592656838
108.61,2021-03-12,109.34,107.37,108.56,1102000,0.22449727770010952,-0.810087189015524,1.0345844667156334,101.56583333333333,103.77307692307691,103.87219332492852,103.64769604722841,0.4600550964187323,0.7988980716253447,-0.33884297520661233,-0.13381137147393965,27.046112466389292,-5.210000000000008,-37.67398229803245,-45.1541959932004,7.480213695167954,104.475,105.225,104.85,107.28999999999999,92.59575252265151,20.836715037978117,55.644455398218305,27.334490311263387,75.98076629522173,106.75,104.75999999999999,20.0,56.00000000000001,-36.00000000000001,100.73822463999998,106.53933997146721,0.0,0.0,34346.433647989936,2586.5499999999956,10.499288128386047,65.11268356855162,-488352.8220237603,-1652211.1227864842,40.43505017130459,103.26760958505145,58.4864427722218,124.27739307661447,102.9,110.99863692234736,94.80136307765265,15.740790908352484,0.7759723668846973,0.0,0.0,104.01966666666667,101.78366666666668,106.25566666666666,-4.29918701271232,-0.2491800834824136,1.0,0.0,99.86,109.0,104.43,8.882410106899902,0.8216630196936547,3.5443680193327523,7.762828939918307,59.49104719224503,0.975530693711326,0.9759237742323594,0.9814722765909596,1.5630451446776068,21.7213215281366,82.16630196936548,81.5098468271335,-17.833698030634523,2.925411764705899,7.66068384638524,0.21659649588140814,-0.7879369892512212,1.0045334851326293,0.3336687088636608,-0.545080480623693,0.8787491894873538,102.81962095455935
109.3,2021-03-15,109.37,107.26,108.56,1578200,0.47812023405850823,-0.5524457044007176,1.0305659384592258,102.36333333333334,103.87846153846155,104.39339435186258,103.91527411780407,0.4074848024316106,0.7416413373860185,-0.33415653495440784,-0.1003856226042594,26.78215831067393,-4.818000000000012,-30.222149312470272,-44.97172337543193,14.749574062961656,106.47,105.225,105.8475,107.28999999999999,96.29787626132575,21.78531010746318,52.945936207654555,26.008883902837926,76.03907297452587,106.75,104.75999999999999,16.0,52.0,-36.0,101.06869565439999,106.53933997146721,0.0,0.0,34346.433647989936,2477.2499999999955,10.56172275165615,54.09330020161568,-11116.193961574103,-1698811.5345544838,40.32307289646059,103.60268552330261,58.04390951882309,124.27739307661447,102.888,110.96000495540035,94.81599504459966,15.690857933676122,0.7708125195757615,0.0,0.0,104.93666666666665,102.77766666666666,107.09566666666667,-4.114862933197814,-0.03805774278215174,1.0,0.0,99.86,109.0,104.43,8.883446077287925,0.8096280087527358,3.3899312173994773,7.537983030409162,59.15719245371216,0.9642110159076775,0.963994112868252,0.9746660322541763,3.9940581114311673,17.83401123935608,80.96280087527359,80.48869438366157,-19.03719912472642,3.306382352941185,9.79629440065514,0.4601058295977595,-0.5383284254814251,0.9984342550791846,0.5774562784209142,-0.32057312881477157,0.8980294072356858,103.54891830509693
109.04,2021-03-16,110.29,108.2,109.42,1137300,0.7463647698486113,-0.2926836095508518,1.0390483793994632,103.2075,103.99576923076923,104.97902599003757,104.23266122018896,0.3363488330016281,0.6962185634159582,-0.3598697304143301,-0.06542900394380916,26.496278784110316,-4.462500000000006,-19.09798990009471,-42.68894732234438,23.590957422249673,106.68,105.225,105.9525,107.28999999999999,98.14893813066288,22.88084552492979,51.80892888264231,23.756807280574325,90.46915624637379,106.5275,105.82,12.0,48.0,-36.0,101.38594782822399,106.53933997146721,0.0,0.0,34346.433647989936,2586.2899999999954,9.817546131357634,61.00820017281341,-710106.3829787276,-1815643.5177943297,41.278672374364746,104.17628509935886,65.23713627925804,125.36652928295437,102.9625,111.20003573588654,94.72496426411347,16.001040642732136,0.81790453892558,0.0,0.0,105.98566666666666,103.73966666666665,108.23166666666665,-4.2383089537264516,0.007049569605220847,1.0,1.0,99.86,109.42,104.64,9.284933835134153,0.8723849372384939,3.3539380956595295,7.134402111875309,61.16292181573022,1.0,0.9799139032063345,0.9732772634356487,6.636012125191108,22.095766792176455,87.23849372384939,83.45586552282947,-12.761506276150612,3.3292941176470663,10.329356582033252,0.716056523081507,-0.2874514357688387,1.0035079588503457,0.7412171846360704,-0.10821506612460319,0.8494322507606736,104.95621674686747
107.7,2021-03-17,108.96,107.29,108.85,1703200,0.8754296936744907,-0.05906094890578331,0.934490642580274,103.94,104.05846153846154,105.33456045310872,104.45913075943423,0.2957311534968211,0.6659400544959133,-0.3702089009990922,-0.03253262564795582,25.93553181899994,-6.472999999999999,-7.161460824344999,-38.418460653035204,31.256999828690205,106.98,105.225,106.10249999999999,107.28999999999999,99.07446906533144,23.206464431720104,50.39479218118306,28.693383996186693,70.98839981915359,106.5275,106.39,8.0,44.0,-36.0,101.86799095853056,106.53933997146721,0.0,0.0,34346.433647989936,2478.5899999999956,11.21241424995481,38.29174300526869,97028.78365831063,-2050466.9645926612,40.37287754996549,104.8467820640079,64.43125141303864,124.31215274277426,103.013,111.34313109140594,94.68286890859407,16.172970579258795,0.7567186490265752,0.0,0.0,106.93133333333336,105.52533333333334,108.33733333333332,-2.6297249948564962,0.3724513987671832,1.0,1.0,99.86,109.42,104.64,9.28038208769767,0.7771966527196658,3.0945442860935755,6.5087181823255795,58.18400368044159,0.902149292918372,0.9554534362753498,0.9664538174499787,8.065606727080944,17.846925751447092,77.50791974656815,81.9030714485637,-22.492080253431844,3.1851764705882317,8.923857868020312,0.8380595236720618,-0.0623492438806586,0.9004087675527204,0.7602729175483685,0.06548253060999115,0.6947903869383774,105.61931248261256
105.25,2021-03-18,107.13,104.58,106.0,2586000,0.75039019304036,0.10282927948344536,0.6475609135569147,104.61,103.97730769230769,105.21847422955354,104.46808403651318,0.3558431813918589,0.6829863065090982,-0.3271431251172393,-0.007482780208055932,25.507191686157988,-7.13000000000001,1.331193884912142,-32.47339028839246,33.8045841733046,108.275,105.225,106.75,107.28999999999999,99.53723453266572,22.64653566297071,50.0327721049247,36.70359425177692,25.95538917485525,106.6625,108.52,4.0,40.0,-36.0,102.32111150101872,106.53933997146721,0.0,0.0,34346.433647989936,2373.3399999999956,11.313356897322313,-7.925291709769802,2512304.0380047364,-1801151.96856992,37.714405185346216,105.27995053826012,57.58285947024452,121.17219623300709,102.99000000000001,111.30013357293419,94.67986642706583,16.137748466713617,0.5956663323185661,0.0,0.0,107.32033333333334,106.01533333333332,108.62533333333333,-2.4319715741968873,1.5499361430395826,0.0,1.0,99.86,109.42,104.64,9.282454607243423,0.4937238493723847,2.9140898574842184,5.925372873850669,50.323446937068006,0.6439478249818121,0.8486990393000613,0.9280221262605819,7.020099347188339,-3.821962251670342,48.89123548046458,71.21254965029404,-51.10876451953542,2.7332941176470626,8.328154133001856,0.7182961188204497,0.09377982865956308,0.6245162901608867,0.5832989849983385,0.16904582148766065,0.41425316351067787,105.54721940857605
108.12,2021-03-19,108.63,104.57,104.71,2694800,0.6430755963265398,0.21087854285206425,0.4321970534744755,105.33583333333333,103.77923076923078,105.11870896346838,104.47563336714184,0.3536784741144414,0.6948228882833793,-0.3411444141689379,0.011212112480172072,25.47924383451927,-2.569499999999991,9.184068668367306,-25.37351261688796,34.55758128525527,108.275,105.225,106.75,107.28999999999999,99.76861726633285,22.12660180627484,49.720244555880264,36.47432683624028,29.74354546515641,107.29499999999999,108.52,0.0,36.0,-36.0,102.74704481095759,106.53933997146721,0.0,0.0,34346.433647989936,2265.2199999999957,9.933754544961392,-6.947564322659909,-380688.1243063151,-1892603.0580841193,37.70406668850169,105.73413099721999,64.2809029568979,121.17219623300709,102.86949999999999,111.01293287563713,94.72606712436284,15.832550708688478,0.6044092845099406,0.0,0.0,107.67666666666666,106.18666666666665,109.16666666666666,-2.767544810079563,1.5425055928411604,0.0,1.0,99.86,109.42,104.64,9.293327954349932,0.49267782426778167,3.027680871735796,5.333347027144768,50.296444536013084,0.6430608573257272,0.7297193250753038,0.8446239335502383,6.1702142001165585,-7.826780140293751,48.7856388595564,58.39493136219636,-51.2143611404436,2.164058823529416,9.086167327352381,0.615526870334141,0.19812923699447865,0.41739763333966234,0.6526941828973083,0.2657754937695902,0.3869186891277181,105.4768483150812
110.25,2021-03-22,110.75,107.45,108.2,2208800,0.7814123015071601,0.32498529458308345,0.4564270069240767,105.93166666666667,103.74423076923077,105.47736912293479,104.69595682142763,0.3256942121110739,0.7216460354633661,-0.39595182335229223,0.030236460964858304,25.569240406848017,-2.788499999999999,16.935048365069267,-17.61516934744381,34.550217712513074,108.275,104.64,106.45750000000001,107.28999999999999,99.88430863316643,22.69097733092672,57.06129181015513,30.706502234218714,79.6567484376457,107.4875,108.52,84.0,32.0,52.0,103.14742212230013,106.53933997146721,0.0,0.0,34346.433647989936,2375.4699999999957,6.754104146753023,39.40494486629166,-6487755.102040825,-2356014.136801321,40.74050161247608,106.41687913579423,70.9108653936639,121.17219623300709,102.99849999999999,111.34384187436366,94.65315812563632,16.204783320851604,0.7667056704815605,0.0,0.0,107.98833333333334,106.72633333333333,109.25033333333333,-2.3372895220162677,0.7132857897517142,1.0,1.0,99.86,109.42,104.64,9.281688568280124,0.7939330543933056,3.3429127845622175,4.262855355390723,57.38799423497859,0.8760021873099588,0.7210036232058327,0.7664739958603991,7.5459733310089465,7.162213709930671,64.051094890511,53.909323076843975,-35.948905109489004,2.0520882352941356,7.128614157527425,0.7463633985789527,0.30777606931137347,0.43858732926757926,0.857919315931944,0.384204258202061,0.47371505772988304,105.6140112029606
109.86,2021-03-23,111.31,109.63,109.98,1765700,1.0547939103921777,0.47094701774490233,0.5838468926472754,106.71666666666668,103.82615384615384,106.11623541171406,105.06144150132188,0.29681023607857265,0.7480627140025234,-0.4512524779239508,0.05269645004520977,25.73662172946653,-0.13500000000000512,25.34166462237929,-9.3861642653626,34.72782888774189,108.555,104.92,106.73750000000001,107.28999999999999,99.94215431658321,23.64926348850792,58.47182281058387,27.44856318439533,96.51324472096539,108.065,108.52,100.0,28.000000000000004,72.0,103.52377679496212,106.53933997146721,0.0,0.0,34346.433647989936,2485.329999999996,5.750154694403361,67.98920988539273,-1416439.1043145824,-2167817.8105544555,42.96939691261567,107.20842600216012,71.27862929730715,123.63059909748316,103.375,112.19041944549478,94.55958055450522,17.05522504569728,0.8547760851695311,0.0,0.0,108.18733333333333,106.91633333333334,109.45833333333333,-2.3496281141969675,-0.06753212693417297,1.0,0.0,99.86,109.98,104.92,9.789600967351879,0.965415019762845,3.394621506105996,2.9439590203602917,61.82766816035052,1.0,0.8396876815452288,0.7634702099421217,10.15478783965201,13.716402288257926,94.2052980132449,69.01401058777076,-5.794701986755102,1.9922941176470488,9.4002594551442,1.003978143950087,0.4470164842391162,0.5569616597109708,0.978845340295807,0.5031324746208102,0.4757128656749968,105.82310365009727
110.5,2021-03-24,112.2,109.48,109.72,1378800,1.244995525212147,0.6257567192383513,0.6192388059737957,107.23666666666668,103.9326923076923,106.63373765606573,105.38874213085359,0.3035214085634253,0.7196878751500606,-0.4161664665866353,0.07608551505903098,25.9024457428579,2.5875000000000057,33.537825747627814,-0.8695312273985125,34.407356975026325,108.555,104.92,106.73750000000001,107.28999999999999,99.9710771582916,24.539100634833314,58.23511954518755,27.337447022389732,91.95432965593126,108.22999999999999,108.52,96.0,24.0,72.0,104.04027465136515,106.53933997146721,0.0,0.0,34346.433647989936,2374.829999999996,5.098630279605896,55.90860847319391,-706968.3257918513,-1852725.5836113186,42.81820654501557,107.79527943736232,71.59886569108947,123.63059909748316,103.8625,112.89344651739269,94.8315534826073,17.390196687722117,0.8110139113979509,0.0,0.0,108.37899999999999,106.87100000000001,109.88699999999999,-2.7828269314165817,0.13494694960211717,1.0,1.0,99.86,109.98,104.92,9.743651462269833,0.9505928853754941,3.3121593554953974,2.337526228140918,61.35399216919468,0.9729983520907748,0.9496668464669112,0.8367860504059909,12.093051285617241,11.809624210962037,90.80882352941175,83.02173881105587,-9.191176470588239,2.214029411764713,6.044168926772578,1.1813363553256249,0.593880458456418,0.5874558968692069,1.1089472936171514,0.6242954384200785,0.4846518551970729,105.93265506387746
111.08,2021-03-25,111.42,109.51,110.17,1221300,1.3822190636014398,0.777049188110969,0.6051698754904707,107.49166666666667,104.05692307692308,107.07623955513255,105.6940204915311,0.3299077181208054,0.7325922818791952,-0.40268456375838985,0.09897147680339083,25.806425935160693,3.086500000000001,40.10188241218287,7.772231518180967,32.3296508940019,108.65,105.015,106.83250000000001,106.825,99.98553857914581,24.954277410183092,56.35166294354747,30.109375569925923,86.44809953132103,108.2275,108.52,100.0,20.0,80.0,104.51545267925594,106.53933997146721,0.0,0.0,34346.433647989936,2485.9099999999958,5.041452821703864,48.39772154845194,185676.98955707502,-1749254.1735194235,42.84864498125963,108.35152414622448,64.43949027571217,123.63059909748316,104.4535,113.33718003701209,95.56981996298792,17.00982741030618,0.7845948964242915,0.0,0.0,108.63033333333333,107.10733333333333,110.15333333333334,-2.8040050200834084,0.2112059531626164,1.0,1.0,99.95,110.17,105.06,9.784258066986744,0.935420743639922,3.1749434199458575,1.6138061936254968,61.41765732089727,0.9644434231083774,0.9791472583997174,0.9228339288039523,13.679168573521677,10.0986055559383,78.28947368421068,87.76786507562242,-21.710526315789316,2.9089999999999776,2.8745890089243797,1.3077552137513704,0.7366554095154085,0.5710998042359618,1.2399882147926806,0.747433993694599,0.49255422109808167,106.09118284830978
114.39,2021-03-26,114.43,110.58,110.89,2046000,1.5593347240078401,0.9335062952903433,0.6258284287174968,107.745,104.27,107.61527962357368,106.05594489956584,0.37272936307197035,0.7436192228098423,-0.3708898597378719,0.12232139200448906,26.059430155161166,1.9410000000000025,47.934958053941685,16.45635455889341,31.478603495048276,109.00999999999999,105.375,107.1925,106.825,99.9927692895729,25.540485567476786,56.079592173108395,28.148539903670915,110.09146587154432,108.5,108.52,100.0,16.0,84.0,105.08090741133034,106.53933997146721,0.0,0.0,34346.433647989936,2600.2999999999956,4.89693139880766,58.969089898672976,-5771570.9415158825,-1076101.6345893822,43.96632647153449,108.81084757224161,64.73605514895618,123.63059909748316,105.079,113.83752476162547,96.32047523837451,16.67036184513648,0.814036904028749,0.0,0.0,108.98466666666668,107.18566666666666,110.78366666666666,-3.3013818457642348,0.056605521586065424,1.0,1.0,99.95,110.89,105.42,10.411214419627136,0.9716636197440582,3.3494490779512716,1.3158187557687817,63.71373519037144,1.0,0.9791472583997174,0.9693204544221152,15.697487410247627,13.517249440842699,91.75531914893612,86.95120545418617,-8.24468085106388,3.944500000000019,2.826855123674904,1.4702944992706615,0.8833832274664593,0.5869112718042022,1.569390731337825,0.9118253412232442,0.6575653901145808,106.35058940329067
115.75,2021-03-29,116.23,114.2,115.06,1586100,1.9691052873005361,1.140626093692382,0.8284791936081541,108.34333333333335,104.5476923076923,108.62831352763928,106.65920824033874,0.3799106092684072,0.7598212185368157,-0.37991060926840853,0.15148808614478626,26.32486567092236,1.5060000000000002,56.59692110357416,24.866900225967726,31.730020877606435,111.095,107.46000000000001,109.2775,107.46000000000001,99.99638464478645,27.0445678385603,62.94156383269851,22.92825639775552,167.0082148532758,108.5,108.52,100.0,12.0,88.0,105.7779985219707,106.53933997146721,0.0,0.0,34346.433647989936,2716.0499999999956,4.928480486874201,110.40421991314835,-3017235.42116631,-1098570.7693757277,47.75557407507944,109.32409030648223,65.08803830662687,123.63059909748316,105.864,114.93200617556066,96.79599382443935,17.131425556488804,0.9596379754607193,0.0,0.0,109.66133333333332,107.82633333333334,111.49633333333334,-3.3466673151277897,-0.7366939146230687,1.0,0.0,99.95,115.06,107.505,14.27302954734376,0.9430840502978161,3.5795041701561443,1.3091399927525267,70.17953074284543,1.0,0.9881478077027924,0.9821474415007424,19.691605705644623,25.400625104783263,89.15510718789409,86.39996667368028,-10.844892812105911,4.914970588235306,6.70902635021492,1.8461652957928263,1.0759396411317328,0.7702256546610935,1.9045670475147765,1.1103736824815507,0.7941933650332258,107.32713356200802
116.23,2021-03-30,116.65,114.5,115.6,1505700,2.291642278059186,1.3708293305657429,0.920812947493443,108.9375,104.91807692307692,109.53164990800246,107.24000762994328,0.3761229314420802,0.789834515366431,-0.4137115839243508,0.1834839191091157,26.56988519195929,0.49799999999999045,63.221333032909996,32.68721065455161,30.534122378358383,111.365,107.72999999999999,109.54749999999999,107.72999999999999,99.99819232239322,28.54523706184608,61.509911348843474,21.581308796915614,175.88409562898002,108.27000000000001,108.52,100.0,8.0,92.0,107.0774787288948,106.53933997146721,0.0,0.0,34346.433647989936,2832.2799999999957,5.054678436695808,99.61347421126997,-433622.9889013182,-1130964.727387167,48.0609068246416,109.84911667152215,65.4438490232354,123.63059909748316,106.76200000000001,115.5102469100961,98.01375308990393,16.38831589909534,0.9422600367548951,0.0,0.0,110.28933333333335,108.43633333333332,112.14233333333334,-3.3602524269497356,-0.6361755711458847,1.0,0.0,103.94,115.6,109.77,10.92148891927839,0.905660377358491,3.4665537531405297,1.3091399927525267,70.64633986224871,1.0,1.0,0.9890983553675032,23.03713383525331,26.861646333188837,87.01298701298708,89.30780444993907,-12.987012987012921,5.7892058823529595,6.640588618794816,2.136928492178995,1.2881374113411854,0.8487910808378096,2.1758175873589245,1.3234624634570256,0.8523551239018989,108.1476620695703
114.46,2021-03-31,117.26,114.2,116.0,2782800,2.4942949941457755,1.5955224632817495,0.898772530864026,109.51583333333333,105.38346153846155,110.24985761446362,107.75556262031785,0.3465052535404292,0.7969392416628602,-0.450433988122431,0.21498797074290688,26.807943295006112,0.5210000000000008,69.17656636538197,40.22558537460382,28.950980990778156,112.315,107.93,110.1225,107.93,99.9990961611966,30.017714224781056,59.29802537071571,20.21130451766543,168.1133049743038,107.13749999999999,108.52,100.0,4.0,96.0,108.44108213227163,106.53933997146721,0.0,0.0,34346.433647989936,2717.8199999999956,5.177301234171987,80.47754932394574,-555914.7300366992,-1227482.8804155518,47.76101162813505,110.42963023634778,72.59480351886391,123.30667613041551,107.679,115.45475179645062,99.90324820354938,14.44246658392188,0.9193163677740219,0.0,0.0,111.03466666666665,109.06666666666668,113.00266666666667,-3.5448388491281944,-0.3042005420054205,1.0,0.0,103.94,116.0,109.97,11.199955423062995,0.8507462686567167,3.3958983778264775,1.3046264369219123,69.47511888994649,0.9424458478274208,0.9808152826091403,0.9896543634373108,25.435308141239908,21.89787446724237,79.70687711386701,85.29165710491604,-20.29312288613299,6.741588235294131,6.4702591832929315,2.3147714451963375,1.493464218112216,0.8213072270841215,2.2336060953013344,1.5054911898258874,0.728114905475447,109.01493208380086
115.93,2021-04-01,116.07,113.39,114.59,1521300,2.560028090861536,1.788423588797707,0.7716045020638291,109.94833333333332,105.90884615384616,110.73295644300768,108.17292835214614,0.4057235171936305,0.7694438033694905,-0.36372028617586,0.24278565529191354,26.931817925806445,-1.0434999999999945,73.55771052959878,47.37821224807398,26.1794982815248,113.375,107.93,110.6525,107.93,99.9995480805983,30.70466392572623,58.262428430524324,25.187171228849454,123.16973365421197,106.5,108.52,96.0,0.0,96.0,109.80168734846274,106.53933997146721,0.0,0.0,34346.433647989936,2601.889999999996,5.171075348564759,55.56599942052489,1659622.1858017708,-1074056.0941422996,46.93874105020159,110.88604846819783,65.13938998584275,123.30667613041551,108.3335,115.70791597687605,100.95908402312395,13.614285473793519,0.8428407087324381,0.0,0.0,111.91266666666668,109.90966666666665,113.91566666666668,-3.579576932012487,0.13121983691130218,1.0,1.0,104.54,116.0,110.27000000000001,10.578445263930357,0.7722513089005235,3.2433085400438286,1.329433592035508,66.28004843851059,0.7854391212465364,0.909294989691319,0.9633700907668198,26.565855563149015,15.087805447258207,70.57497181510712,79.09827864732038,-29.425028184892877,7.5290294117646965,4.796672828096115,2.3666069966485703,1.6680927738194868,0.6985142228290835,2.356511838086874,1.6756953194780848,0.6808165186087891,110.25277296489698
119.26,2021-04-05,119.65,116.03,116.44,1853400,2.792952561611912,1.989329383360548,0.8036231782513641,110.67666666666666,106.61423076923076,111.5478862210065,108.75493365939458,0.3607900819499897,0.7898718218113052,-0.42908173986131554,0.2712684895616161,27.12594372988835,-4.5445000000000135,80.57314099985665,54.44911142971702,26.124029570139626,113.875,108.195,111.035,108.15,99.99977404029914,31.75899580871876,58.56931183390909,21.957532288724398,163.91468063708854,104.7475,107.28999999999999,100.0,8.0,92.0,110.91738362573945,106.53933997146721,0.0,0.0,34346.433647989936,2721.149999999996,5.0537882177356,92.6060566461642,-7307689.082676533,-1595239.8719076538,49.715409186721566,111.55306574309124,72.34217746244491,123.30667613041551,109.12450000000001,116.23282322000092,102.0161767799991,13.027914391361998,0.9857333991629535,0.0,0.0,113.053,111.12100000000001,114.98500000000001,-3.4178659566751914,-0.2704451345755658,1.0,0.0,107.13,116.44,111.785,8.531539663411976,0.9559613319011819,3.5449776860394464,1.3276111694376331,70.96659284147395,1.0,0.909294989691319,0.9331350873305927,29.036715560851857,21.848646453330527,95.5961331901182,81.95932737303076,-4.4038668098818095,8.348382352941172,8.146145959548882,2.568115732900039,1.8480973656355975,0.7200183672644416,2.658612905519024,1.8722788366862728,0.7863340688327511,112.05239633483042
117.61,2021-04-06,120.37,117.47,118.11,1836600,3.058486519474897,2.203160810583418,0.855325708891479,111.75083333333333,107.36038461538462,112.45898064854396,109.40049412906906,0.38159509202454023,0.8137014314928429,-0.4321063394683027,0.30101314072360347,27.191054083636686,-5.265999999999991,86.22754949692755,61.21420974911128,25.013339747816268,114.765,109.03,111.89750000000001,108.985,99.99988702014957,33.07237110658672,60.43861566525137,20.067711564042398,158.36906236985098,104.685,107.28999999999999,100.0,4.0,96.0,112.02190690059156,106.53933997146721,0.0,0.0,34346.433647989936,2838.759999999996,5.0412175527924,103.57067712528357,-2296318.3402771926,-1708540.7260004014,51.175017908603834,112.23816350437816,72.66044300637051,124.83698392691468,109.83599999999998,117.28632455668902,102.38567544331094,13.566270724878985,1.0123266739531547,1.0,0.0,114.03800000000001,112.13500000000002,115.94099999999999,-3.3374839965625216,-0.4017341040462488,1.0,0.0,107.13,118.11,112.62,9.996722386102922,0.941712204007286,3.6244799174355022,1.3276111694376331,73.15800391242131,1.0,0.9284797070821788,0.9156898954882723,31.81835799905129,24.065703126975695,94.1712204007286,86.78077513531797,-5.828779599271406,8.752382352941183,12.325492445974374,2.7956788895912488,2.037613670426728,0.758065219164521,2.744625336077784,2.046748136564575,0.6978771995132087,113.6654618489648
117.16,2021-04-07,118.33,116.65,117.89,1010000,3.1662582925074503,2.395780306968225,0.7704779855392254,112.75750000000001,108.05846153846154,113.10375285646028,109.93749456395282,0.4020408163265307,0.8071428571428572,-0.40510204081632645,0.32808057596246964,27.275489873563913,-2.896000000000001,87.7610383276669,67.23901114689339,20.522027180773506,114.765,109.03,111.89750000000001,108.985,99.99994351007479,33.203800002225094,59.328241892919685,28.622535949436177,116.92640445518471,104.6575,107.28999999999999,96.0,0.0,96.0,113.23952552047325,106.53933997146721,0.0,0.0,34346.433647989936,2721.5999999999963,5.150020623593731,75.05040896452888,424376.9204506645,-1685158.716229519,50.357181865358754,112.8989364063436,71.80427597966192,123.96555865390822,110.346,118.18564642059854,102.50635357940146,14.209208164498108,0.9020589489493013,0.0,0.0,114.76966666666667,112.95566666666666,116.58366666666669,-3.161113999343638,-0.01828371922087044,1.0,0.0,107.13,118.11,112.62,9.950519275732699,0.8670309653916217,3.348031925691952,1.321677893559411,69.92152499637001,0.8584314016920844,0.9528104672306948,0.9301950546680642,33.154694502369125,22.514996899960828,86.70309653916217,92.15681671000299,-13.296903460837825,8.849088235294118,11.552070383475197,2.8800531657246156,2.2061015694863055,0.67395159623831,2.747084262764709,2.186815361804602,0.5602689009601072,114.2501453775225
116.88,2021-04-08,117.25,116.16,117.2,1024600,3.1755238321482437,2.5517290120042286,0.6237948201440151,113.48333333333333,108.81307692307692,113.57394472469716,110.39842089254891,0.36990271165390215,0.7963154626371355,-0.42641275098323334,0.35053341526865317,26.15563357694303,-1.1470000000000056,89.35472531947977,72.71154924770417,16.6431760717756,116.27000000000001,111.025,113.64750000000001,108.985,99.9999717550374,32.79888383624063,57.82991920882908,32.858803328782066,90.42376770242225,104.6575,107.28999999999999,92.0,4.0,88.0,114.2136204163786,106.53933997146721,0.0,0.0,34346.433647989936,2604.719999999996,6.023706124036936,56.14732196959604,37859.342915808855,-1861904.765878728,49.866215727339025,113.65038564906395,70.81021632857897,123.44482891759947,110.777,118.89505420036127,102.65894579963873,14.656569866238067,0.831544965526372,0.0,0.0,115.41000000000001,113.83900000000001,116.981,-2.7224677237674215,0.26129853596435476,1.0,1.0,107.13,118.11,112.62,9.911804797024656,0.8224043715846993,3.0732287331227566,1.0179061752119065,67.98600627767763,0.7737688164841078,0.8774000727253974,0.9195634156794236,33.69427223293201,15.265826529008047,79.43037974683543,86.7682322289087,-20.56962025316458,8.673676470588248,8.106095858538849,2.876421425664222,2.340165540721889,0.5362558849423333,2.696783888269917,2.2888090670976653,0.4079748211722518,114.57698067882775
117.55,2021-04-09,117.7,116.08,117.17,1341900,3.1402130859164004,2.669425826786663,0.4707872591297373,114.02083333333333,109.59076923076924,113.95949169012836,110.81927860421196,0.33908296943231453,0.793449781659389,-0.4543668122270744,0.36800946757807274,25.299872572822125,-1.7500000000000142,93.67372319351568,77.79363426321238,15.880088930303302,117.09,111.025,114.0575,108.985,99.9999858775187,32.422890253540764,55.07902742363727,31.295754073569213,82.1532340778964,104.6575,107.28999999999999,88.0,0.0,88.0,114.99289633310288,106.53933997146721,0.0,0.0,34346.433647989936,2487.169999999996,6.156843146550254,46.78284740251093,-94683.11356869477,-1841475.8365403265,49.785258427063546,114.41097043393843,71.17442381417717,123.44482891759947,111.23000000000002,119.46913344958092,102.99086655041911,14.81458859944422,0.7943270690831378,0.0,0.0,116.07166666666667,114.57266666666665,117.57066666666665,-2.5828870094625485,0.4972203691349743,1.0,1.0,107.13,118.11,112.62,9.871437561808866,0.8151183970856102,2.9199058598104815,0.5763600334726681,67.65671820345692,0.6511552103336131,0.7611184761699351,0.8637763387086758,34.04486865482904,14.645802728972777,72.41847826086953,79.51731818228903,-27.58152173913045,8.828058823529432,5.883426069506525,2.833634296728808,2.438859291923273,0.3947750048055352,2.672068285978344,2.365460910873801,0.30660737510454306,114.82527703697734
117.04,2021-04-12,117.81,115.94,117.17,1461800,3.0655939760661965,2.74865945664257,0.3169345194236266,114.55916666666667,110.1923076923077,114.26418527626245,111.19859130019626,0.37799274486094353,0.7482466747279325,-0.37025392986698896,0.3803532004000105,24.614526794775802,-2.1484999999999985,97.37846284596053,82.3249166790331,15.053546166927433,117.09,111.325,114.20750000000001,108.985,99.99999293875935,32.07375335531946,52.19348776633682,29.656198262428447,73.71318953272123,104.4325,107.28999999999999,84.0,0.0,84.0,115.6163170664823,106.53933997146721,0.0,0.0,34346.433647989936,2370.129999999996,6.189979973517613,37.75878348786651,-30075.187969924682,-1380212.9855352622,49.64410060487196,114.9801644874099,64.05918530572987,123.29594645680982,111.6585,119.94136007367037,103.37563992632964,14.836058291433904,0.7584554104451232,0.0,0.0,116.57233333333333,115.36333333333334,117.78133333333332,-2.074248606730566,0.7615108905431518,1.0,1.0,107.13,118.11,112.62,9.83355499133519,0.8023679417122039,2.8009152738294336,0.6473353679754911,67.04472888354812,0.4821019190885583,0.6356753153020931,0.7580646213991419,34.17425673386362,14.410092149918581,68.08823529411761,73.31236443394083,-31.91176470588239,8.422058823529412,5.900621118012416,2.7568640395724024,2.502460241453099,0.25440379811930347,2.585869873537364,2.4095427034065136,0.17632717013085042,114.97611843951152
117.65,2021-04-13,118.23,116.14,117.34,1115500,2.9881505825816674,2.7965576818303894,0.191592900751278,115.11166666666666,110.80499999999999,114.55277215683746,111.5646215742558,0.38536953242835637,0.7262443438914029,-0.34087481146304655,0.3882956717668662,23.847759771512145,-1.522500000000008,98.28990221378078,86.22142436579651,12.06847784798427,117.09,112.62,114.855,108.985,99.99999646937968,31.80460860733572,49.487328680729256,27.65237487380492,71.33289225764112,103.775,107.28999999999999,80.0,32.0,48.0,116.11505365318584,106.53933997146721,0.0,0.0,34346.433647989936,2487.779999999996,6.156121157037774,35.726100132457056,-223161.92095197758,-1294978.901009362,49.84705040649349,115.46053004746663,64.38066390920932,123.29594645680982,112.1025,120.34656665426733,103.85843334573268,14.708087070792047,0.7448730808059446,0.0,0.0,116.77966666666669,115.59866666666667,117.96066666666665,-2.0226123840051895,0.770815692915609,1.0,1.0,107.13,118.11,112.62,9.794607613567944,0.8205828779599273,2.7498237464464905,0.7145672478435943,67.49704535224481,0.5204207956312085,0.5512259750177934,0.6493399221632737,34.39857688325015,16.65912651564076,70.55306427503737,70.35325927667482,-29.446935724962625,7.752676470588241,6.054241621769696,2.6784033687532367,2.5376488669131265,0.14075450184011018,2.5302619355068936,2.43368654982659,0.09657538568030377,115.03572952980316
114.9,2021-04-14,117.7,114.78,117.05,1710700,2.7849325326142207,2.794232651987156,-0.009300119372935178,115.46166666666666,111.24884615384616,114.58773028655477,111.80279775394055,0.38483363425328915,0.6971885478462733,-0.3123549135929841,0.38967183376582604,23.323492323815067,1.7685000000000173,97.43884108026681,89.36167711189483,8.077163968371977,117.09,112.62,114.855,108.985,49.99999823468984,31.23869505343355,47.25238915144463,29.033848149651853,53.50076103500724,103.69999999999999,107.28999999999999,76.0,28.000000000000004,48.0,116.51404292254867,106.53933997146721,0.0,0.0,34346.433647989936,2372.879999999996,6.360946521078716,8.298942970677484,231940.8181027021,-1227913.962159751,48.50157081289955,115.87409185123225,57.49815955390689,121.85215028683167,112.43149999999999,120.55058683288965,104.31241316711032,14.442726162845226,0.6446283337238408,0.0,0.0,116.87233333333333,115.73133333333335,118.01333333333332,-1.9525579193250482,1.4168857727140076,0.0,1.0,107.13,118.11,112.62,9.76594637623798,0.69672131147541,2.630841371801842,0.9401224285257801,61.33249067104285,0.0,0.33417423823992226,0.5070251761866028,32.93554509177225,0.7338302302758674,50.22421524663678,62.9551716052639,-49.77578475336322,7.162882352941168,3.7981551817688577,2.490932774994948,2.528305648529491,-0.03737287353454288,2.267683130441511,2.400485865949574,-0.1328027355080632,115.03388715325633
117.02,2021-04-15,117.35,115.4,115.99,1413600,2.6434376782794544,2.7640736572456155,-0.12063597896616107,115.56166666666667,111.59307692307692,114.71269485785403,112.06925717957458,0.37055837563451854,0.6505076142131982,-0.2799492385786797,0.386949888633529,23.13647830463542,1.663000000000011,98.00916105290388,92.07850494781762,5.930656105086257,117.68,112.62,115.15,108.985,50.00210813381952,30.501418695153955,44.38220785500269,29.027274198770954,44.48839649536767,104.735,107.28999999999999,72.0,24.0,48.0,116.83323433803893,106.53933997146721,0.0,0.0,34346.433647989936,2489.899999999996,5.0477239353327645,17.478008260580776,819347.1201504077,-1182651.809974513,49.13367048183143,116.27570445450814,57.09098744839921,121.85215028683167,112.83699999999999,120.69430513598664,104.97969486401334,13.926823889303423,0.6630966314558292,0.0,0.0,116.915,115.76399999999998,118.066,-1.9689518025916442,1.1581233709817431,0.0,1.0,107.13,118.11,112.62,9.73085069613691,0.7531876138433522,2.624757234621657,1.051081791171176,62.99189149080502,0.14032378856553868,0.220248194732249,0.36854946932998817,32.105956616158096,-3.8191633621013543,26.358695652173935,49.04532505794935,-73.64130434782606,6.541147058823526,1.0507880910683036,2.3587536357484127,2.4943952459732754,-0.13564161022486276,2.182437248051162,2.3568761423698916,-0.1744388943187296,115.04196480360125
117.36,2021-04-16,118.57,116.58,117.18,1353800,2.596586294646471,2.730576184725787,-0.13398989007931572,115.735,111.94076923076923,114.99997257203034,112.40338627738387,0.378220451527225,0.6361221779548476,-0.2579017264276226,0.38295970596810036,23.10184600972072,0.7630000000000194,101.45532212680126,94.3987472952559,7.056574831545362,117.68,112.62,115.15,108.985,62.50421759162166,30.271952668728947,46.354812672054216,26.47921250790326,65.49041368922852,104.85,107.28999999999999,68.0,20.0,48.0,117.08858747043115,106.53933997146721,0.0,0.0,34346.433647989936,2607.259999999996,4.955413332836387,34.7646927947834,-1427189.843217443,-872338.8743817674,50.3337120762855,116.6610382921458,57.31041367261515,121.85215028683167,113.43699999999998,120.47003945673573,106.40396054326423,12.399903835143297,0.7234453552645628,0.0,0.0,117.19099999999999,116.049,118.33300000000001,-1.9489551245402859,0.7675131348511426,1.0,1.0,108.63,118.11,113.37,8.357061628921784,0.8386075949367088,2.6792815111594903,1.0704084597713803,65.98391138411066,0.3933377451045505,0.17788717789002972,0.24410320362073365,32.17593294281664,6.632883143465544,25.000000000000174,33.860970299603615,-74.99999999999983,6.10797058823529,1.8165938864628806,2.3100605601318236,2.457528308804985,-0.14746774867316148,2.1137588503649067,2.308252683968895,-0.1944938336039881,115.16139439809304
116.95,2021-04-19,118.05,116.24,117.79,1263200,2.503166136020667,2.685094174984763,-0.18192803896409604,115.90499999999999,112.2953846153846,115.19074602248722,112.68757988646655,0.42993725724529475,0.5820137436510309,-0.15207648640573612,0.3768972720612231,23.04445292494176,-0.630500000000012,102.11940789640512,96.16450933964231,5.954898556762814,117.57,112.62,115.095,108.985,75.00579957464318,30.280052314093155,46.59986632378357,24.880353109516278,61.82966461365654,104.85,107.28999999999999,64.0,16.0,48.0,117.29286997634492,106.53933997146721,0.0,0.0,34346.433647989936,2490.3099999999963,5.541138749908745,24.11787953838572,-10004.275331338207,-657536.6496792691,49.992632988963486,116.81696917277914,50.216904502038915,121.49677431241477,114.02050000000001,119.84702374920087,108.19397625079915,10.220133658773394,0.690465198078391,0.0,0.0,117.18966666666668,116.34266666666667,118.03666666666666,-1.445519940609088,1.0606060606060679,0.0,1.0,110.75,118.11,114.43,6.4549795870040905,0.7459239130434776,2.558353360043541,1.1063843178951804,64.36908253280842,0.25678309260525656,0.26348154209178193,0.2205389715713535,31.799408421697294,3.931235690719519,8.33333333333339,19.897342995169147,-91.66666666666661,5.654852941176472,1.786339754816105,2.2213327667011953,2.410289200384227,-0.18895643368303183,2.007275592757186,2.248057265726553,-0.24078167296936703,115.16891009398309
116.34,2021-04-20,117.05,116.02,116.87,1273800,2.3838977366868193,2.6248548873251742,-0.240957150638355,116.12416666666667,112.62807692307692,115.31832355748918,112.93442582080236,0.4693685202639019,0.5852968897266733,-0.11592836946277135,0.3685581077186262,22.953179425388015,1.581000000000003,99.37514545630226,97.45496568726846,1.9201797690338083,117.42,112.62,115.02000000000001,108.985,37.50289978732159,29.636339392558405,45.07381415197321,29.263665824289493,37.52525419799242,104.85,107.28999999999999,60.0,12.0,48.0,117.29286997634492,118.11,0.0,1.0,34346.433647989936,2373.969999999996,5.976010392188215,17.01606817575921,148530.17019081404,-615954.2811726884,49.77244372537092,116.89249740746853,43.156601411681784,121.26682515249796,114.449,119.48678086065694,109.41121913934306,8.803538450588363,0.6559218278298767,0.0,0.0,116.98933333333332,116.35033333333334,117.62833333333333,-1.0924072849946362,1.2584767866458098,0.0,1.0,111.31,118.11,114.71000000000001,5.941511066064358,0.6926470588235287,2.383518024039187,1.154520511992102,63.289762208445374,0.1655126079901437,0.27187781523331694,0.23774884507170949,31.197161545641887,2.7773189626580614,-2.450980392156716,10.29411764705893,-102.45098039215672,4.989558823529421,2.319428521033597,2.110868957238466,2.350405151755075,-0.23953619451660924,1.858893407426219,2.170224494066486,-0.3113310866402672,115.21188985400586
116.67,2021-04-21,117.24,116.43,116.44,1278900,2.2959934610071713,2.5590826020615736,-0.2630891410544023,116.15750000000001,112.98076923076923,115.48935070249084,113.19335724148367,0.49191152195444027,0.5724661604489929,-0.08055463849455263,0.3590545927886083,22.931063373179413,2.6810000000000116,97.03073013257327,98.30785511094551,-1.2771249783722425,117.42,112.62,115.02000000000001,108.985,43.753471321399296,29.03860596541899,44.03841031911231,28.591441555540687,34.54907139854558,105.8475,107.28999999999999,56.00000000000001,8.0,48.00000000000001,117.29286997634492,118.0888,0.0,0.0,34346.433647989936,2490.6399999999962,5.93775047681573,21.418729864936648,82283.36333247903,-570368.70307489,50.18474074312648,116.95395565782835,43.26311030618549,121.26682515249796,114.78899999999999,119.3778076882782,110.20019231172178,7.995204572351374,0.678804616740841,0.0,0.0,116.89733333333334,116.22233333333334,117.57233333333333,-1.1548595348624955,0.8461728395061711,1.0,1.0,111.42,118.11,114.765,5.828084572563571,0.7488789237668172,2.2671662216352684,1.1764356428071585,64.48493716056942,0.2665800989081721,0.22962526650119078,0.2549948746087632,30.981018168315178,6.088257729456919,17.647058823530028,7.8431372549022145,-82.35294117646997,4.400058823529406,0.3447384297164575,2.028381803455975,2.286000482095255,-0.2576186786392798,1.7440738470086043,2.08499436465491,-0.3409205176463055,115.22193283935529
115.15,2021-04-22,116.97,114.33,116.71,1096200,2.0334360545800223,2.4539532925652634,-0.4205172379852411,115.89583333333333,113.21653846153846,115.31098905595378,113.27755300137376,0.4406077348066296,0.6146408839779006,-0.174033149171271,0.34473339883541937,22.94903498858639,1.6185000000000258,93.2531704114925,98.26112702405403,-5.007956612561529,117.38,112.62,115.0,108.985,21.876735660699648,28.483567783075248,43.323903362748524,28.12755596712206,-5.409914806481758,105.9525,107.28999999999999,52.0,4.0,48.0,117.29286997634492,118.06802400000001,0.0,0.0,34346.433647989936,2375.489999999996,6.82525408170583,-16.186088687197294,-0.0,-688913.1449178735,48.10782757641687,117.04785814901214,43.248992898794114,119.07958532753663,115.03149999999998,118.93367516264979,111.12932483735017,6.784533215075545,0.4101142349125582,0.0,0.0,116.81066666666666,116.11466666666665,117.50666666666669,-1.191671993425291,2.2820881226053182,0.0,1.0,111.42,118.11,114.765,5.815798281340327,0.43497757847533597,2.0944495994717407,1.3517518768560333,54.6675864279049,0.0,0.1440309022994386,0.21517799467798207,27.9442152950114,-6.786266577880483,-231.57894736842098,-72.12762297901591,-331.578947368421,4.023176470588254,-2.6730228994636933,1.7950917906527888,2.187818743806762,-0.3927269531539732,1.5297864720767504,1.973952786139278,-0.4441663140625276,115.17465899253412
115.56,2021-04-23,116.24,114.08,115.19,952700,1.7846126044780704,2.320085154947825,-0.5354725504697546,115.68166666666666,113.47769230769231,115.12160612426858,113.33699351979051,0.5757822023567654,0.5367736692401464,0.039008533116619004,0.32672017906540723,23.027369806243577,0.9000000000000057,88.75493443404471,97.30295720050783,-8.54802276646312,117.015,112.62,114.8175,108.985,10.938367830349824,27.449028460806396,41.11729882331544,31.018302218672833,-77.40476034358284,106.10249999999999,107.28999999999999,48.0,0.0,48.0,117.29286997634492,118.02410304000001,0.0,0.0,34346.433647989936,2259.929999999996,6.868573954512271,-18.000933160454824,1022196.2616822402,-93921.3346065326,47.85513799363019,116.89128133721786,36.075527816329924,119.07958532753663,115.25999999999999,118.27691895814273,112.24308104185725,5.234979972484364,0.3044362449950564,0.0,0.0,116.62933333333334,115.88133333333334,117.37733333333331,-1.2826961770623457,2.204099821746916,0.0,1.0,114.43,118.11,116.27000000000001,3.1927815373937123,-0.09510869565217642,2.0760046395245664,1.5563087017631023,53.62099708394793,0.0,0.08886003296939071,0.15417206725667332,25.12103952315051,-4.304531765615595,-115.50802139037387,-109.81330331175496,-215.50802139037387,3.2320588235293997,-2.2031718816973913,1.5746073272769914,2.065176460500808,-0.49056913322381646,1.372732249629146,1.8537086788372517,-0.48097642920810557,115.11102740164971
113.98,2021-04-26,115.3,113.38,115.3,1577500,1.5134875355437458,2.158765631067009,-0.6452780955232633,115.45,113.81615384615385,114.85366672053496,113.34017918499121,0.6314564913913444,0.43694741740344323,0.19450907398790118,0.30516952038254985,22.635781653772636,0.6799999999999926,83.01990717388921,95.60629108496433,-12.586383911075117,116.545,113.37,114.95750000000001,108.985,5.469183915174912,25.863550225308593,38.148882492593,34.341448782458066,-142.29100075361615,106.75,107.28999999999999,44.0,0.0,44.0,117.29286997634492,117.91705685760002,0.0,0.0,34346.433647989936,2145.949999999996,6.81207637291219,-26.827371280389897,-0.0,70101.40398469544,47.155751598118265,116.60839486937267,28.902850468805738,118.34890764758156,115.4,117.71296346707011,113.0870365329299,4.0086021959620535,0.06333075970309203,0.0,0.0,116.398,115.71400000000001,117.082,-1.1752779257375392,2.7061403508772295,0.0,1.0,115.3,118.11,116.705,2.435008665511267,-0.6832740213523132,1.9904041755721096,1.727252319864202,50.69448807828654,0.0,0.0,0.0776303117562764,21.85233733468266,-15.51729207197294,-74.1312741312741,-140.40608096335635,-174.1312741312741,2.461147058823528,-2.393250688705235,1.3353495172029564,1.9192110718412376,-0.5838615546382813,1.1252337154523069,1.7080136861602628,-0.582779970707956,114.98164471339287
115.01,2021-04-27,115.51,114.11,114.24,1232900,1.342053506771336,1.9954232062078745,-0.6533696994365386,115.28583333333331,114.18307692307691,114.73925645583728,113.39720294906594,0.5338312829525476,0.4121265377855887,0.12170474516695884,0.28290468343421604,22.355457379835187,0.5444999999999993,76.4774161161444,93.27724386672851,-16.799827750584114,116.545,114.43,115.48750000000001,108.985,2.734591957587456,24.391320435203493,36.166748514991355,32.557140880778555,-138.02943826975118,106.75,107.28999999999999,40.0,0.0,40.0,117.29286997634492,117.70769230899201,0.0,0.0,34346.433647989936,2260.9599999999964,6.750962665187427,-11.000989668905564,469307.0167811501,73310.69657973012,47.89624639437864,116.3948919982474,28.994105730691103,118.34890764758156,115.3955,117.71811469038688,113.07288530961311,4.025485725850462,0.22326447315592643,0.0,0.0,116.13633333333333,115.41433333333335,116.85833333333332,-1.2433662735462985,1.9032779316713087,0.0,1.0,115.3,118.11,116.705,2.4351036218916704,-0.4234875444839846,2.0043637580148994,1.8081026794340054,53.542120111871945,0.1646837484568407,0.0548945828189469,0.04791820526277917,19.793505626797614,-16.97565017238321,-47.79116465863427,-79.14348672676077,-147.79116465863427,1.8787058823529605,-1.6971054445210192,1.183497892248841,1.7720684359227585,-0.5885705436739175,0.9895678813644946,1.5643245252011093,-0.5747566438366147,114.93982054109837
114.04,2021-04-28,115.32,113.65,114.75,1167900,1.1557498830120778,1.8274885415687154,-0.6717386585566376,115.09499999999998,114.42153846153846,114.57167853955463,113.41592865654255,0.5040650406504061,0.4201968335472827,0.08386820710312343,0.2597774394352049,22.1477759233964,0.7870000000000061,70.39651876322407,90.20917250120853,-19.812653737984462,116.545,114.71000000000001,115.6275,108.985,1.367295978793728,23.33596767863213,37.906534636429825,31.255636197946824,-128.93966022261236,106.45750000000001,107.28999999999999,36.0,0.0,36.0,117.29286997634492,117.51507692427265,0.0,0.0,34346.433647989936,2146.9199999999964,6.840890742484058,-16.92347685906181,-79971.93967028846,64894.176395008886,47.436528578236334,116.23290705258364,29.08524913190513,117.87181977169087,115.353,117.76884022650526,112.93715977349473,4.188604070124343,0.1475346379873115,0.0,0.0,115.94266666666665,115.22866666666667,116.65666666666667,-1.231643225962255,2.105508870214752,0.0,1.0,115.3,118.11,116.705,2.436000797551865,-0.5871886120996406,1.924927382213409,1.905674349737403,51.522789537619055,0.04883210835015098,0.07117195226899722,0.04202217836264801,17.478636052228655,-17.63269152640786,-66.26506024096327,-62.729166343623895,-166.26506024096327,1.341823529411755,-1.9751595652923857,1.0190366527016106,1.621462079278529,-0.6024254265769184,0.8049775585071263,1.4124551318623129,-0.6074775733551866,114.90614504642026
115.43,2021-04-29,115.72,114.22,114.38,1066500,1.0420846520552658,1.6704077636660257,-0.6283231116107599,114.935,114.59807692307693,114.51757414885391,113.47548949679864,0.5288702928870292,0.43054393305439337,0.09832635983263588,0.23757765652413113,22.03740008653158,-0.5739999999999981,63.84049660629525,86.02974744337455,-22.1892508370793,116.545,114.765,115.655,108.985,0.683647989396864,22.355997261815865,36.13225482796717,29.79266299982769,-104.29441111184313,106.73750000000001,107.28999999999999,32.0,4.0,28.0,117.29286997634492,117.33787077033084,0.0,0.0,34346.433647989936,2262.3499999999963,6.709792923668744,-5.106537307767379,-17413.15082734195,70413.45944796267,48.01545598694727,116.0747583225515,28.89587872150547,117.87181977169087,115.354,117.76794614687259,112.94005385312741,4.185283816551815,0.26511489258590865,0.0,0.0,115.79533333333332,115.08333333333334,116.50733333333332,-1.2297559487140919,1.6062734082397172,0.0,1.0,115.3,118.11,116.705,2.4359796799417466,-0.38434163701067525,1.9394346439920676,1.9555819358982625,53.84566569186757,0.1875415487180002,0.13368580184166395,0.08658411230986933,16.10736651997403,-10.231816566090936,-43.373493975903386,-52.47657295850033,-143.3734939759034,0.7844117647058937,-1.6531771999311191,0.9183345731103147,1.4808365780448862,-0.5625020049345715,0.7473484450550039,1.2794337945008512,-0.5320853494458473,114.88709959309236
114.9,2021-04-30,115.89,113.5,115.49,964700,0.8837191901710924,1.5130700489670392,-0.6293508587959469,114.82833333333333,114.75269230769231,114.36102427979947,113.47730508962837,0.5176174496644296,0.46812080536912787,0.049496644295301706,0.21523968003024635,21.924569399795345,0.04050000000000864,55.40053912736981,80.83876202459282,-25.438222897223014,116.08500000000001,114.765,115.42500000000001,108.985,0.341823994698432,22.11844099850405,40.26581341506705,27.39064717369381,-94.44965813111618,106.73750000000001,107.28999999999999,28.000000000000004,0.0,28.000000000000004,117.29286997634492,117.17484110870437,0.0,0.0,34346.433647989936,2147.449999999996,7.12292768296689,-16.195317692372022,-222802.43690165697,56647.227381410354,47.29116952223006,115.93085905882934,35.99897216084186,117.1288000708012,115.3595,117.75595968044551,112.96304031955448,4.154767800563485,0.11203186200606048,0.0,0.0,115.547,114.93400000000001,116.16,-1.0610400962378814,2.169657422512259,0.0,1.0,115.3,118.11,116.705,2.4358635396304615,-0.6405693950177921,1.9124911795928612,2.049804410822117,50.550649887452636,0.0,0.07879121902271706,0.09454965771112604,13.995597907698304,-17.173212852559107,-72.28915662650564,-60.642570281124115,-172.28915662650564,0.5811764705882183,-1.1151768600801544,0.7787629336747994,1.3404218491708688,-0.5616589154960694,0.6570087851629842,1.154948792633278,-0.49794000747029377,114.71733245110889
116.23,2021-05-03,116.88,115.26,115.61,1312500,0.8899716722826838,1.3884503736301683,-0.4984787013474845,114.81666666666666,114.97384615384614,114.4993282367534,113.60935656447072,0.48736462093862853,0.4608904933814686,0.026474127557159943,0.1964287989967269,21.779090914301076,1.2590000000000003,48.477024087479414,75.18341520583473,-26.70639111835532,116.005,116.27000000000001,116.1375,108.985,0.170911997349216,21.967144521690813,35.906533248631575,23.937544048094725,-25.969582399535163,106.83250000000001,106.825,24.0,0.0,24.0,117.29286997634492,117.02485382000802,0.0,0.0,34346.433647989936,2263.679999999996,7.145373411509339,15.341841977966919,-606426.912156928,29271.15658105675,49.093502561877635,115.83498131156584,35.88983583609884,117.1288000708012,115.321,117.6977953214362,112.94420467856379,4.122051181374086,0.4871675950701693,0.0,0.0,115.40266666666666,114.68866666666665,116.11666666666667,-1.2374064146409318,0.599906629318385,1.0,1.0,115.3,118.11,116.705,2.4366767544506227,-0.014234875444837014,2.059242061633575,2.049807003735638,57.41130977797914,0.44453726725307807,0.2106929386570261,0.14105665317380234,14.065890777653308,4.144808073717486,-1.6064257028109195,-39.089692101740006,-101.60642570281092,0.5560588235293977,-0.12131715771230552,0.7833612469916993,1.229009728735035,-0.4456484817433357,0.6707616597340527,1.058111366053433,-0.38734970631938026,114.7278210506663
114.83,2021-05-04,115.62,113.8,115.07,1442800,0.7682609768170323,1.2644124942675412,-0.4961515174505089,114.585,115.09769230769231,114.39173927725288,113.62347830043585,0.5385587863463973,0.4694479561736207,0.06911083017277664,0.17785673585456305,21.68984443782908,1.102499999999992,41.157703424979644,68.97530112721321,-27.81759770223357,116.005,116.705,116.35499999999999,108.985,0.085455998674608,20.803984800122496,35.90653324863157,32.0449146922668,-90.05573309321677,107.1925,106.825,20.0,76.0,-56.0,117.29286997634492,116.88686551440738,0.0,0.0,34346.433647989936,2148.8499999999963,7.352547687171104,-10.800106876028483,431072.0195071057,43494.81382422844,47.63894937777213,115.71583019959205,35.928344041789,115.64512795468659,115.1375,117.38550244661813,112.88949755338187,3.9049005695244907,0.20251366896594672,0.0,0.0,115.221,114.46999999999998,115.97199999999998,-1.303581812343232,1.4460719041278227,0.0,1.0,115.3,117.89,116.595,2.2494843122353734,-0.5791505791505784,1.8893178554702175,2.057504064084058,51.0801621485839,0.03430980944928129,0.15961569223411978,0.1496999499712876,12.158092470544888,-1.5214160860063453,-60.24096385542147,-44.71218206157936,-160.24096385542146,0.48858823529410245,-2.384628581231773,0.6761463284776816,1.1184370486835644,-0.4422907202058828,0.5770200248000368,0.9618930978027538,-0.384873073002717,114.6867277463522
114.68,2021-05-05,115.48,113.97,115.34,2143500,0.6777097370440259,1.1470719428228382,-0.46936220577881227,114.39583333333333,115.08884615384615,114.32685631152167,113.64914657447764,0.49693520140105046,0.49255691768826737,0.004378283712783093,0.16019861288838255,21.56190342438327,1.0164999999999935,33.954320217985455,62.386539994601335,-28.43221977661588,115.455,116.705,116.08,108.985,0.042727999337304,19.904428050526324,34.134852865184264,28.95505164145663,-74.57845789954621,109.2775,107.46000000000001,16.0,72.0,-56.0,117.29286997634492,116.75991627325479,0.0,0.0,34346.433647989936,2263.529999999996,8.042682311982594,-6.47214875088153,-7935.123822811923,-15596.775031001527,47.81026396476686,115.62168966007678,43.05877976479778,115.81788429697392,115.0035,117.19365319098942,112.81334680901058,3.808846149881387,0.26405760011401047,0.0,0.0,115.04366666666667,114.35866666666668,115.72866666666667,-1.1908521691763334,1.2836982968369945,0.0,1.0,115.3,117.79,116.545,2.1651514953892788,-0.5341365461847363,1.8683860699231964,2.090345050057147,51.74740875727031,0.07754413220282842,0.18546373630172927,0.18525745573095834,10.815244347822304,1.9319883357248047,-53.41365461847363,-38.42034805890202,-153.41365461847363,0.37226470588235827,-1.9528561596696457,0.5963174889306386,1.0140131367329792,-0.4176956478023406,0.4866217971651986,0.8668388376752428,-0.38021704051004424,114.64862136250659
115.7,2021-05-06,115.74,114.43,115.25,1124300,0.6357370023267777,1.044804954723626,-0.40906795239684834,114.26333333333334,115.08615384615385,114.34272457128756,113.70698756896078,0.5321828358208958,0.4230410447761201,0.10914179104477567,0.14439961675823135,21.46296770754353,1.5130000000000052,27.923917595486543,55.62753812365042,-27.703620528163874,115.455,116.705,116.08,108.985,0.021363999668652,19.069125354472735,31.422795551716725,26.65453609870071,-53.33715678543155,109.54749999999999,107.72999999999999,12.0,68.0,-56.0,117.29286997634492,116.6431229713944,0.0,0.0,34346.433647989936,2379.229999999996,6.114898066670513,2.0555867849588196,-35998.271391526796,83774.05152799249,48.27724650403159,115.45485301491208,42.917902200015014,115.81788429697392,114.917,117.05361507998076,112.78038492001924,3.718536126040111,0.3860346899722385,0.0,0.0,114.95733333333332,114.24933333333334,115.66533333333332,-1.231761349138216,0.8724105461393578,1.0,1.0,115.3,117.79,116.545,2.1667812421138812,-0.34939759036144064,1.8585474629308762,2.1305651525669056,53.59194963281523,0.2182601582522365,0.11003803330144873,0.15170582061243254,10.224627970665471,-0.4281182806433609,-34.93975903614406,-49.53145917001307,-134.93975903614407,0.19861764705881058,-1.3704533701085926,0.5591010859743488,0.9230307265812532,-0.36392964060690436,0.4808729128074239,0.7896456527016791,-0.3087727398942552,114.6474631044248
116.25,2021-05-07,116.94,115.38,115.89,1211200,0.6713909907696518,0.9701221619328312,-0.2987311711631794,114.17583333333333,115.13153846153844,114.50230540647408,113.83091441570443,0.4795373665480439,0.439946619217083,0.03959074733096091,0.13188503218999462,21.490855997153908,-0.5519999999999925,23.55079576582418,49.019859078309864,-25.469063312485684,115.60499999999999,116.705,116.155,108.985,0.010681999834326,18.743316027433853,32.52650991029423,24.284487059724956,17.376086005375516,110.1225,107.93,8.0,64.0,-56.0,117.29286997634492,116.53567313368285,0.0,0.0,34346.433647989936,2495.479999999996,5.957739894266363,17.53871724425023,-830967.7419354832,25133.803913410702,49.2423561780681,115.36115787387678,50.21478293577867,115.81788429697392,114.88199999999999,116.96348600764001,112.80051399235997,3.6236938904963765,0.6196260743939936,0.0,0.0,115.04733333333334,114.33933333333331,115.75533333333335,-1.2307977586037393,0.2650659133710086,1.0,1.0,115.3,117.79,116.545,2.167441374627887,0.0321285140562241,1.9236927166377877,2.125814779078879,57.2283686096708,0.4792292990185004,0.2583445298245218,0.18461543314256657,10.783100169396242,6.5636965146414274,5.095541401273753,-27.752624084448,-94.90445859872625,0.05699999999998795,-0.901829425405833,0.5898142821885518,0.856387437702713,-0.26657315551416116,0.5088766278749507,0.7334918477363335,-0.22461521986138278,114.66683305117562
116.04,2021-05-10,117.5,115.96,116.71,1444800,0.7379416541847945,0.9236860603832239,-0.18574440619842936,114.31166666666667,115.23038461538461,114.72656611317038,113.98862445898558,0.41319882303489014,0.45229087852038735,-0.03909205548549721,0.12284432677010801,21.385460888864046,-0.8029999999999973,20.684992177766848,42.82070086293458,-22.13570868516773,116.01499999999999,116.705,116.35999999999999,108.985,0.005340999917163,18.968878417302285,34.86347928499965,22.336092650465883,68.179660051277,110.6525,107.93,4.0,60.0,-56.0,115.3,116.53567313368285,1.0,0.0,34346.433647989936,2611.519999999996,5.860713663461509,24.64792906650017,-469751.80972078803,-19029.19465170373,49.825673910777404,115.36642941646483,57.493854057675954,116.40008548342082,114.883,116.96653641676866,112.79946358323133,3.6272319085829348,0.758454805812875,0.0,0.0,115.25366666666669,114.46666666666665,116.04066666666668,-1.3656832320591619,0.05124947056333274,1.0,1.0,115.3,117.79,116.545,2.167422508116962,0.2650602409638531,1.9433234449740096,2.1028306438352247,59.32396790926075,0.6296208661302938,0.4423701078003435,0.2702508903087713,11.869841500795088,7.673473514039897,46.80851063829775,5.654764334475793,-53.19148936170225,0.004588235294122001,1.4256975422023925,0.6473818397995621,0.8145863181220829,-0.16720447832252083,0.5104140203759275,0.6888762822642523,-0.1784622618883248,114.75571548362046
112.81,2021-05-11,116.14,112.12,116.11,1738200,0.47534810951934503,0.8340184702104482,-0.35867036069110314,114.14833333333333,115.08000000000001,114.3255559419134,113.85020783239405,0.4663736263736279,0.4817582417582424,-0.015384615384614497,0.10964278591020643,21.116444697529577,-1.3019999999999925,15.783648258731494,36.75260414021318,-20.968955881481683,116.095,116.705,116.4,109.03,0.0026704999585815,18.013327271517447,34.52702090521355,30.870537239213867,-70.91014942751697,111.035,108.15,0.0,56.00000000000001,-56.00000000000001,115.3282,116.53567313368285,0.0,0.0,34346.433647989936,2498.709999999996,18.724634449297685,-40.757546514428256,26061.51936885118,-23045.04064910572,46.08998574244351,115.22921209976344,50.363763862384104,112.54551211108266,114.68199999999999,117.00371143771169,112.36028856228829,4.048955263618875,-0.05174815405249406,0.0,1.0,115.27066666666667,114.60766666666666,115.93366666666665,-1.15033602072802,2.8760683760683765,0.0,1.0,115.3,117.79,116.545,2.1712212901763217,-1.277108433734932,1.7669911004766092,2.2691830629366354,43.96538296846952,0.0,0.3696167217162647,0.35677711978037663,7.578798352442101,-12.54452550250868,-225.53191489361706,-57.875954284681875,-325.53191489361706,-0.0005882352941313229,-1.7180925666199103,0.41752063397120404,0.7351731812919072,-0.3176525473207032,0.28237856099264425,0.6075767380099307,-0.3251981770172865,114.67614703957642
109.83,2021-05-12,112.44,109.47,111.95,2213300,0.052799342507725555,0.6777746446699037,-0.6249753021621781,113.82249999999999,114.77230769230769,113.57854733546517,113.52574799295745,0.6333777185974271,0.6258322237017317,0.007545494895695337,0.08945773500548748,21.0107585155846,-0.3064999999999998,9.996379170850078,30.769924425163723,-20.773545254313646,114.57499999999999,115.16499999999999,114.86999999999999,109.03,0.00133524997929075,18.45128116913458,34.52702090521355,56.506862392323285,-273.42610564639114,111.89750000000001,108.985,0.0,100.0,-100.0,115.3282,116.71,0.0,1.0,34346.433647989936,2388.879999999996,18.89778770487706,-76.51353986951003,1753346.0803059088,102193.96508703062,43.49411078703858,114.9039438772226,50.67371294496578,109.88545496610968,114.4165,117.66295206340729,111.17004793659271,5.674797015128569,-0.26183167091160403,0.0,1.0,114.94200000000001,114.28699999999999,115.59700000000001,-1.1397052426441303,4.67709923664117,0.0,1.0,112.44,117.79,115.11500000000001,4.675899018061214,-0.5551401869158867,1.6222919904289477,2.622258131912898,36.871128318512326,0.0,0.2098736220434313,0.3406201505200131,1.132106541615943,-44.259429735023865,-69.55503512880566,-82.75947979470834,-169.55503512880568,-0.6799117647058921,-3.448579996472038,0.04650869379076979,0.5974402837916798,-0.55093159000091,-0.10745745685125127,0.46456989903769436,-0.5720273558889456,114.33555191731408
109.58,2021-05-13,111.27,109.21,110.37,1792200,-0.299599826433095,0.48229975044930395,-0.781899576882399,113.41416666666667,114.48615384615384,112.90646313000899,113.20606295644208,0.6494201605709199,0.6382694023193588,0.011150758251561088,0.06486553115232449,21.15958723252613,-0.45699999999999363,4.63501288923327,25.129310398704103,-20.494297509470833,113.99,114.53,114.25999999999999,109.03,0.000667624989645375,19.33209454979141,32.35425637699072,61.13174106054472,-276.0464731075941,111.89750000000001,108.985,28.000000000000004,100.0,-72.0,115.3282,116.62459999999999,0.0,0.0,34346.433647989936,2279.299999999996,19.034511207096866,-69.65314845958011,1129311.9182332437,109845.08341210229,43.23384952824621,114.56812908900295,51.01227458762985,109.62446822735761,114.107,118.0292906572565,110.1847093427435,6.874759054670611,-0.12425256411584801,0.0,1.0,114.49300000000001,113.88199999999999,115.104,-1.067314158944222,4.823240589198007,0.0,1.0,111.27,117.79,114.53,5.7139351661160225,-0.3159509202453986,1.6400627913860526,2.9498542427935193,36.25303725048752,0.0,0.0,0.19316344791989862,-3.9468196674117952,-33.54619270876851,-37.867647058823586,-110.9848656937488,-137.8676470588236,-1.6156470588235265,-4.294102182104991,-0.26464998305644727,0.4250222304220544,-0.6896722134785016,-0.4311562429646066,0.2854246706372342,-0.7165809136018408,113.87644987061087
111.23,2021-05-14,111.67,109.59,110.02,1089900,-0.5419684080655429,0.2774461187463346,-0.8194145268118775,113.07583333333334,114.23346153846154,112.39623803308453,112.93820644115007,0.6284868977176679,0.6551141166525789,-0.026627218934911046,0.03891766186446984,21.604727021174945,0.4624999999999915,-0.2686415673607889,19.71312532594408,-19.98176689330487,113.99,114.53,114.25999999999999,111.025,0.0003338124948226875,20.149992688972755,30.494313491428144,57.61747247273461,-225.0859106529219,113.64750000000001,108.985,24.0,96.0,-72.0,115.3282,116.41041599999998,0.0,0.0,34346.433647989936,2390.529999999996,19.063844176283627,-53.66449867963995,-37085.31870897941,107196.13207574662,43.620878188625305,114.27304070418063,57.96445012210097,109.62446822735761,113.75750000000001,117.97096353965497,109.54403646034504,7.407799115935154,0.005454365419609967,0.0,0.0,114.03966666666668,113.30366666666666,114.77566666666667,-1.2907789394918217,3.522871376811571,0.0,1.0,111.27,117.79,114.53,5.731490231413322,-0.2576687116564402,1.7220565122474483,3.2087020267204385,37.891777320866076,0.07103051431327441,0.02367683810442484,0.07785015338261868,-7.3898955493713645,-29.497053649959984,-30.882352941176347,-46.10167837626855,-130.88235294117635,-2.676264705882346,-3.572371315442149,-0.47988048079013207,0.24404168817961708,-0.7239221689697491,-0.5652565104755359,0.11528843441468017,-0.6805449448902161,113.60268924851778
109.65,2021-05-17,111.87,108.7,111.33,1193000,-0.7966791952924837,0.06262105593857098,-0.8593002512310546,112.61583333333333,113.94961538461538,111.82758602799461,112.6242652232871,0.5942881142377163,0.7198656026879472,-0.12557748845023087,0.011568562130386225,21.964843231556117,0.11950000000001637,-6.3858886088503315,14.43050398885186,-20.81639259770219,113.99,114.53,114.25999999999999,111.025,0.00016690624741134375,19.956267103350672,35.75208621206749,50.85437812019694,-167.72674767147691,114.0575,108.985,20.0,92.0,-72.0,115.3282,116.20479935999998,0.0,0.0,34346.433647989936,2280.879999999996,18.97869828111052,-59.93935601111997,-371819.425444602,47115.67191676433,42.73039091788892,113.99714974023799,64.98814648093943,108.7341883047155,113.38049999999998,117.97047374720181,108.79052625279816,8.09658406375316,-0.00986130398385651,0.0,1.0,113.51133333333333,112.84833333333333,114.17433333333334,-1.1681652933334186,4.128456510809428,0.0,1.0,111.27,116.87,114.07,4.939120924674004,-0.4589285714285695,1.7778508610227035,3.57420482638519,35.58448633059501,0.0,0.02367683810442484,0.015784558736283188,-10.968851762458993,-36.987885030811924,-47.24264705882342,-38.66421568627447,-147.24264705882342,-3.658294117647074,-4.832778847837503,-0.7073779293591839,0.05375776467185689,-0.7611356940310408,-0.7760704611433437,-0.0629833446969246,-0.7130871164464191,112.80299713021768
110.03,2021-05-18,110.88,109.5,110.19,1515600,-0.9233422998686649,-0.1345716152228762,-0.7887706846457887,112.28249999999998,113.70192307692308,111.46949586984161,112.39283816971027,0.6081517352703806,0.666263115415659,-0.05811138014527839,-0.014199084425349878,22.26919090701315,2.2055000000000007,-11.238367343412778,9.409094259807613,-20.647461603220393,113.79499999999999,114.33500000000001,114.065,111.325,8.345312370567187e-05,20.228566243913587,32.26005548236874,52.37696850163378,-147.30093521933244,114.20750000000001,108.985,16.0,100.0,-84.0,115.3282,116.00740738559998,0.0,0.0,34346.433647989936,2390.909999999996,18.642703777899715,-38.801733723817165,667863.3100063627,100532.47546509655,43.540179326352586,113.69182481828473,65.32730734755995,108.7341883047155,113.0545,117.77265843311795,108.33634156688206,8.346697270993989,0.1233170154853143,0.0,0.0,113.04733333333334,112.37033333333333,113.72433333333333,-1.1977283851601976,3.1198916789758764,0.0,1.0,110.88,116.71,113.79499999999999,5.156804903829567,-0.2367066895368775,1.8180657749204325,3.8132034131586154,39.17006620316249,0.1510386762527189,0.07402306352199782,0.0404589132436158,-12.794299831147887,-36.39056242029695,-23.670668953687752,-33.93188965122919,-123.67066895368774,-4.61188235294118,-3.524229074889868,-0.8215312602698421,-0.12130004031648292,-0.7002312199533592,-0.9065666067103992,-0.23169999709961955,-0.6748666096107797,112.50507104622021
108.79,2021-05-19,109.73,107.85,109.03,1181200,-1.1436812872161966,-0.3363935496215403,-0.8072877375946563,111.665,113.38307692307693,110.91265035140444,112.05633163862063,0.6893874029335644,0.6902502157031932,-0.0008628127696288512,-0.04062638860723252,22.56099385484773,1.1744999999999806,-17.32003963603514,4.381987900749648,-21.70202753678479,113.22,113.76,113.49000000000001,112.62,4.172656185283594e-05,20.958000125305308,32.26005548236874,60.49541481791971,-156.43310056986857,114.855,108.985,12.0,100.0,-88.0,115.3282,115.69976294246398,0.0,0.0,34346.433647989936,2282.1199999999963,18.864266556592934,-58.90198604898623,743174.9241658233,154860.19510746546,41.90087795648956,113.28095211582463,58.44032412767836,107.0957279330006,112.62550000000002,117.59172784414916,107.65927215585087,8.81901140354386,0.019202486286832857,0.0,0.0,112.44133333333332,111.70833333333333,113.17433333333334,-1.3037910139806315,3.6318781264210864,0.0,1.0,109.73,116.71,113.22,6.197530754580436,-0.2693409742120362,1.6832591974283893,4.212077520450859,34.86007940764652,0.0,0.050346225417573005,0.04934870901466518,-15.779098153321122,-58.1743112575388,-26.934097421203617,-32.61580447790495,-126.93409742120363,-4.96164705882353,-6.428943258719426,-1.0206306689608091,-0.3011661660453482,-0.7194645029154609,-1.0875864735380307,-0.40287729238730186,-0.6847091811507289,111.90085023246071
108.37,2021-05-20,108.79,107.6,108.34,1210500,-1.3232211629190687,-0.5337590722810459,-0.7894620906380228,111.14833333333333,113.10692307692307,110.40301183580375,111.72623299872282,0.7634743875278402,0.6561247216035636,0.10734966592427664,-0.06673308109416073,22.688204413428117,1.6809999999999832,-23.923396600765713,-0.8929223622047845,-23.030474238560927,112.75,113.29,113.02000000000001,112.62,2.086328092641797e-05,21.990751304434237,31.101447674691457,65.21248911936004,-144.70105009354313,114.855,108.985,8.0,100.0,-92.0,115.3282,115.22218190706685,0.0,0.0,34346.433647989936,2173.7499999999964,18.143702090417015,-54.35777375627392,338423.91805850447,194947.79189033416,41.64967257864997,112.81154934498927,51.48814470130671,106.84747636152865,112.28900000000002,117.64442304584824,106.93357695415179,9.538642335132073,0.06221945868168598,0.0,0.0,111.75166666666667,111.02266666666665,112.48066666666666,-1.3046785282844515,3.3475080018289627,0.0,1.0,108.79,116.71,112.75,7.053228722314729,-0.150252525252527,1.6089332776855514,4.577722365999257,34.245238747480755,0.0,0.050346225417573,0.05823850478571457,-18.345768061025687,-34.798921653523045,-15.0252525252527,-21.876672966714708,-115.02525252525271,-5.21367647058824,-5.448154657293499,-1.1843424121658115,-0.47780141526944087,-0.7065409968963706,-1.2483371708447992,-0.5719692680788013,-0.6763679027659979,111.2118682997879
108.58,2021-05-21,109.42,107.9,108.01,1618500,-1.4248752403168083,-0.7119823058881984,-0.7128929344286099,110.6425,112.81846153846153,110.01793309183395,111.44280833215076,0.8444231689803735,0.6902824317855429,0.15414073719483057,-0.09088450299031431,22.904772342227297,2.450000000000017,-31.064485441505063,-6.642864319901664,-24.4216211216034,112.45,113.29,112.87,112.62,1.0431640463208984e-05,22.94973454219681,30.126475704197457,63.16820006624116,-118.35648806905841,115.15,108.985,4.0,96.0,-92.0,115.3282,114.57896371636016,0.0,0.0,34346.433647989936,2282.3299999999963,18.09595201671533,-41.9389489339489,-194787.2536378684,224350.62464169555,41.95240492065742,112.27833645094496,51.019708176149734,106.84747636152865,111.97999999999999,117.5933555027276,106.36664449727238,10.025639404764448,0.13658100773971554,0.0,0.0,110.989,110.224,111.75399999999999,-1.378514987971769,2.518954248366025,0.0,1.0,108.79,116.71,112.75,7.072691552062858,-0.11237373737373763,1.630039949916997,4.931005435207635,35.71058286727494,0.05842975975143778,0.01947658658381263,0.040056345806319504,-20.004977544023472,-20.14286451645621,-11.237373737373762,-17.73224122794338,-111.23737373737377,-5.3652647058823675,-5.325962972712111,-1.2785708307619328,-0.6379552983679393,-0.6406155323939935,-1.346186052808198,-0.7268126250246807,-0.6193734277835172,110.532844875214
107.2,2021-05-24,109.34,107.07,109.05,1064100,-1.5544916799837978,-0.8804841807073183,-0.6740074992764795,110.02916666666665,112.4526923076923,109.5644049238595,111.1188966038433,0.7373691397360039,0.7164314974965856,0.020937642239418297,-0.11397068461554054,23.081272624836497,3.7154999999999916,-39.872643136459054,-12.826896697145056,-27.045746439313998,110.37,113.29,111.83000000000001,112.62,5.215820231604492e-06,23.02702552719914,35.34317318697428,57.70412045281523,-102.28926582411296,115.15,108.985,0.0,92.0,-92.0,115.3282,114.00006734472414,0.0,0.0,34346.433647989936,2175.1299999999965,18.84899314167283,-48.65852765767068,-129850.74626865867,184284.71280056954,41.12778953604203,111.82959289768232,58.14694455633426,106.02557269720918,111.6645,117.62614566206368,105.70285433793633,10.677781500949134,0.1146617678708545,0.0,0.0,110.16533333333334,109.45033333333333,110.88033333333333,-1.2980489930286532,2.6645687645687777,0.0,1.0,108.79,116.71,112.75,7.092674932498679,-0.21717171717171915,1.6110359549252968,5.301584686735367,33.48711107422841,0.0,0.01947658658381263,0.02976646619506605,-22.071444460649577,-21.713290298954345,-21.717171717171915,-15.993265993266144,-121.71717171717191,-5.550823529411787,-6.431879751813348,-1.3989444887360698,-0.7901531364415655,-0.6087913522945043,-1.5080025803862733,-0.8830506160969993,-0.624951964289274,109.6099263232901
106.98,2021-05-25,108.08,106.63,107.45,1435300,-1.6734277318028603,-1.0390728909264266,-0.6343548408764337,109.30000000000001,112.08307692307693,109.11295801249649,110.78638574429935,0.8361502347417844,0.7652582159624401,0.07089201877934426,-0.13592268256889742,23.32393369772292,4.669499999999999,-45.46333145815545,-18.98908676703456,-26.47424469112089,109.705,112.475,111.09,112.62,2.607910115802246e-06,23.635177156546984,34.28774690663769,65.88263595622482,-113.15884510843753,115.095,108.985,0.0,100.0,-100.0,115.3282,113.47906061025174,0.0,0.0,34346.433647989936,2068.1499999999965,19.026700871920497,-48.431766563717694,842120.0224340936,245002.93753320564,40.68815938754105,111.29391429836325,51.08156147466521,105.58986473058201,111.2905,117.52386658636428,105.05713341363571,11.201974268000024,0.12616509590539626,0.0,0.0,109.425,108.65,110.2,-1.4164953164267737,2.303225806451622,0.0,1.0,108.08,116.71,112.395,7.754480391408068,-0.16801853997682545,1.5509323594327677,5.689709391903002,32.337629193585784,0.0,0.01947658658381263,0.01947658658381263,-24.12424334444048,-29.364867671265984,-16.801853997682546,-16.585466484076093,-116.80185399768254,-5.800558823529414,-7.583636678800485,-1.5104994359733126,-0.9342223963479149,-0.5762770396253977,-1.635068946976634,-1.0334542822729262,-0.6016146647037077,108.99101009521429
108.47,2021-05-26,108.63,106.8,107.28,2126200,-1.7339795931220294,-1.1780542313655473,-0.5559253617564821,108.53666666666668,111.72846153846154,108.75711831826627,110.4910979113883,0.8536925220622386,0.7933116581514154,0.0603808639108232,-0.1556505614339319,23.667531032850658,1.171999999999997,-48.73205993454349,-24.91876152523198,-23.813298409311514,109.705,112.395,111.05,112.62,1.303955057901123e-06,24.19988938379856,32.499944849827,62.44744050896005,-97.88900802906562,115.02000000000001,108.985,4.0,96.0,-92.0,115.3282,112.83117333702153,0.0,0.0,34346.433647989936,2176.6199999999963,18.909231830380453,-38.87867134032943,-236470.9136166644,230683.46308855296,40.86109289593456,110.74402467488444,50.60842800570394,105.58986473058201,110.94800000000001,117.37490469822005,104.52109530177997,11.585435876663016,0.17729411009091078,0.0,0.0,109.05333333333333,108.19233333333334,109.91433333333335,-1.5790438928964499,1.8085559427022844,0.0,1.0,108.08,116.71,112.395,7.778418718679016,-0.14831981460023197,1.5958391234894909,6.051368922922413,33.2904113997196,0.03530609380443286,0.011768697934810989,0.01690729036747871,-25.561344347489634,-24.38814536206264,-14.831981460023195,-17.78366905829257,-114.8319814600232,-5.8129117647058735,-7.8992756122800944,-1.5693387303587547,-1.0612456631500828,-0.5080930672086719,-1.6088843464785008,-1.1485402951140413,-0.46034405136445944,108.74685368183162
100.11,2021-05-27,103.85,99.55,102.34,8135700,-2.3400076372538905,-1.410444912543216,-0.9295627247106746,107.48916666666666,111.07923076923076,107.34063857699454,109.68064621424843,1.0442930153321965,0.8015332197614983,0.24275979557069827,-0.18532011223313252,24.1752326480923,-0.7445000000000022,-57.995258285700544,-31.332830049491957,-26.662428236208587,107.59,110.28,108.935,110.97999999999999,6.519775289505615e-07,26.206354512189836,25.899596884235816,82.67225249409739,-193.53339892861055,115.02000000000001,108.985,0.0,100.0,-100.0,115.3282,112.26103253657894,0.0,0.0,34346.433647989936,2076.509999999996,19.18701324895953,-137.00993257742522,7330536.409949011,813648.0453660169,34.06523615436153,109.76005225823205,43.55450293007156,98.42201342630561,110.2145,118.15141999455729,102.27758000544272,14.40267840358081,-0.17182861911882355,0.0,1.0,108.21633333333334,107.29433333333334,109.13833333333335,-1.7039941598464878,5.199746926970342,0.0,1.0,103.85,116.71,110.28,11.668156186345715,-0.3343701399688956,1.882255211140541,7.1320035241593684,20.21612288774827,0.0,0.011768697934810989,0.014337994151144827,-32.479648098876076,-52.89263675702085,-33.43701399688956,-21.690283151531787,-133.43701399688956,-6.485147058823529,-11.211202283267934,-2.1334736054371497,-1.2756912516074963,-0.8577823538296534,-2.182642939693446,-1.3553608240299224,-0.8272821156635237,106.32330534290355
97.5,2021-05-28,100.73,97.15,100.6,5616400,-2.9796021716904875,-1.7242763643726702,-1.2553258073178173,106.46250000000002,110.41846153846154,105.77284802668768,108.75245019837817,1.221827861579413,0.8349600709849146,0.3868677905944983,-0.22429127967152876,24.360456041271675,-0.18700000000001182,-69.55539429764492,-38.351664014913574,-31.20373028273135,105.46000000000001,108.72,107.09,109.42,3.2598876447528076e-07,28.668026380699843,24.029033307077736,98.162103676732,-210.6703146374831,115.0,108.985,44.0,100.0,-56.0,115.3282,111.08348798145789,0.0,0.0,34346.433647989936,1979.0099999999961,21.160901299281164,-150.8656564949358,324000.00000002404,870344.6032032176,31.71465855516515,108.56133231287785,36.309113238565644,96.04920747730377,109.397,119.00422665497196,99.78977334502805,17.563967302525576,-0.13738477501526966,0.0,1.0,107.123,106.353,107.893,-1.4375997684904327,6.975974025973994,0.0,1.0,100.73,116.71,108.72,14.607347550664084,-0.2240300375469337,1.8120296900264876,7.974169637961588,17.73329678199302,0.0,0.011768697934810989,0.011768697934810989,-39.037711701587426,-59.47641655750824,-23.276983094928475,-23.848659517280435,-123.27698309492847,-7.600294117647081,-11.254224901799574,-2.7398023366419033,-1.5685134686143778,-1.1712888680275255,-2.8107171599915737,-1.6464320912222528,-1.164285068769321,103.39945010269871
98.88,2021-06-01,99.47,97.37,97.99,4292800,-3.429203562810997,-2.0652618040603357,-1.3639417587506615,105.47583333333334,109.77576923076923,104.48010217642805,107.90930573923904,1.1705834683954617,0.7852512155591568,0.3853322528363049,-0.2671651041763337,24.791450033796973,1.08750000000002,-80.74613140596321,-46.074748910752504,-34.67138249521071,104.25999999999999,108.09,106.175,108.78999999999999,1.6299438223764038e-07,31.153223972240646,22.621448563385158,101.1986899212673,-197.2281695328869,114.8175,108.985,40.0,100.0,-60.0,115.3282,109.42692990442463,0.0,0.0,34346.433647989936,2077.8899999999962,21.329545351891483,-126.205762709945,2896237.864077681,1075357.1992538483,31.938576208278896,107.41124955412876,37.03978031925482,96.04920747730377,108.50249999999998,119.04541586801315,97.95958413198682,19.433498524021417,-0.027961151325108666,0.0,1.0,105.88733333333334,105.02333333333334,106.75133333333333,-1.6319232391661522,5.429012345679028,0.0,1.0,99.47,116.71,108.09,15.889034814866015,-0.12180974477958208,1.862826721023838,8.466718225628417,18.71874757560606,0.04597011677701199,0.015323372259004034,0.01295358937620863,-43.48466180819802,-47.74684571166272,-16.826923076923027,-24.51364005624704,-116.82692307692302,-9.13285294117648,-10.841498031315805,-3.1778571267037967,-1.8903822002322617,-1.287474926471535,-3.178159052874367,-1.9527774835526759,-1.2253815693216912,101.63297466168446
98.01,2021-06-02,99.13,97.85,98.88,2870400,-3.7040855237993213,-2.393026548008133,-1.3110589757911884,104.49749999999999,109.17846153846153,103.46008645697758,107.1641719807769,0.9682235834609495,0.6450995405819292,0.3231240428790203,-0.30963443442752037,24.8832061407567,0.9949999999999903,-89.37911993225921,-54.08131338811074,-35.29780654414847,104.09,107.91999999999999,106.005,108.62,8.149719111882019e-08,32.86291585609597,26.320598041519382,90.89142350782295,-164.6239963662112,114.95750000000001,108.985,36.0,100.0,-64.0,115.3282,107.63468252162819,0.0,0.0,34346.433647989936,2175.8999999999965,21.61508156713525,-101.45568232281016,-70145.90347923645,945107.7718406238,32.42173118414415,106.54345611598735,43.75485690157261,96.52269643272233,107.70500000000001,118.91622205649342,96.4937779435066,20.818387366405293,0.0604850233836857,0.0,0.0,104.73033333333333,103.91033333333334,105.55033333333333,-1.5659264587464183,4.695325203252072,0.0,1.0,99.13,116.71,107.91999999999999,16.322362007334846,-0.07281001137656434,1.852544048921453,8.811647141563798,20.94384872209052,0.14976845983737566,0.06524619220479592,0.030779420799536942,-46.15569200617353,-42.088605014604404,-10.491803278688531,-16.865236483513364,-110.49180327868854,-10.344558823529411,-10.712656264257696,-3.4564588661812827,-2.203597533422066,-1.2528613327592169,-3.5032801414794292,-2.2628780151380266,-1.2404021263414027,100.42129200228065
100.56,2021-06-03,101.13,98.01,98.04,4324300,-3.8644735499434546,-2.6873159483951974,-1.1771576015482572,103.60666666666668,108.55923076923078,102.62161161744257,106.48608516738602,0.8807971014492751,0.6673913043478255,0.2134057971014497,-0.34930328311364195,25.39859155199486,2.5930000000000035,-95.86527052264834,-62.07485493498658,-33.79041558766176,104.09,107.91999999999999,106.005,108.62,4.0748595559410095e-08,34.45048689110448,25.96227666176125,89.65405267650183,-135.82678151761624,115.48750000000001,108.985,32.0,96.0,-64.0,115.3282,105.93374601730255,0.0,0.0,34346.433647989936,2276.4599999999964,20.70937237435699,-84.66349913383712,-1782219.5704057384,737141.2369378394,32.58616245649981,105.75507872342351,50.73951505702714,96.52269643272233,106.907,118.48684645839505,95.32715354160494,21.66340175740607,0.11584119306046912,0.0,0.0,103.74933333333334,102.69033333333334,104.80833333333332,-2.0414589009407105,3.209789109222559,0.0,1.0,99.13,116.71,107.91999999999999,16.444199163759155,-0.0637087599544932,1.9952896440293078,9.121412338641713,21.713176600877773,0.1856566976437457,0.1271317580860445,0.06923377418328144,-47.99129278915951,-34.0952439675818,-9.180327868852377,-12.166351408154663,-109.18032786885237,-11.51605882352942,-9.834406623735049,-3.6290878229478234,-2.4886955913272173,-1.140392231620606,-3.5292273489541315,-2.5161478819012477,-1.0130794670528838,99.72198472436384
101.8,2021-06-04,102.62,100.8,102.25,3701100,-3.7235299972080185,-2.894558758157762,-0.8289712390502566,102.88166666666667,108.065,102.34136367629756,106.06489367350558,0.8127731092436977,0.729411764705882,0.08336134453781574,-0.3799876747682121,25.523912610458403,1.6244999999999834,-100.07934764109672,-69.74317295716344,-30.33617468393328,104.09,107.91999999999999,106.005,108.62,2.0374297779705048e-08,33.49479411113195,44.03942713849518,67.5527856979568,-81.41079071794096,115.6275,108.985,28.000000000000004,92.0,-64.0,115.3282,104.57299681384204,0.0,0.0,34346.433647989936,2378.2599999999966,21.02918409291656,-31.994142114717654,-1035854.6168958877,665800.5727816316,35.48405042711504,105.13178222395156,50.128485638404506,96.52269643272233,106.22550000000001,117.5557717972697,94.89522820273032,21.33248946301912,0.26057502868962845,0.0,0.0,103.11399999999999,102.063,104.165,-2.0385204724867663,1.6008563273073277,0.0,1.0,99.13,116.71,107.91999999999999,16.549698518717253,0.09499431171786131,2.256760679626377,9.249527086823065,33.809193379574424,0.74992160813681,0.3617822552059771,0.18472006849893916,-45.51196463448795,-16.57662479873088,13.688524590163945,-1.994535519125673,-86.31147540983605,-11.193941176470588,-7.945205479452057,-3.51061493416472,-2.693079459894718,-0.8175354742700023,-3.416463671761246,-2.6962110398732477,-0.7202526318879983,99.84424318462717
100.35,2021-06-07,101.77,99.89,101.65,3497300,-3.643263339113787,-3.044299674348967,-0.59896366476482,102.21833333333332,107.51384615384615,101.96423080302101,105.6074941421348,0.8723628691983124,0.714838255977496,0.15752461322081646,-0.40428633906168093,25.546655834245456,2.149000000000001,-105.7825449659233,-77.06649538265947,-28.716049583263825,103.28999999999999,107.91999999999999,105.60499999999999,108.62,1.0187148889852524e-08,32.8640066442175,41.81403243978114,69.19240418047534,-80.12902191482198,115.655,108.985,24.0,88.0,-64.0,115.3282,103.48439745107363,0.0,0.0,34346.433647989936,2277.9099999999967,22.51129060592693,-40.469050384043655,86696.5620328781,698551.7147443088,34.57811292711504,104.43964210227414,42.803541296016114,95.65131097881581,105.451,116.27885278806491,94.62314721193508,20.53627331758811,0.24320855164702426,0.0,0.0,102.38000000000001,101.458,103.30199999999999,-1.801133033795657,1.850325379609546,0.0,1.0,99.13,116.71,107.91999999999999,16.671250154100008,0.043230944254835334,2.128084611663739,9.39444296960166,32.06875868804963,0.6687323833366373,0.534770229705731,0.3412280809992508,-44.076524311720185,-21.14741459386184,6.871609403255018,3.7932687081888434,-93.12839059674499,-10.508176470588225,-7.380621233194246,-3.449815156309267,-2.844426599177628,-0.6053885571316391,-3.4021978384838376,-2.837408399595366,-0.5647894388884716,99.85059937137889
101.31,2021-06-08,101.94,100.1,100.33,2900100,-3.522105548993082,-3.13986084927779,-0.38224469971529196,101.59333333333335,106.99846153846154,101.6774260640947,105.19953161308779,0.8678912045213703,0.7124690921935701,0.15542211232780012,-0.42219732875176,25.582981498369865,3.2420000000000186,-109.7004095296297,-84.20394850171216,-25.496461027917533,103.205,107.91999999999999,105.5625,108.62,5.093574444926262e-09,32.278275424939785,40.668411273233865,67.29667018477413,-73.95237957079712,115.42500000000001,108.985,20.0,84.0,-64.0,115.3282,102.6135179608589,0.0,0.0,34346.433647989936,2379.2199999999966,22.57075768284821,-31.64845747203751,913779.4886980596,716117.15607943,34.79109821092724,103.7468159272749,43.34906942648974,95.65131097881581,104.65799999999999,114.57595462784568,94.7400453721543,18.95307502120371,0.27021471810311903,0.0,0.0,101.61033333333333,100.55633333333334,102.66433333333335,-2.074592151060756,1.2164769133459898,0.0,1.0,99.13,116.11,107.62,16.22427334747464,0.05712603062426376,2.120276150497365,9.47477955660984,32.92685137674782,0.8451528513635788,0.7546022809456754,0.5503849219524611,-42.67629168502473,-7.4182272301290775,9.7782258064516,10.112786599956836,-90.2217741935484,-9.56173529411764,-6.970260223048327,-3.3480239835544094,-2.945146076052984,-0.40287790750142527,-3.279821879933828,-2.925891095663059,-0.3539307842707693,99.88007075119693
98.87,2021-06-09,101.48,98.69,101.34,2298200,-3.4995220319584064,-3.2117930858139134,-0.28772894614449296,100.82583333333332,106.36115384615384,101.21782205423398,104.71734408619238,0.7980835044490069,0.7138945927446946,0.08418891170431231,-0.43681069273993534,25.519698834719783,3.0834999999999866,-114.09094226017386,-91.4660465378933,-22.624895722280556,100.735,107.91999999999999,104.32749999999999,108.62,2.546787222463131e-09,31.208755340653788,43.799278006935104,62.13040325257162,-69.32399150427979,116.1375,108.985,16.0,80.0,-64.0,115.3282,101.91681436868711,0.0,0.0,34346.433647989936,2280.3499999999967,10.184026170222754,-47.04249211888924,-38940.02225144224,660251.8027639108,33.39842388525291,103.13579266383204,43.90691434674874,94.30397483016317,103.9865,113.60675420662085,94.36624579337916,18.502890676425963,0.22472141139706803,0.0,0.0,100.922,99.917,101.92699999999999,-1.991637105883743,1.6104477611940344,0.0,1.0,99.13,111.95,105.53999999999999,12.32852341409703,-0.034321372854914,2.046248535447629,9.564611142633485,30.171098467395268,0.6918620322555322,0.7352490889852495,0.6748738665455519,-42.322326767822496,-4.126136632687497,-4.435483870967718,4.071450446246281,-104.43548387096773,-8.626911764705895,-8.535681186283602,-3.341874321294823,-3.0244917251013517,-0.3173825961934713,-3.3372061972463203,-3.0081541159797114,-0.3290520812666089,99.72296818903058
99.7,2021-06-10,100.09,98.91,99.01,2525100,-3.42439794274938,-3.254314057201007,-0.17008388554837284,100.14583333333333,105.78846153846153,100.86277250742876,104.28717045017814,0.8221024258760103,0.7368598382749321,0.08524258760107828,-0.44743856004635313,25.64208943187547,3.1714999999999947,-117.51805236027263,-98.07969032395687,-19.438362036315766,100.69,107.91999999999999,104.30499999999999,108.62,1.2733936112315655e-09,30.690823145851333,42.884333184773624,69.90640509254972,-78.01270597577928,116.35499999999999,108.985,12.0,76.0,-64.0,115.3282,101.3594514949497,0.0,0.0,34346.433647989936,2380.0499999999965,9.704512359687959,-37.18870753047651,2014844.5336007986,779996.1324455034,33.6206753798319,102.48308385609201,44.454770341432905,94.30397483016317,103.4585,112.9755673529195,93.9414326470805,18.3978452286076,0.2610345797014515,0.0,0.0,100.09866666666667,99.12066666666666,101.07666666666667,-1.9540719823107895,1.1077027948193598,0.0,1.0,99.13,111.33,105.22999999999999,11.792167874075114,-0.018032786885245806,1.9816236819028668,9.629524964086194,31.13948466600914,0.7457292396871753,0.760914707768762,0.750255359233229,-41.74948667186326,-3.0196412174741916,-2.217741935483859,1.0416666666666552,-102.21774193548386,-8.125382352941173,-7.62118240403474,-3.2836234102116544,-3.0763180621234127,-0.20730534808824164,-3.281901052978541,-3.0629035033794776,-0.21899754959906348,99.6172990593565
101.18,2021-06-11,101.65,100.1,100.22,2144700,-3.231586785189606,-3.249768602798727,0.018181817609121076,99.60166666666665,105.25500000000001,100.74542289090127,103.97700967609087,0.7761437908496726,0.7656862745098034,0.010457516339869133,-0.4520099365403484,25.87196131751893,3.796999999999997,-115.35248895332919,-103.16825639681069,-12.184232556518495,100.69,107.91999999999999,104.30499999999999,108.62,6.366968056157827e-10,29.58895587431382,47.05707630429033,64.01131182677715,-52.813493709387394,116.08,108.985,8.0,72.0,-64.0,115.3282,101.34,0.0,0.0,34346.433647989936,2481.2299999999964,9.6119168147358,-14.675435026122763,-1957452.0656256243,654091.5030178066,34.837986066314556,101.8975753267836,43.844668872815724,94.30397483016317,103.003,112.2433789965567,93.7626210034433,17.94196090707397,0.34291769844712167,0.0,0.0,99.973,99.003,100.943,-1.940523941464193,0.43453608247422915,1.0,1.0,99.13,111.33,105.22999999999999,11.84431521411998,0.07950819672131136,2.057461313712581,9.607488296397012,36.28648186129251,1.0,0.8125304239809026,0.7695647402449713,-39.71064774474948,-0.09069191386619055,9.7782258064516,1.0416666666666554,-90.2217741935484,-7.990676470588227,-6.123980118165621,-3.107982038776306,-3.082650857453992,-0.025331181322314045,-3.086678896356542,-3.0676585819748907,-0.019020314381651193,99.62190352059618
100.2,2021-06-14,101.48,99.52,101.15,2358500,-3.0899645188941633,-3.2178077860178145,0.12784326712365113,98.995,104.68153846153845,100.55689629230108,103.64686081119524,0.7819253438113938,0.7648984937786504,0.0170268500327434,-0.452514796987617,25.84989929693657,-2.9494999999999862,-112.20716343132962,-106.66392662185139,-5.5432368094782305,100.69,107.91999999999999,104.30499999999999,108.62,3.1834840280789137e-10,28.11410094131896,49.873899770417,59.66802919307588,-47.08994708994731,116.08,108.985,4.0,68.0,-64.0,99.13,101.34,1.0,0.0,34346.433647989936,2381.0299999999966,10.108819639592165,-20.881230022390916,-125149.70059880259,654427.2919942249,34.25740664573514,101.31431910339104,43.24177543988376,93.75755819278561,102.49949999999998,111.33800094755927,93.6609990524407,17.24593963396755,0.33144766190115277,0.0,0.0,100.09533333333334,99.10533333333333,101.08533333333334,-1.9781141977981027,0.7905723905723934,1.0,1.0,99.13,111.33,105.22999999999999,11.90249708535164,0.03196721311475414,1.9897151823413235,9.561618881257843,34.916605429520686,0.926164891585098,0.8906313770907578,0.8213588362801407,-38.40463713044413,-1.4474431781436243,4.687500000000003,4.082661290322562,-95.3125,-7.658352941176474,-6.816479400749065,-2.9812427455211514,-3.062369235067424,0.08112648954627266,-2.975684493683805,-3.049263764316674,0.07357927063286862,99.61607336392288
100.68,2021-06-15,102.13,99.79,100.31,3260500,-2.9222551704417015,-3.158697262902592,0.23644209246089032,99.015,104.08192307692308,100.43891224733167,103.36116741777337,0.7205973864343488,0.7271313005600492,-0.0065339141257003686,-0.44893583323783565,25.975915224798484,-4.903999999999996,-108.41153999125122,-108.7786399617394,0.36709997048818366,101.17,107.91999999999999,104.54499999999999,108.62,1.5917420140394568e-10,26.7445927892523,47.27485338707099,56.5585876577333,-42.284077197862196,116.155,108.985,0.0,64.0,-64.0,99.1704,101.34,0.0,0.0,34346.433647989936,2481.7099999999964,9.65739651353393,-14.014825733477782,171732.22089790445,606542.4490273541,34.53055375184448,100.81197714345255,50.79937476310699,93.75755819278561,102.054,110.48633395923137,93.62166604076863,16.5252394991502,0.36575484255332047,0.0,0.0,100.34200000000001,99.31800000000001,101.366,-2.0410197125829534,0.7695312500000014,1.0,1.0,99.13,110.19,104.66,10.837399807944816,0.05967450271247836,2.051743664107191,9.480391029833294,36.12548926629969,0.9913226438315195,0.9724958451388725,0.8918858820701776,-36.98515088755265,-11.066205059463295,8.098159509202581,7.521295105218042,-91.90184049079743,-7.239735294117651,0.24108488196886899,-2.8272273267099415,-3.015340853395928,0.18811352668598635,-2.81784443962971,-3.0029798993792816,0.18513545974957157,99.62624166705822
100.57,2021-06-16,101.34,99.9,100.27,2246200,-2.748781975267349,-3.0767142053755436,0.32793223010819483,99.24416666666666,103.46423076923078,100.35600267081911,103.10478464608646,0.7642789523508986,0.7327232565478066,0.03155569580309203,-0.44171518504941865,26.2344176611714,-4.2039999999999935,-105.35392724819602,-109.83293515346692,4.479007905270905,101.17,107.62,104.39500000000001,108.62,7.958710070197284e-11,25.806426905553877,45.71599137615793,60.120643596722104,-42.68769944006257,116.35999999999999,108.985,0.0,60.0,-60.0,99.209992,101.34,0.0,0.0,34346.433647989936,2582.2799999999966,9.623898339671287,-10.43232205726668,441533.2604156331,654971.3186010898,34.64141355743623,100.26609436172949,43.05030149857043,93.86090854253214,101.574,109.32138768876365,93.82661231123635,15.254666920203306,0.3919635839040389,0.0,0.0,100.53033333333335,99.42433333333334,101.63633333333334,-2.200330911731454,0.7849608197709457,1.0,1.0,99.13,109.05,104.09,9.766278772126727,0.0776209677419365,2.001569297696472,9.245415990712054,36.64182317913643,1.0,0.9724958451388725,0.9452076891228343,-35.66884460657661,-6.626089485521078,23.98753894081023,12.257732816670918,-76.01246105918977,-6.9422058823529085,2.83067421513124,-2.6660081631543218,-2.9454743153476066,0.27946615219328486,-2.6710824226212453,-2.9366004040276743,0.265517981406429,99.63970510070995
100.69,2021-06-17,101.81,99.98,100.29,3748300,-2.5751630106690158,-2.976403966434238,0.4012409557652221,99.46166666666666,102.99730769230769,100.29815610607771,102.87331911674673,0.6513383665065196,0.7319835277968424,-0.08064516129032284,-0.43136382983123556,26.539685709517876,-3.330500000000015,-102.8314188471466,-110.13872084302801,7.307301995881417,100.87,105.53999999999999,103.205,108.62,50.00000000003979,24.92394371021052,44.577767412715104,58.43464976544114,-35.10303308735551,116.4,109.03,0.0,56.00000000000001,-56.00000000000001,99.24879216,101.34,0.0,0.0,34346.433647989936,2682.9699999999966,9.498480710992142,-7.79124747765718,-369848.04846559337,104943.85728576081,34.72204619006885,100.17905129853126,50.297375921327756,93.86090854253214,101.18050000000001,108.39390273380094,93.96709726619908,14.258484063235372,0.4167868449674492,0.0,0.0,100.69366666666666,99.74466666666667,101.64266666666667,-1.8849249042475327,0.8760098349139462,1.0,1.0,99.13,109.05,104.09,9.804260702408074,0.08568548387096858,1.9924123679268242,8.439223012732564,37.04043189377307,1.0,0.9971075479438399,0.9806997460738617,-34.46164902759438,-3.487111946264613,27.243589743589975,19.776429397867577,-72.75641025641002,-6.230441176470578,2.6804970730204367,-2.5032370227566667,-2.8570268568294184,0.35378983407275166,-2.5165535502434087,-2.852591033270821,0.33603748302741243,99.65575657033591
100.32,2021-06-18,101.12,99.13,100.62,3684200,-2.4775964371441717,-2.8766424605762246,0.399046023432053,99.56833333333334,102.59961538461539,100.11843978206576,102.59603621920994,0.5814432989690715,0.706185567010309,-0.12474226804123745,-0.4200749425681387,26.603011322727458,-2.7469999999999857,-99.6003872298652,-109.45181442791045,9.851427198045243,100.715,105.22999999999999,102.9725,108.50999999999999,49.99999999139379,24.40934123057681,42.47280957645456,60.7662670451187,-41.32038451349883,114.86999999999999,109.03,8.0,52.0,-44.0,99.2868163168,101.34,0.0,0.0,34346.433647989936,2582.6499999999965,9.650995071921784,-18.85992640942056,89712.91866028694,88209.06576149388,33.86915561195322,100.23463305585646,50.1684532477801,93.06293122445699,100.75699999999999,107.38381552482086,94.13018447517912,13.154054854393978,0.37724118817658087,0.0,0.0,100.53366666666668,99.57166666666667,101.49566666666666,-1.9137867580014578,1.229556479556486,0.0,1.0,99.13,109.05,104.09,9.845469793661982,0.0,1.9071711311341417,7.660482751710056,34.55304113253166,0.8642378769306152,0.9547459589768718,0.9747831173531947,-34.03144934932777,0.07935248213414847,0.0,17.077042894800048,-100.0,-5.807558823529405,1.3081246806336242,-2.414904638080228,-2.7686024130795803,0.3536977749993522,-2.3961911503735593,-2.7613110566913686,0.3651199063178092,99.62622490369067
101.19,2021-06-21,101.87,100.52,100.7,2973700,-2.26203748139514,-2.753721464740008,0.49168398334486785,99.77749999999999,102.26538461538462,100.18021827713257,102.44225575852771,0.4945799457994569,0.7002032520325198,-0.20562330623306285,-0.40528727450215046,26.4437873000887,0.41199999999999193,-93.3452996443496,-107.63457999621266,14.28928035186307,100.715,105.22999999999999,102.9725,108.46000000000001,74.9999999956969,23.88004075068137,38.327258834286816,54.02661870412712,-14.119086346638024,114.25999999999999,109.03,4.0,48.0,-44.0,99.324079990464,101.34,0.0,0.0,34346.433647989936,2683.8399999999965,9.68958335383508,3.927791649068098,-479839.90512896504,-152939.34632469513,35.28804091408174,100.42965301248253,57.231706658758036,93.06293122445699,100.388,106.14792916623175,94.62807083376826,11.475334036402245,0.5114584742442543,0.0,0.0,100.52633333333333,99.45933333333333,101.59333333333333,-2.122826854655,0.5029678225554534,1.0,1.0,99.13,109.05,104.09,9.881659162449697,0.14012096774193553,1.9904540180207284,7.057427974880071,41.47444332437398,1.0,0.9547459589768718,0.9688664886325279,-31.704693214252373,7.3075997284492855,44.551282051282,23.931623931623974,-55.448717948718,-5.373558823529422,2.560963167023764,-2.208109792825251,-2.6565038890287145,0.4483940962034634,-2.2063023373835993,-2.6503093128298145,0.44400697544621526,99.64010886983361
100.88,2021-06-22,102.15,100.37,101.04,3219300,-2.0793398667040606,-2.618845145132819,0.5395052784287584,99.74166666666666,101.91076923076922,100.20941546526603,102.2887553319701,0.5049336509016656,0.7138482477032996,-0.20891459680163393,-0.38825504190510285,26.39450444911295,-0.1629999999999967,-87.4991149919396,-104.67993252196442,17.18081753002481,100.62,105.22999999999999,102.925,108.46000000000001,87.49999999784845,23.16085869754303,39.35693011555258,51.970628585504045,4.522186258981293,114.25999999999999,111.025,0.0,44.0,-44.0,99.36059839065472,101.34,0.0,0.0,34346.433647989936,2582.9599999999964,9.051836170433969,1.2049642706299215,-341098.334655038,-172293.09140868095,35.13750370755568,100.60982174726028,57.39529689834069,92.92405896337792,100.053,104.93133209201743,95.17466790798257,9.751495891212517,0.532490612982122,0.0,0.0,100.566,99.549,101.583,-2.022552353678173,0.5963618485742374,1.0,1.0,99.13,107.45,103.28999999999999,8.315592735850007,0.1490384615384625,1.9544086162186567,6.451594637753264,40.97089493886685,0.974518415618144,0.9462520975162532,0.9519146718233321,-29.897059450304774,2.0575626449113877,12.962962962963037,19.171415004748326,-87.03703703703697,-4.8941470588235205,-0.42658730158729424,-2.032813733978605,-2.5317658580186926,0.4989521240400876,-2.0568282601086474,-2.531613102285581,0.4747848421769336,99.64609069673783
101.49,2021-06-23,101.91,100.44,101.23,2058000,-1.9069204834936357,-2.476460212804983,0.5695397293113471,99.78750000000001,101.59307692307692,100.24489000907127,102.1518104925649,0.5305605786618434,0.7088607594936698,-0.17830018083182642,-0.3695471981856973,26.315276681311623,0.3564999999999827,-80.82309957061523,-100.6027155453358,19.77961597472057,101.17500000000001,104.66,102.9175,108.46000000000001,93.74999999892422,22.61796404865775,36.85869676455621,50.44315636141948,26.46802356494193,114.25999999999999,111.025,0.0,40.0,-40.0,99.39638642284162,101.34,0.0,0.0,34346.433647989936,2684.449999999996,9.052597295221855,2.0477265176826913,16750.418760472643,-43795.23503966589,35.208284817449055,100.76243747767695,57.487900123656054,92.92405896337792,99.74350000000001,103.5897359522015,95.89726404779853,7.712253835490998,0.5905430671253188,0.0,0.0,100.635,99.564,101.706,-2.1284841258011724,0.591036414565826,1.0,1.0,99.13,107.28,103.205,8.170958508574499,0.16073619631901856,1.91296775459679,5.801455030509115,41.32888948885721,0.9871229412745992,0.9872137856309146,0.9627372807080131,-28.286920667316267,5.013099623205967,16.203703703703464,24.572649572649482,-83.79629629629653,-4.334088235294118,0.5506056662328532,-1.8667515282388758,-2.3987629920627294,0.5320114638238536,-1.8682718048411207,-2.3989448427966886,0.530673037955568,99.70794783699691
99.34,2021-06-24,99.95,98.37,99.62,3685000,-1.9152309897134643,-2.364214368186679,0.4489833784732147,99.64333333333333,101.16499999999999,99.95644539229107,101.87167638200454,0.6638725901089672,0.6831517183570821,-0.019279128248114952,-0.3536352579506577,26.158029106335853,-0.632000000000005,-76.36673777724828,-96.27096541466015,19.90422763741188,100.59,104.09,102.34,108.46000000000001,96.87499999946212,23.02719459241448,35.476913503067856,63.547575070627985,-85.87321664150616,114.065,111.325,12.0,36.0,-24.0,99.46973096592795,101.34,0.0,0.0,34346.433647989936,2585.109999999996,9.426399718153691,-27.62106298484331,592963.5594926473,72548.92041665803,33.16095506834512,100.57851269219562,50.36294432253553,91.00895738975991,99.322,101.44363710374968,97.20036289625033,4.27223999466317,0.2756449492899893,0.0,0.0,100.63266666666667,99.63666666666667,101.62866666666666,-1.9794765119344848,1.6358768406961204,0.0,1.0,99.13,102.34,100.735,3.231912365840406,-0.23676012461058848,1.8036709791371102,5.429054343317407,34.638824322117955,0.3952569713879253,0.7856327760935562,0.9063662197469079,-28.635458883082848,-9.0867042381208,-92.94117647058798,-21.25816993464051,-192.94117647058798,-4.125029411764729,-1.7282717282717182,-1.8800426749939954,-2.295018928648983,0.41497625365498747,-1.8688037191702207,-2.292916618071395,0.4241128989011742,99.69097922152505
98.35,2021-06-25,99.63,97.66,99.55,6837100,-1.9565542525385382,-2.282682345057051,0.3261280925185126,99.5575,100.77307692307691,99.60314610116937,101.55970035370791,0.6322981366459615,0.655486542443063,-0.023188405797101574,-0.3409503076071898,25.95805954776356,-0.31749999999999545,-73.62622883650616,-91.98419490412421,18.35796606761805,100.43,104.09,102.26,108.46000000000001,92.32446586192967,23.539930499488545,32.33335641199143,60.31966111006377,-99.95804489196568,113.49000000000001,112.62,8.0,32.0,-24.0,99.54014172729083,101.34,0.0,0.0,34346.433647989936,2486.759999999996,11.570357642293,-33.65069684415152,15861.718352821821,67489.28872522544,32.451099421298245,100.4267741101153,50.51085068542321,90.35208680170736,99.22749999999999,101.46528350159423,96.98971649840576,4.510409919819076,0.1497650467788147,0.0,0.0,100.46166666666667,99.60066666666668,101.32266666666666,-1.7140866333758946,2.1269841269841514,0.0,1.0,99.13,102.25,100.69,3.1442896374493006,-0.4711538461538451,1.7493038812233983,4.954920799050435,32.68452332144193,0.22236115821016175,0.5349136902908954,0.7692534173384553,-29.49733551079465,-13.181021658396826,-115.2046783625725,-63.980717043152346,-215.2046783625725,-3.886176470588225,-1.0436721045698665,-1.9265065234776513,-2.2213164476147167,0.2948099241370654,-1.9270242535396835,-2.219738145165053,0.2927138916253693,99.51004749386313
99.38,2021-06-28,99.62,98.45,98.83,2184900,-1.9036131706774029,-2.2068685101811214,0.3032553395037185,99.51916666666666,100.42115384615386,99.42573900868177,101.32935217935918,0.6080631753948447,0.6487946799667489,-0.04073150457190422,-0.32886975889583203,25.648678108268243,0.8075000000000045,-68.9483842473861,-87.59939982147253,18.65101557408643,100.42500000000001,104.09,102.25750000000001,108.46000000000001,87.75697210343094,24.020389846447177,29.538541166625542,55.17965722772228,-92.57368971557577,113.02000000000001,112.62,4.0,28.000000000000004,-24.000000000000004,99.6077360581992,101.34,0.0,0.0,34346.433647989936,2586.1399999999962,9.025496159364621,-17.627711580701217,290148.92332461086,22944.248341407685,33.25501299901688,100.29710579966356,57.635963762712365,90.35208680170736,99.29249999999999,101.35368291279724,97.23131708720274,4.15173938172017,0.2956270657084425,0.0,0.0,100.28666666666666,99.37966666666668,101.19366666666666,-1.808814731104147,1.5124954061007099,0.0,1.0,99.13,102.25,100.69,3.1422312863509374,-0.21794871794871526,1.7703734931010593,4.5958119314300845,36.94723421319813,0.5994805813271511,0.40569957030841275,0.575415345564288,-29.012290984563837,-8.812150263701113,-68.02325581395364,-92.05637021570472,-168.02325581395363,-3.772294117647064,-0.4650692548781658,-1.8786394363874848,-2.15278104536927,0.2741416089817854,-1.8698907818120132,-2.149768672494445,0.27987789068243174,99.48160869529357
99.48,2021-06-29,100.05,98.73,99.4,2508700,-1.8181053353653738,-2.129115875217972,0.3110105398525982,99.40500000000002,100.06846153846155,99.31870223811535,101.13680757348072,0.5869028006589776,0.6457990115321245,-0.05889621087314689,-0.31656220723712697,25.498468930014738,0.1595000000000084,-64.66138592332037,-83.0780063409308,18.41662041761043,100.42500000000001,104.09,102.25750000000001,108.46000000000001,89.52832152841961,23.993753477397558,31.67912118290543,51.30208615625992,-70.323603930213,112.87,112.62,0.0,24.0,-24.0,99.63,101.34,0.0,0.0,34346.433647989936,2685.6199999999963,9.084079312532893,-11.130267069172456,-326698.8339364653,2390.04750676318,33.537942404806614,100.21851589535312,64.68597370079357,90.35208680170736,99.36049999999999,101.2457212071816,97.47527879281837,3.794709582141023,0.3327782443783947,0.0,0.0,100.15166666666667,99.36166666666666,100.94166666666668,-1.5776072956016833,1.399789029535858,0.0,1.0,99.13,102.25,100.69,3.140080816823592,-0.12820512820512528,1.7533361437909527,4.017941943860958,38.43528732881678,0.7059343829017265,0.5092587074796798,0.48329065602632926,-28.19178605482645,-0.44774374276421053,-55.279503105590116,-79.50247909403878,-155.27950310559012,-3.663941176470587,-1.3686313686313591,-1.7976692946773443,-2.081758695230885,0.2840894005535408,-1.7962170572438305,-2.079058349444322,0.2828412922004917,99.46170946741108
99.5,2021-06-30,100.29,98.98,99.87,2762100,-1.7104498480369728,-2.0453826697817723,0.33493282174479955,99.36000000000001,99.75730769230769,99.26659420148222,100.9770440495192,0.4893617021276585,0.6268412438625198,-0.13747954173486132,-0.30354929813027354,25.335922504987554,0.37300000000000466,-59.623725728604114,-78.27715154998162,18.65342582137751,100.42500000000001,103.28999999999999,101.8575,108.46000000000001,94.7641607642098,23.587733207586332,32.47409362949623,47.031066908094985,-53.04533429533304,111.83000000000001,112.62,0.0,20.0,-20.0,99.62,101.34,0.0,0.0,34346.433647989936,2785.1199999999963,8.885680037423613,-5.9866574878621055,-149849.2462311581,-152230.93676694803,33.78989216678373,100.24534981887285,71.73092645614871,90.35208680170736,99.417,101.18163140627365,97.65236859372635,3.5499590739484206,0.3761781076641935,0.0,0.0,100.07266666666666,99.34766666666668,100.79766666666667,-1.4489470984417876,1.2535632183908152,0.0,1.0,99.62,102.25,100.935,2.6454228150115124,-0.24334600760456337,1.7340025294118575,3.369425852845757,39.80134102106149,0.8096567087351882,0.7050238909880221,0.5399940562587048,-27.130613030212995,-6.498588296432347,-39.7515527950311,-54.351437238191636,-139.7515527950311,-3.6056176470588213,-0.5426045016077091,-1.693899701795754,-2.004186896543859,0.31028719474810496,-1.716680135713097,-2.0065827066980773,0.2899025709849803,99.45116571236244
99.91,2021-07-01,100.38,99.53,100.18,2073900,-1.5627374309217146,-1.9488536220097608,0.3861161910880462,99.33833333333332,99.48423076923076,99.30711817048496,100.86985560140667,0.5168831168831163,0.5709956709956704,-0.05411255411255411,-0.28898987863325537,24.96334135433779,0.4069999999999965,-54.41141087050818,-73.25615417671975,18.84474330621157,100.42500000000001,103.205,101.815,108.0,97.3820803821049,22.959284636804508,31.901417384353216,42.97527004134755,-31.326480665685644,111.09,112.62,0.0,16.0,-16.0,99.68440000000001,101.34,0.0,0.0,34346.433647989936,2885.029999999996,9.211129531319523,2.7186507246895824,-40036.03242918314,-15272.648681487926,34.34505987743235,100.20031876346312,71.69260266356213,90.35208680170736,99.49300000000001,101.1353897223276,97.85061027767242,3.301518141633266,0.5112640743841101,0.0,0.0,100.00633333333334,99.41333333333333,100.59933333333332,-1.1859248914235359,0.9016301292861089,1.0,1.0,99.62,102.25,100.935,2.6434020483853087,-0.03422053231939299,1.7006022764706707,2.8974796824026035,42.80796309116551,1.0,0.8385303638789715,0.6842709874488911,-25.39204396982193,-3.3828542791647256,-5.590062111801456,-33.54037267080758,-105.59006211180146,-3.1966176470588152,-0.26054714901293224,-1.549261096493452,-1.9132017365337777,0.3639406400403258,-1.6023306190367927,-1.9257322891658204,0.32340167012902765,99.45199601756596
99.45,2021-07-02,100.18,99.18,100.0,2551500,-1.4571195835416972,-1.850506814316148,0.3933872307744508,99.27833333333335,99.19115384615385,99.28756152887189,100.74468111241359,0.5283862315601244,0.5333035315154218,-0.004917299955297327,-0.2741082600974386,24.431638395407585,0.5679999999999978,-51.250926380446494,-68.57900159184162,17.328075211395124,100.42500000000001,100.735,100.58000000000001,107.91999999999999,98.69104019105245,22.498995244447872,30.78175761494608,42.9604561423757,-47.19475346792922,111.05,112.62,0.0,12.0,-12.0,99.74622400000001,101.34,0.0,0.0,34346.433647989936,2785.5799999999963,9.274791262913999,-2.6422279502659913,34389.14027149411,-3877.0171907524477,33.99534119964677,100.13403716734584,64.58598892717777,90.03436118751469,99.412,100.9446917498334,97.87930825016662,3.0835145653108067,0.42431615814947177,0.0,0.0,99.95599999999999,99.39500000000001,100.517,-1.1224938973148044,1.1916221033868148,0.0,1.0,99.62,101.65,100.635,2.042007001166862,-0.21674876847290517,1.5955420488236043,2.281104339912686,41.391222566141344,0.8600534445553528,0.8899033844301805,0.8111525464323913,-24.27950989243797,-5.766674843116477,-27.32919254658372,-24.22360248447211,-127.32919254658371,-2.780294117647074,-0.7207207207207195,-1.4463488964899343,-1.819831168525009,0.3734822720350748,-1.5311917824215098,-1.8468241878169582,0.31563240539544846,99.45069837910579
99.1,2021-07-06,99.49,98.05,99.28,1908100,-1.447907656579659,-1.7699869827688504,0.32207932618919144,99.1175,99.13346153846153,99.09716744750699,100.54507510408665,0.5754857997010461,0.5710014947683112,0.004484304932734884,-0.2612615036168042,24.086172159811294,-0.18999999999999773,-50.19938778358264,-64.43458745757974,14.235199673997101,100.36,100.69,100.525,107.91999999999999,99.34552009552623,22.48890091671672,30.536186254654723,48.122421970807814,-117.26277968316266,108.935,110.97999999999999,16.0,8.0,8.0,99.74622400000001,101.23,0.0,1.0,34346.433647989936,2686.4799999999964,8.389309822341328,-18.26233824308527,149394.55095862434,-5472.565043558169,32.86625267373427,100.00566720251493,57.49560908617036,89.00856134740688,99.32,100.94499230767636,97.69500769232363,3.272235818921396,0.10922891942300493,0.0,0.0,99.747,99.28200000000001,100.212,-0.9323588679358704,2.324731182795724,0.0,1.0,99.49,101.34,100.41499999999999,1.8626661296818452,-0.7783783783783735,1.4669878439412427,1.5992027253028167,37.11985357740324,0.4381248228715858,0.7660594224756463,0.8314977235949327,-24.459925304676837,-5.278081260349529,-82.7586206896546,-38.55929178267994,-182.7586206896546,-2.38902941176471,-1.93038607721545,-1.4400582575335,-1.7438765863267072,0.30381832879320725,-1.4860906213770666,-1.77467747452898,0.28858685315191335,99.32569351455057
99.37,2021-07-07,99.95,99.07,99.23,1409300,-1.3428224413634808,-1.6845540744877767,0.3417316331242959,99.1125,99.2073076923077,99.09298784019822,100.4358102815617,0.4872673849167473,0.5435847208619001,-0.05631733594515281,-0.24789102188087342,23.73979708947656,1.251499999999993,-47.96111721676134,-60.7832560849293,12.822138868167961,99.83500000000001,100.69,100.2625,107.91999999999999,99.67276004776312,22.479527612394936,27.725394170949603,43.69285366793419,-63.513733138307366,107.09,109.42,12.0,4.0,8.0,99.74622400000001,101.1952,0.0,0.0,34346.433647989936,2785.8499999999963,8.40408940437522,-1.1738042083588613,-148535.77538492868,-47620.35331502686,33.89998444323963,99.92802462249871,64.65901955831566,89.00856134740688,99.2685,100.85620620708221,97.6807937929178,3.198811721910186,0.437488434851936,0.0,0.0,99.57000000000001,99.144,99.996,-0.8556794215124933,1.0868544600939123,0.0,1.0,99.49,101.34,100.41499999999999,1.863632471529245,-0.2270270270270269,1.510289059547119,1.6276165855761913,42.85258790704529,1.0,0.7660594224756463,0.8073407431271576,-22.958902024022194,6.937896898994959,-24.13793103448273,-44.74191475690703,-124.13793103448273,-2.094117647058823,-0.06052658125693764,-1.3369956767402116,-1.662500404409408,0.32550472766919647,-1.412470401627317,-1.7022360599486475,0.2897656583213304,99.31804647256382
98.27,2021-07-08,99.28,98.08,98.6,2475900,-1.324162259170052,-1.6124757114242319,0.2883134522541799,98.90916666666665,99.23461538461538,98.93714355709079,100.26130581626084,0.5400421496311902,0.5063224446786085,0.0337197049525817,-0.2361490321790278,23.6425835249277,1.132000000000005,-46.592104021131306,-57.474963445360736,10.88285942422943,99.73,100.69,100.21000000000001,107.91999999999999,99.83638002388156,22.875966217611328,27.725394170949606,49.32133726238037,-120.93909596768108,106.175,108.78999999999999,8.0,0.0,8.0,99.74622400000001,101.161096,0.0,0.0,34346.433647989936,2687.5799999999963,6.609137819109502,-14.904303607164664,449781.2150198517,10924.59407679064,32.917978790670745,99.78309733076414,57.586790124100425,88.11910464271392,99.238,100.89107713068913,97.58492286931087,3.3315406007560147,0.14974411099702897,0.0,0.0,99.316,98.89,99.74199999999999,-0.8578678158604753,1.950704225352127,0.0,1.0,99.28,101.23,100.255,1.9649730949837791,-0.615384615384616,1.406260153592407,1.73860151819132,39.12425990238477,0.6333296299140999,0.6904848175952286,0.740867887515507,-22.746204490132346,-5.093177377549321,-61.5384615384616,-56.145004420866336,-161.5384615384616,-2.015058823529415,-2.427377636291283,-1.3207111640822986,-1.5941425563439864,0.2734313922616878,-1.4268015844360322,-1.6471491648461245,0.22034758041009228,99.24727155210368
99.51,2021-07-09,99.51,98.43,98.6,1755400,-1.266532062190322,-1.54328698157745,0.27675491938712793,98.7475,99.25692307692307,98.85912147138453,100.12565353357485,0.5054488842760766,0.502854177477945,0.002594706798131563,-0.22488270823326817,23.262200696531643,1.225999999999999,-43.50905439309004,-54.12861072942562,10.619556336335577,99.73,100.765,100.2475,107.91999999999999,99.91819001194078,23.244087779597976,26.47968285883085,47.105312942663105,-97.72861356932121,106.005,108.62,4.0,96.0,-92.0,99.74622400000001,101.08585216,0.0,0.0,34346.433647989936,2787.0899999999965,6.61903462712118,-7.799617377569591,-105165.3100190966,-2995.2794003081863,33.27308176783225,99.67986150332324,64.75249059443165,88.11910464271392,99.214,100.8990566756069,97.5289433243931,3.396812295859257,0.2673668751475018,0.0,0.0,99.26933333333334,98.78533333333334,99.75333333333333,-0.9751249126954171,1.3670798898071674,0.0,1.0,99.28,101.23,100.255,1.9654484246174961,-0.43589743589743235,1.408634138233167,1.7707244198042762,41.07610800325722,0.8252882946570448,0.8195393081903816,0.7586945160870854,-22.006035446483786,-2.009186030147428,-43.589743589743236,-43.088712054229205,-143.58974358974322,-1.9803529411764629,-1.9328484606954248,-1.264942617094249,-1.528302568494039,0.26335995139978996,-1.3228356235730507,-1.5822864565915098,0.25945083301845906,99.24325046227703
98.95,2021-07-12,99.2,98.26,99.05,2051700,-1.2205080382069013,-1.4787311929033402,0.25822315469643886,98.56583333333333,99.26653846153846,98.76694893732537,99.98745697553227,0.5653179190751452,0.5225433526011569,0.04277456647398825,-0.21431056462568998,22.99564394504544,-0.7519999999999953,-39.51831367838381,-50.85860288842537,11.340289210041554,99.69,100.725,100.2075,107.91999999999999,99.9590950059704,23.09354534920331,28.994252321118335,44.535961338677325,-89.21825050857377,106.005,108.62,0.0,100.0,-100.0,99.74622400000001,101.0136180736,0.0,0.0,34346.433647989936,2688.1399999999967,7.138821729293593,-9.088457752202531,-10611.419909045417,30521.04097254322,33.102183667659546,99.52188748821472,57.58520332378338,87.9669127521393,99.122,100.80443395115749,97.43956604884251,3.3946731324176103,0.24382352442217706,0.0,0.0,99.25833333333334,98.76733333333333,99.74933333333334,-0.9893375871043709,1.5166327223353504,0.0,1.0,99.2,101.23,100.215,2.047981275599767,-0.46305418719211683,1.34477072440985,1.8618386148334116,40.39857052892379,0.7586544265664811,0.739090783712542,0.7497049698327173,-21.580846154308272,-8.439058707567753,-46.30541871921169,-50.477874615805526,-146.30541871921167,-1.8912941176470497,-2.170450019912378,-1.2206611460331163,-1.4667742840018545,0.24611313796873824,-1.2711883630184286,-1.5200668378768936,0.24887847485846493,99.22765027230969
98.0,2021-07-13,99.15,97.84,98.91,1650100,-1.2040446799497175,-1.4237938903126157,0.21974921036289818,98.52166666666666,99.15269230769232,98.62434140850608,99.8283860884558,0.5579710144927551,0.46437198067632995,0.09359903381642515,-0.20505316491805678,22.863585860067445,-1.3780000000000001,-37.00169366802818,-47.78530374894845,10.783610080920269,99.665,100.4,100.0325,107.91999999999999,99.9795475029852,22.989814637301688,27.312283253812847,42.39864511912525,-97.76810016330964,106.005,108.62,0.0,100.0,-100.0,99.74622400000001,100.904800989184,0.0,0.0,34346.433647989936,2590.1399999999967,7.087420675199533,-13.67010664474505,23265.306122449583,56547.01531379233,32.68329500492802,99.33843217514327,50.419022881901576,87.59090925777843,99.038,100.798506745232,97.27749325476799,3.555214655449438,0.15975705482397465,0.0,0.0,99.225,98.789,99.661,-0.8788107835726884,2.088302752293576,0.0,1.0,99.15,101.23,100.19,2.10020396211555,-0.629807692307694,1.299293651968865,1.9829474453041984,38.70016309733894,0.5916209250297604,0.725187882084429,0.761272657995784,-21.684295248592736,-18.41271680066122,-62.98076923076939,-50.958643846574795,-162.9807692307694,-1.6633235294117696,-0.5387821490291768,-1.2061145402900126,-1.4146423352594863,0.2085277949694737,-1.29261618866715,-1.4745767080349448,0.1819605193677949,99.2037717225564
98.89,2021-07-14,99.12,98.1,98.19,1680700,-1.1566839898057992,-1.3703719102112524,0.21368792040545315,98.55833333333334,99.08384615384617,98.54367349950513,99.70035748931093,0.5693251533742346,0.4312883435582845,0.13803680981595012,-0.19618219542457627,22.7716105188947,-0.5035000000000025,-34.279899294325084,-44.96932303402857,10.689423739703486,99.65,100.23,99.94,107.91499999999999,99.9897737514926,22.916548217985426,26.423420916843625,41.297758075946554,-102.18744778385698,105.60499999999999,108.62,4.0,100.0,-96.0,99.74622400000001,100.76441691004928,0.0,0.0,34346.433647989936,2689.0299999999966,7.073622424856862,-8.044177124067314,352664.5768025104,80540.88374536646,32.9460852747563,99.14085871471472,43.14814210930118,87.59090925777843,98.9535,100.72372343222754,97.18327656777247,3.5778894778406802,0.25892873620873386,0.0,0.0,99.13266666666667,98.66866666666667,99.59666666666666,-0.9361192745075596,1.612787356321847,0.0,1.0,99.12,101.23,100.17500000000001,2.1323146730535045,-0.4834123222748865,1.2973642867719786,2.0175274011433832,40.37140456770506,0.7559827321658386,0.7020860279206934,0.7221215645725548,-21.323890214012824,-11.808042970221285,-96.22641509434038,-68.50420101477384,-196.22641509434038,-1.5823823529411811,0.45054269916034995,-1.1601603233266335,-1.3637459328729158,0.20358560954628224,-1.2235049168227996,-1.4243623497925157,0.20085743296971614,99.18406601161881
98.68,2021-07-15,99.37,98.13,98.57,1577900,-1.104003289666764,-1.3170981861023547,0.21309489643559076,98.53166666666668,99.00807692307693,98.48003142265819,99.58403471232495,0.45014925373134534,0.4137313432835842,0.03641791044776116,-0.18751434310020632,22.920148438990356,-0.1349999999999909,-32.81612605366512,-42.56984694326823,9.753720889603109,99.56,100.23,99.89500000000001,107.91499999999999,99.9948868757463,22.38505276528624,28.869875712616533,39.44147525912182,-76.462234845123,105.5625,108.62,0.0,96.0,-96.0,99.74622400000001,100.59997521904435,0.0,0.0,34346.433647989936,2787.7099999999964,7.0989767196054885,-6.472094677771969,-255370.8958248903,19945.565508399486,32.97626264478688,99.09642362012441,50.27430748363247,87.61769546856063,98.865,100.61394825538305,97.11605174461694,3.5380534170496247,0.2898737147489194,0.0,0.0,99.03033333333333,98.52833333333334,99.53233333333333,-1.0138307791215393,1.3967463479415778,0.0,1.0,99.12,101.23,100.17500000000001,2.1342234359985834,-0.469194312796213,1.2946278580947816,1.9710329365032833,40.572729821858985,0.7757824937093453,0.7077953836349815,0.7116897645467013,-20.969953073757257,-0.6055430466722225,-93.396226415095,-84.20113691340161,-193.396226415095,-1.3121176470588267,-0.3250380904012264,-1.108614742168232,-1.3127196947319792,0.20410495256374728,-1.1723709333629004,-1.3739640665065929,0.20159313314369243,99.15652687260398
98.19,2021-07-16,99.18,98.0,98.96,1453100,-1.0605183731513534,-1.2657822235121545,0.20526385036080108,98.47083333333335,98.98153846153848,98.40618043455693,99.46669880770828,0.4564691656590103,0.4552599758162061,0.0012091898428042147,-0.17924325655281195,22.891559750586346,0.21400000000001285,-31.48359335914566,-40.37347660756813,8.889883248422468,99.2,100.17500000000001,99.6875,107.91499999999999,99.99744343787316,21.433458928859658,30.296703033498236,36.335396325480026,-69.77384464110136,104.32749999999999,108.62,36.0,92.0,-56.0,99.74622400000001,100.45197769713992,0.0,0.0,34346.433647989936,2689.5199999999963,7.516986240459121,-7.371038295233053,-22405.54027905247,17212.189891837035,32.846183158391284,99.07991870270477,57.343226847581114,87.50162188850445,98.76599999999999,100.47498098292738,97.0570190170726,3.4606665915950554,0.27588984088989765,0.0,0.0,98.89866666666667,98.39466666666667,99.40266666666668,-1.0192250653868031,1.391534391534387,0.0,1.0,99.12,101.23,100.17500000000001,2.136362715914383,-0.5308056872037937,1.2701650722853046,1.8642781285043135,39.943375497715266,0.5073601751642484,0.679708467013144,0.6965299595229396,-20.82576956140158,-8.443705665053058,-105.66037735849076,-98.42767295597541,-205.66037735849076,-1.1907352941176583,-0.7393902562544353,-1.0662044542179652,-1.2634166466291765,0.19721219241121135,-1.1584984635135551,-1.3308709459079855,0.17237248239443037,99.08163429211655
98.0,2021-07-19,98.86,97.4,97.84,2314100,-1.0622265625122083,-1.2250710913121654,0.16284452879995714,98.33916666666666,98.92346153846152,98.25138344462509,99.3136100071373,0.5239637305699507,0.4896373056994844,0.03432642487046633,-0.17241088073805166,22.917968981889622,0.8504999999999967,-29.65816709488803,-38.09111875326873,8.432951658380702,99.045,100.045,99.545,107.785,99.99872171893658,20.853673326494235,30.296703033498236,39.605156550836426,-123.83480266691673,104.30499999999999,108.62,32.0,100.0,-68.0,99.74622400000001,100.31877992742594,0.0,0.0,34346.433647989936,2591.5199999999963,7.266101882846166,-14.718032824485395,749387.7551020366,50014.96359022459,32.24618315839129,99.01400490868403,50.268094662271245,86.96589767286055,98.6795,100.47877179714669,96.88022820285332,3.646698244613496,0.14443948878956217,0.0,0.0,98.72333333333333,98.13533333333332,99.31133333333335,-1.1912077523044506,1.6252834467119868,0.0,1.0,98.86,101.23,100.045,2.401714641845575,-0.6160337552742577,1.2291485650567742,1.8707643270831518,37.08418976703325,0.0,0.4277142229578646,0.6050726912019967,-21.439787283209796,-7.8889232920736285,-110.60606060605951,-103.22088812654845,-210.60606060605951,-1.2776470588235185,-1.596282077187309,-1.0695679700253269,-1.2246469113084066,0.15507894128307975,-1.1499536740358491,-1.2946874915335584,0.1447338174977093,98.95475790438569
99.01,2021-07-20,99.68,97.81,97.81,1834900,-1.0187531887919477,-1.1838075108081219,0.1650543220161742,98.19583333333333,98.83538461538461,98.18347829929814,99.20223148809009,0.5533498759305232,0.5074441687344938,0.04590570719602938,-0.16571216373172945,23.36344415671535,0.6359999999999957,-27.372273646187406,-35.80346946764941,8.431195821462001,98.955,100.045,99.5,107.785,99.99936085946828,20.31530098144063,28.988831237705142,37.89545014603269,-81.46244229962127,104.30499999999999,108.62,28.000000000000004,96.0,-68.0,99.74622400000001,100.14372633613482,0.0,0.0,34346.433647989936,2690.5299999999966,7.257292666709666,-6.816299563844673,-746035.7539642538,20062.326445382554,32.662960365783476,98.94523987300485,50.21664161297365,86.96589767286055,98.54400000000001,100.16808620461094,96.91991379538908,3.2961645652925244,0.2740267733584233,0.0,0.0,98.67266666666667,97.91866666666667,99.42666666666668,-1.5282854421015037,1.0720601237842597,0.0,1.0,98.86,101.23,100.045,2.4050170482221183,-0.4430379746835423,1.334233708551097,1.8672362905737483,40.232516966013016,0.5457888173740368,0.3510496641794285,0.486157451383479,-21.16133063191615,-5.986221159716642,-79.54545454545388,-98.6039641700014,-179.54545454545388,-1.3350882352941227,-1.7281221742188273,-1.0269458393325115,-1.1851066969132278,0.1581608575807163,-1.0488588052916379,-1.2455217542851744,0.19666294899353653,98.94387316556814
99.09,2021-07-21,99.78,98.69,99.09,1825400,-0.9028837001074805,-1.1276227486679937,0.2247390485605132,98.15499999999999,98.80346153846153,98.26140471479074,99.16428841489822,0.5644283121597125,0.5601935874168202,0.004234724742892215,-0.15735715054902916,23.49673262923687,-0.4100000000000108,-25.26810910400664,-33.43413669908,8.16602759507336,98.975,100.045,99.50999999999999,107.785,99.99968042973414,19.356248827540547,37.98897615810736,33.09247972486045,9.937058113466785,104.30499999999999,108.62,24.0,92.0,-68.0,99.74622400000001,99.98967917579864,0.0,0.0,34346.433647989936,2789.6199999999967,7.259464480132787,6.614486088133071,-480472.29791098676,-3553.605817462351,33.554476570670495,98.90731618054251,50.18280421180961,86.96589767286055,98.46000000000001,99.85529208411987,97.06470791588015,2.8342313307330063,0.5824200189400028,0.0,0.0,98.64966666666666,97.89866666666666,99.40066666666668,-1.52255963020658,0.47314691522414865,1.0,1.0,98.86,101.23,100.045,2.407068860450949,-0.07172995780590775,1.397810337695987,1.8357005743940171,46.42884723716325,1.0,0.515262939124679,0.4313422754206573,-19.195320161455882,2.1524162187259086,-12.878787878787936,-67.67676767676713,-112.87878787878793,-1.191735294117649,-0.49405122000404217,-0.9104927938673467,-1.1301839163040517,0.21969112243670497,-0.9512407375667316,-1.1866655509414858,0.2354248133747543,98.94030927092989
99.39,2021-07-22,99.98,98.47,99.11,1562100,-0.819363346293656,-1.0659708681931264,0.24660752189947033,98.19,98.75269230769231,98.29349629713063,99.11285964342429,0.6023142509135225,0.5870889159561534,0.015225334957369108,-0.1483656930831609,23.601805513011236,0.7084999999999866,-22.632545275686116,-31.114524574924005,8.481979299237889,98.985,100.045,99.515,107.785,99.99984021486708,18.48559545241718,36.56464370340365,31.673916761043873,29.896501293733145,104.54499999999999,108.62,20.0,88.0,-68.0,99.74622400000001,99.8541176747028,0.0,0.0,34346.433647989936,2690.229999999997,7.220855104179697,2.5458737898283634,-96287.35285239964,-7571.557276263529,33.332916128883085,98.84632716718453,46.26054586166907,86.96589767286055,98.3615,99.4216749855602,97.30132501443981,2.1556706344661176,0.5511707979709882,0.0,0.0,98.703,97.93299999999999,99.473,-1.5602362643486076,0.6512987012986987,1.0,1.0,98.86,100.18,99.52000000000001,1.3419884812655432,-0.29545454545454425,1.3870293039263888,1.826777735247299,45.168105421267704,0.8650842130997869,0.8036243434912747,0.556645648931794,-17.865384137206995,1.3434715102193415,-34.21052631578951,-42.21158958001046,-134.2105263157895,-1.0755588235294198,0.42835288118307163,-0.8266973117731219,-1.0694865953978656,0.24278928362474372,-0.8397319250994536,-1.1172788257730795,0.27754690067362586,98.93209062264417
100.15,2021-07-23,100.62,99.34,99.58,1241000,-0.6751879882196477,-0.9878142921984306,0.312626303978783,98.21249999999999,98.73115384615383,98.45449686680284,99.12968485502249,0.5530133928571457,0.6222098214285738,-0.06919642857142816,-0.13734184339228922,23.650988623572168,-0.3299999999999983,-19.659793358172678,-28.908022317122768,9.24822895895009,99.22,100.045,99.6325,107.485,99.99992010743354,18.143794764932277,37.192901324310206,28.22974619545317,126.52201061504331,104.39500000000001,108.62,16.0,84.0,-68.0,99.74622400000001,99.73482355373847,0.0,0.0,34346.433647989936,2790.379999999997,6.861687967156836,14.62939181985295,-576335.4967548708,-51194.74563528959,34.21775922830423,98.85114244787904,54.10596117811956,86.96589767286055,98.41,99.55282107086259,97.2671789291374,2.32257102095843,0.9068878425990377,0.0,0.0,98.803,98.02,99.58600000000001,-1.5849721162313055,0.15708812260536825,1.0,1.0,98.86,100.18,99.52000000000001,1.3413271009043872,0.3636363636363646,1.4633263735337505,1.791698438039823,50.85175772692826,1.0,0.9550280710332624,0.7579717845497386,-15.03435139057714,6.883615824492922,66.66666666666733,6.5257841573632716,-33.333333333332675,-0.800882352941187,0.2725345715151007,-0.6811158425522208,-0.9918124448287367,0.31069660227651585,-0.6816226367411272,-1.030147587966689,0.3485249512255618,98.94871003395622
100.59,2021-07-26,100.82,99.72,100.09,1360300,-0.5242222462731263,-0.8950958830133697,0.37087363674024343,98.34916666666665,98.72115384615384,98.64918965652548,99.1734119027986,0.49973808276584847,0.6223153483499231,-0.12257726558407461,-0.12440742905274016,23.75741415346567,-0.08299999999999841,-16.118460439140907,-26.58766306946863,10.469202630327722,99.475,100.045,99.75999999999999,105.405,99.99996005371676,18.294837238483417,39.45174133068009,26.159882988040046,151.8548901649804,103.205,108.62,12.0,80.0,-68.0,98.86,99.73482355373847,1.0,0.0,34346.433647989936,2890.969999999997,4.5629453435173115,18.000078702731034,-257629.98309970583,-80267.92663945604,34.60254078658891,98.94340319411677,61.908246784627494,86.96589767286055,98.513,99.73542545785317,97.29057454214684,2.4817546067080745,0.9936906345683199,0.0,0.0,98.94033333333333,98.09933333333333,99.78133333333334,-1.7000144868456097,0.036464526357513176,1.0,1.0,98.86,100.18,99.52000000000001,1.3399246799914806,0.6515151515151474,1.4649937361803744,1.6670038127561333,53.136704577267814,1.0,0.9550280710332624,0.9045601618525998,-11.965867359378096,10.852759463683384,69.9186991869916,34.12494651262312,-30.0813008130084,-0.34297058823530335,1.6721044045677005,-0.5285915208674323,-0.8991682600364759,0.37057673916904355,-0.514696358256541,-0.9270573420246595,0.41236098376811847,99.00654573339737
99.0,2021-07-27,100.68,98.85,100.16,1726400,-0.46937191003270584,-0.8099510884172371,0.3405791783845312,98.38416666666667,98.71038461538461,98.68008355552156,99.14945546555427,0.5476584022038595,0.6501377410468338,-0.10247933884297422,-0.11219731012152474,23.749873305601664,-0.2729999999999819,-12.373716476976355,-24.15364275642988,11.779926279453523,99.50999999999999,100.045,99.7775,105.095,99.99998002685838,18.246359521941848,37.70507258597515,26.410395978885347,96.10666666666432,102.9725,108.50999999999999,8.0,76.0,-68.0,98.8846,99.73482355373847,0.0,0.0,34346.433647989936,2791.969999999997,4.767005577455185,3.1243531737693964,18383.838383836955,-68345.0970845442,33.73882237503656,98.97756947050391,54.14240954342125,86.20716992541381,98.53299999999999,99.76370873890107,97.3022912610989,2.498064077823848,0.628787579863559,0.0,0.0,99.06666666666666,98.19766666666666,99.93566666666666,-1.7543741588156119,0.6246643651706955,1.0,1.0,98.86,100.18,99.52000000000001,1.3396527051850726,-0.007575757575761409,1.4144943625623378,1.6384874796475886,47.672167807571114,0.6595837577914777,0.8865279192638259,0.9321946871101168,-10.803460526225432,3.865866800030638,-0.7692307692311644,45.272045028142564,-100.76923076923117,0.013058823529405572,0.42669917708014576,-0.47339837402916585,-0.8140142828350139,0.340615908805848,-0.505679363985644,-0.8427817464168564,0.3371023824312125,99.00057439632842
99.03,2021-07-28,99.61,98.8,98.86,1667100,-0.4250376362257384,-0.7329683979789374,0.307930761753199,98.42916666666667,98.64423076923077,98.69853223928747,99.12356987551321,0.5645336225596553,0.667028199566162,-0.10249457700650666,-0.10087436623244961,23.727627475542427,-0.6965000000000003,-9.58348335499631,-21.572238012133344,11.988754657137033,99.50999999999999,100.045,99.7775,105.095,99.9999900134292,16.9713553668329,37.66425890124964,37.96397461195865,-5.318685151277331,102.9725,108.46000000000001,4.0,72.0,-68.0,98.93561600000001,99.73482355373847,0.0,0.0,34346.433647989936,2692.939999999997,4.672386846806577,1.9706598632309515,897455.3165707379,-36368.37554519519,33.6887313279956,99.00858086665512,54.092174617986714,86.20716992541381,98.5365,99.76982518015627,97.30317481984373,2.5032859501936255,0.6068250305108528,0.0,0.0,99.12866666666666,98.27766666666666,99.97966666666667,-1.7169604487097705,0.6931061496278895,1.0,1.0,98.86,100.18,99.52000000000001,1.339605120945038,-0.04545454545454692,1.3490449263061044,1.5246539355869142,47.370656520552046,0.6408009508242583,0.766794902871912,0.869450297723,-9.936612849629437,8.198357293483296,-4.615384615384801,21.511361267458522,-104.6153846153848,0.03702941176470631,0.5495623855078282,-0.42879573118636916,-0.736970572505285,0.3081748413189158,-0.49047641759862454,-0.7723206806532101,0.2818442630545856,98.99547494676342
99.1,2021-07-29,99.97,98.91,99.45,1311000,-0.37668414379889725,-0.6617115471429293,0.2850274033440321,98.51833333333332,98.58807692307693,98.73106574093556,99.10774988473446,0.544004400440046,0.6875687568756886,-0.14356435643564258,-0.09021877102819882,23.715530126794526,-0.43300000000000693,-6.404609449359571,-18.785684244379336,12.381074795019765,99.50999999999999,100.045,99.7775,105.095,99.9999950067146,16.328596546799158,41.40467003475104,35.29000891127908,43.93852647649985,102.925,108.46000000000001,0.0,68.0,-68.0,98.98459136000001,99.73482355373847,0.0,0.0,34346.433647989936,2792.039999999997,4.564196601898886,3.2464227399122363,-249243.18869828343,-46659.65259370853,33.79906533609277,99.05128870355273,54.09887614827451,86.20716992541381,98.533,99.76165943206712,97.30434056793288,2.4939044423028194,0.6534192430223418,0.0,0.0,99.204,98.381,100.027,-1.659207290028629,0.6786148238153122,1.0,1.0,98.86,100.18,99.52000000000001,1.3396527051850724,0.037878787878785514,1.3311404336754942,1.4362834160258366,48.14764490090235,0.6892038577541382,0.6631961887899581,0.7721730036418987,-9.001973558181989,7.284466340805506,3.8461538461536358,-0.5128205128208001,-96.15384615384636,0.06532352941178488,1.0936222403924705,-0.3800753666963413,-0.6655915313434962,0.28551616464715496,-0.46737474148239344,-0.7113314928190468,0.2439567513366534,98.9930502212198
99.79,2021-07-30,100.78,99.01,99.1,1317300,-0.32653044866334824,-0.5946753274470131,0.2681448787836649,98.59416666666668,98.53307692307693,98.77397870386856,99.10050915253191,0.5342323651452298,0.6862033195020748,-0.15197095435684504,-0.0800944154438324,24.006957837527047,-0.37700000000000955,-3.6861979018338236,-15.899909889595534,12.21371198776171,99.88499999999999,99.52000000000001,99.7025,104.525,99.99999750335729,15.731749071053539,40.5065500882339,34.52452374041826,75.11836370258047,102.9175,108.46000000000001,20.0,64.0,-44.0,99.03160770560001,99.73482355373847,0.0,0.0,34346.433647989936,2891.8299999999967,4.242078921539205,4.208219491353467,-387213.1476099772,-73559.77600091795,33.89995503379777,99.10824009248377,61.821948498961255,86.20716992541381,98.507,99.67044488481729,97.34355511518272,2.3621567702138546,0.7161683834636465,0.0,0.0,99.29566666666666,98.32666666666667,100.26466666666667,-1.9517468033180392,0.6474028207774323,1.0,1.0,98.86,100.16,99.50999999999999,1.3197031683027574,0.11538461538462001,1.3850263903079452,1.3276408262140798,48.88642439512335,0.7352265216765522,0.6884104434183164,0.7061338450267286,-8.019152564201256,2.602116359538781,11.538461538462,3.589743589743588,-88.461538461538,0.06258823529412894,0.9276248725790122,-0.32949421900624587,-0.5983720688760462,0.26887784986980034,-0.38853150081506815,-0.6467714944182511,0.25823999360318295,98.99372798507785
98.88,2021-08-02,100.3,97.91,100.3,1749600,-0.3712643861079954,-0.5499931391792097,0.17872875307121427,98.57583333333332,98.51538461538462,98.6410589032734,99.0123232893814,0.5330284552845546,0.728150406504065,-0.19512195121951048,-0.07276508762446712,24.194019334732292,-0.4435000000000002,-3.3155871298047797,-13.226944721108575,9.911357591303796,99.955,99.58,99.7675,103.955,99.99999875167865,16.257682727505514,47.695565241833535,29.798459511695686,61.18389131489549,102.34,108.46000000000001,100.0,60.0,40.0,99.076743397376,99.73482355373847,0.0,0.0,34346.433647989936,2792.9499999999966,3.735699780294332,-11.931240435982861,0.0,-75221.58358109291,32.801399332353455,99.16992642979126,61.73832679569233,85.24940922530315,98.4435,99.59161628331259,97.29538371668741,2.332538528826361,0.26766290673069765,0.0,0.0,99.44266666666667,98.57566666666666,100.30966666666666,-1.7437183234560565,1.3838908112264525,0.0,1.0,98.86,100.3,99.58,1.4627679836657552,-0.6597222222222252,1.3755237512771499,1.23260593461139,41.826845074545936,0.2954462502341952,0.5732922098882952,0.6416329473655232,-9.122727081203736,-3.9807280134147844,-65.97222222222253,-16.862535612535655,-165.9722222222225,0.06144117647059488,-0.22419239783959938,-0.3749678562969462,-0.5536912263602263,0.1787233700632801,-0.395403069550063,-0.5964978094446135,0.2010947398945505,98.97650672077559
99.89,2021-08-03,101.95,98.98,99.3,2631000,-0.3167252842642512,-0.503339568196218,0.18661428393196677,98.65749999999998,98.56615384615385,98.69320368738519,99.00992897164944,0.4692513368983968,0.7027629233511584,-0.2335115864527616,-0.06538136666279648,24.702242706244977,-1.0900000000000034,-2.3130385071732915,-10.676381321460426,8.363342814287133,99.955,99.58,99.7675,103.955,99.99999937583932,16.746049694210924,41.15774119055297,25.713864134769498,124.95276203178899,102.26,108.46000000000001,96.0,56.00000000000001,39.99999999999999,99.15013879353344,99.73482355373847,0.0,0.0,34346.433647989936,2892.8399999999965,3.1610030229581523,5.042122483443366,-862198.4182600954,-161997.5117998505,33.89303757155272,99.28498342681998,69.42164123962549,85.24940922530315,98.49000000000001,99.64590657062217,97.33409342937784,2.347256717681317,0.7119548467209825,0.0,0.0,99.607,98.662,100.55199999999999,-1.8974570060336988,0.8317460317460317,1.0,1.0,98.86,100.3,99.58,1.4620773682607346,0.08333333333333662,1.6419713761494357,1.187941332082596,49.47065674238499,0.7716215883790699,0.6007647867632725,0.6208224800232947,-7.796190971308102,-1.0152450996234255,8.333333333333663,-15.366809116808978,-91.66666666666634,0.11994117647059,1.000000000000004,-0.3198924467009187,-0.5069314704283647,0.18703902372744602,-0.3151823674450024,-0.5402347210446913,0.2250523535996889,98.97663178066084
97.73,2021-08-04,99.87,97.52,99.54,2192500,-0.38685305023552985,-0.4800422646040804,0.09318921436855054,98.6675,98.53038461538462,98.51271081240284,98.89956386263837,0.5616500453309162,0.687216681776972,-0.1255666364460558,-0.06102246340302862,24.97709164228474,-0.602499999999992,-3.4277246877387237,-8.54251236724405,5.114787679505326,99.955,99.58,99.7675,103.955,99.99999968791965,16.08350273008521,38.847405147134296,45.1201076723554,-19.130218743998284,102.25750000000001,108.46000000000001,92.0,52.0,40.0,99.21913046592144,99.73482355373847,0.0,0.0,34346.433647989936,2795.1099999999965,3.74471514519463,-16.06186644276294,310651.7957638357,-121567.3195435129,32.45147563984934,99.30557742006764,61.84666983086598,83.99194168166865,98.4125,99.60957769171743,97.21542230828256,2.432775697634831,0.12721717805987398,0.0,0.0,99.586,98.67699999999999,100.495,-1.8255578093306408,1.6364136413641304,0.0,1.0,98.86,100.3,99.58,1.4632287565095876,-0.9305555555555594,1.566774238534492,1.271824563201682,41.464600953167874,0.27288005885170186,0.4466492991549891,0.5402354319355188,-9.273529424252834,-12.552321197067993,-93.05555555555594,-50.23148148148163,-193.05555555555594,0.24629411764705367,0.12320328542093463,-0.3911574885940146,-0.48377667406149477,0.09261918546748016,-0.42228736533340483,-0.516645249902434,0.09435788456902916,98.93068675057818
98.94,2021-08-05,99.33,97.87,97.93,1587100,-0.40946764693397597,-0.4659273410700595,0.05645969413608354,98.67250000000001,98.49730769230769,98.41383222587933,98.82329987281331,0.6099912357581071,0.6468010517090274,-0.036809815950920255,-0.05807387060193882,25.334636063313415,0.2879999999999967,-3.71282085568582,-6.770626533634398,3.057805677948578,99.815,99.58,99.69749999999999,103.955,99.99999984395983,15.897328621265117,37.20092000797075,48.78996806534997,-96.13181778130247,102.25750000000001,108.46000000000001,88.0,48.0,40.0,99.28398263796615,99.73482355373847,0.0,0.0,34346.433647989936,2894.0499999999965,3.672192449006528,-8.820314093796688,1521123.9134829137,-11315.215703372462,32.80657203033336,99.28126932115792,54.25476696332935,83.99194168166865,98.402,99.61414850575643,97.18985149424357,2.4636664005943607,0.2805549412990423,0.0,0.0,99.50500000000001,98.543,100.46700000000001,-1.9335711773277788,1.3497920997920996,0.0,1.0,98.86,100.3,99.58,1.4633848905510027,-0.6874999999999976,1.5910968146810431,1.3017629338521353,43.81214246563245,0.4191214135687744,0.4878743535998488,0.5117628131727033,-9.707487282453208,-4.82027279075569,-68.74999999999976,-51.15740740740737,-168.74999999999974,0.1014705882352871,0.06134342091810885,-0.41434322417989017,-0.4698899840851739,0.05554675990528374,-0.4042217467962051,-0.49416054928118824,0.08993880248498315,98.91507427127617
98.77,2021-08-06,99.28,98.2,98.99,1984500,-0.3961945515047489,-0.4519807831569974,0.0557862316522485,98.63166666666666,98.46730769230768,98.38093496035943,98.77712951186417,0.5528455284552848,0.6850663243474543,-0.1322207958921695,-0.055435546089855466,25.591747320166487,0.07949999999999591,-4.250320149041236,-5.451944279178878,1.2016241301376427,99.78999999999999,99.58,99.685,103.155,99.9999999219799,14.777254099814707,43.56906253932877,43.38100231248964,-36.864839911631634,101.8575,108.46000000000001,84.0,44.0,40.0,99.28398263796615,100.3,0.0,1.0,34346.433647989936,2992.8199999999965,3.9261855244378223,-2.903969223254329,-148273.76733826246,-75433.89587767953,33.139606668118184,99.33673902612234,61.80608500513779,84.27514737038788,98.3905,99.6057279621567,97.1752720378433,2.4702140189483806,0.4216196442427502,0.0,0.0,99.40266666666666,98.51566666666666,100.28966666666666,-1.7846603712844737,1.1779406238256245,0.0,1.0,98.86,100.3,99.58,1.4635559327374064,-0.4583333333333317,1.5729871332129384,1.238309840983645,46.01067634881849,0.4477739751525211,0.3799251491909992,0.4381496006486123,-9.378007479820837,-1.861221264677533,-105.88235294117672,-89.22930283224416,-205.88235294117672,-0.008499999999997954,-0.49650420508662974,-0.4010994786573159,-0.4561318829996023,0.0550324043422864,-0.39916077277937884,-0.4751605939808264,0.07599982120144755,98.89126744798796
98.34,2021-08-09,98.86,97.26,97.55,2332100,-0.45626612002594413,-0.4528378505307868,-0.0034282694951573434,98.53083333333335,98.38000000000001,98.20848342799644,98.66474954802239,0.6252873563218397,0.6574712643678162,-0.032183908045976484,-0.05486391503564237,25.97221064961869,0.9995000000000118,-4.931108333663303,-4.624987818810762,-0.306120514852541,99.58,99.58,99.58,103.07,99.99999996098995,14.056824528067091,43.569062539328776,47.85813173518661,-140.88848594741563,101.815,108.0,80.0,40.0,40.0,99.28398263796615,100.2796,0.0,0.0,34346.433647989936,2894.4799999999964,3.422538816327967,-15.694773619932251,1238865.1616839555,66344.74095433542,32.19826654591859,99.29869877366437,54.25193804266732,83.46844025706645,98.34049999999999,99.65159839447982,97.02940160552016,2.6664464680977376,0.08794091864147624,0.0,0.0,99.17066666666666,98.22566666666667,100.11566666666667,-1.9058054801150883,1.5109347442680758,0.0,1.0,98.86,100.3,99.58,1.4643000594871878,-1.111111111111109,1.4816884198916442,1.324682798951381,41.07986592688508,0.0,0.28896512957376524,0.3855882107882043,-10.684276273595465,-9.15385949006071,-111.11111111111089,-95.24782135076248,-211.1111111111109,-0.33691176470586015,-1.228800649944139,-0.4624408637492856,-0.457393679149539,-0.005047184599746624,-0.4253234248478196,-0.46519316015422507,0.039869735306405474,98.74767201247833
101.42,2021-08-10,101.59,98.18,98.34,2483100,-0.4247408119439626,-0.447218442813422,0.022477630869459364,98.43416666666667,98.34153846153845,98.20410136215084,98.6288421740948,0.5611779344670265,0.6789713811696395,-0.11779344670261305,-0.053783586996749906,26.715564618393177,1.3624999999999972,-4.725136267167702,-4.0851714757186945,-0.6399647914490076,99.58,99.58,99.58,100.6,99.99999998049498,13.39250736326558,46.83181531535542,42.579089163029884,34.111384111383444,100.58000000000001,107.91999999999999,76.0,36.0,40.0,99.28398263796615,100.22281600000001,0.0,0.0,34346.433647989936,2995.8999999999965,2.9827076380144195,-0.1231773885133336,-5639913.232104138,-302186.75434517534,33.15761674127126,99.31187804632572,54.34098259560752,83.46844025706645,98.3575,99.65089669089092,97.06410330910909,2.6299909836889217,0.43138222741325805,0.0,0.0,99.118,97.9,100.336,-2.4576767085695765,0.885057471264367,1.0,1.0,98.86,100.3,99.58,1.4640469715070001,-0.4722222222222178,1.7665195779024796,1.3690361704462717,47.05971991286194,0.495971967393545,0.31458198084868877,0.32782408653781764,-9.849500949347274,-4.17239095002102,-47.22222222222178,-88.07189542483648,-147.22222222222177,-0.4209705882352921,-1.1677068653110494,-0.430645643385158,-0.4520440719966628,0.021398428611504816,-0.19310840273625554,-0.4107762086706312,0.21766780593437565,98.73847855326581
102.32,2021-08-11,103.39,101.48,101.81,3010200,-0.13195328211399726,-0.3841654106735371,0.25221212855953984,98.58083333333333,98.47346153846154,98.70808576797378,98.84003905008778,0.46664288262575854,0.732429539778809,-0.26578665715305044,-0.04579103199511531,27.244522409821613,0.3234999999999957,-1.7745633659329914,-3.5707219108935195,1.7961585449605282,100.33500000000001,100.33500000000001,100.33500000000001,100.555,99.99999999024749,14.810909692828746,60.74521504116752,30.429495997161244,293.98119278641144,100.525,107.91999999999999,100.0,32.0,68.0,98.86,100.22281600000001,1.0,0.0,34346.433647989936,3098.2199999999966,2.991165823606998,48.13099080984566,-4068901.4855355676,-585944.9066796873,36.59676931817082,99.53475973552376,57.78312888590193,83.46844025706645,98.5265,100.39609113177387,96.65690886822613,3.7951031078417956,1.289878586233375,1.0,0.0,99.43166666666666,98.13066666666667,100.73266666666667,-2.6168725590439035,-0.28721496284908876,1.0,0.0,98.86,101.81,100.33500000000001,2.9941183336462807,0.8881355932203396,2.110867620112231,1.3556013545266625,61.96946168921904,1.0,0.49865732246451505,0.3674014776289896,-3.0108935539123975,14.812014865600819,88.81355932203397,-23.17325800376626,-11.186440677966033,0.12773529411765594,1.7649418371440084,-0.13350185145832363,-0.388335627888995,0.2548337764306714,0.06253695746594891,-0.3161135754433152,0.3786505329092641,98.88505682421147
101.44,2021-08-12,102.76,100.73,102.56,3410900,0.039113338489130456,-0.2995096608410036,0.33862299933013407,98.7375,98.53730769230768,99.01914949597783,98.9800361574887,0.49742268041237137,0.7352724594992642,-0.23784977908689287,-0.03489145931541734,27.437860704915916,0.14349999999998886,-0.03326915552364501,-3.164840939081277,3.131571783557632,100.71000000000001,100.71000000000001,100.71000000000001,100.71000000000001,99.99999999512374,16.438394085271998,61.47392362151351,27.88050759821386,218.7003630587713,100.2625,107.91999999999999,100.0,28.000000000000004,72.0,98.919,100.22281600000001,0.0,0.0,34346.433647989936,2996.7799999999966,3.8671070334823763,30.386563551296284,-11829.652996846042,-545623.0606969714,35.84706494292446,99.69281652857812,50.44912343809602,82.85155682986108,98.65650000000001,100.74633516096546,96.56666483903456,4.236588893718,0.9960917585102962,0.0,0.0,99.689,98.41999999999999,100.958,-2.545917804371607,0.08983451536642768,1.0,1.0,98.86,102.56,100.71000000000001,3.750386441846206,0.5054054054054062,2.027780858101008,1.3699161320021191,57.973292558246655,0.8087005044789868,0.768224157290844,0.5271544868680159,0.6872825682387733,8.367792827947051,50.540540540540626,30.71062588011758,-49.459459459459374,0.849176470588219,1.9018715225088616,0.03951639139320641,-0.30276522403255474,0.34228161542576113,0.19114927890705694,-0.2146610045732408,0.40581028348029774,98.938821568098
101.77,2021-08-13,102.38,100.83,101.81,1217900,0.18067136501876746,-0.2034734556690494,0.38414482068781686,98.90666666666668,98.64307692307693,99.297741881212,99.11707051619324,0.5096963044273695,0.6919136480058553,-0.18221734357848585,-0.022242640387914077,27.398742007126835,0.11199999999999477,1.4850556343225023,-2.631436187511579,4.116491821834082,100.71000000000001,100.71000000000001,100.71000000000001,100.71000000000001,99.99999999756187,17.61248293642557,56.387198163434896,28.484940945814675,157.11838359408475,100.21000000000001,107.91999999999999,96.0,24.0,72.0,99.06464,100.22281600000001,0.0,0.0,34346.433647989936,3098.5499999999965,3.607528488650904,27.499483043968162,316448.8552618639,-504617.42938543065,35.948097405944424,99.79990014942973,43.11938707920421,82.85155682986108,98.798,101.06646732398936,96.52953267601065,4.59213207552654,0.9478794952237829,0.0,0.0,99.89333333333335,98.73533333333333,101.05133333333333,-2.3184730379071032,0.09556706966033401,1.0,1.0,98.86,102.56,100.71000000000001,3.745015081276952,0.5324324324324318,1.9900027722909062,1.380570512925511,58.358870392221334,0.8271583931983996,0.8786196325591288,0.7151670374381626,3.5776146938356583,13.58433328946725,53.24324324324317,64.19911436860589,-46.75675675675683,1.3674999999999926,2.0546558704453455,0.1822807757310082,-0.20575602407984214,0.3880367998108504,0.3157134655906451,-0.10858611054046365,0.42429957613110875,98.9939336850289
102.29,2021-08-16,102.7,100.75,101.27,2403400,0.28313795144491394,-0.10615117424625675,0.3892891256911707,99.06000000000002,98.73230769230769,99.52116620717939,99.23802825573448,0.5092067988668559,0.6802407932011341,-0.17103399433427813,-0.009078849831116188,27.541256091179072,0.04450000000001353,3.939912292307837,-1.93666387645812,5.876576168765958,100.71000000000001,100.71000000000001,100.71000000000001,100.71000000000001,99.99999999878094,18.702708298211032,54.411802558868374,27.48703665240384,128.50045167118387,100.2475,107.91999999999999,92.0,20.0,72.0,99.2044544,100.22281600000001,0.0,0.0,34346.433647989936,2996.2599999999966,3.5968408417754705,22.40195689482988,153778.4729690096,-494946.3840579183,35.86693902054325,99.92265743142035,42.965186879640974,82.85155682986108,98.96549999999999,101.29034386572675,96.64065613427323,4.6982915576170745,0.8837892140430172,0.0,0.0,100.10033333333334,98.79933333333334,101.40133333333333,-2.5993919434167614,0.2503202664616945,1.0,1.0,98.86,102.56,100.71000000000001,3.738676609525545,0.5108108108108106,1.978002495061816,1.3742520620816547,57.90120406758662,0.805249576491667,0.8137028247230179,0.8201822048576636,5.656307097596736,12.468379669732101,51.08108108108106,51.62162162162159,-48.91891891891894,2.0423235294117603,1.8602770195126919,0.28531194787070224,-0.10754242968973327,0.3928543775604355,0.4506415474460318,0.0032594210568354376,0.4473821263891964,99.10228630211815
100.48,2021-08-17,101.99,100.06,101.98,1681800,0.305148662161173,-0.023891206964770803,0.3290398691259438,99.1475,98.80153846153847,99.60406371376718,99.298915051606,0.46239554317548776,0.6747910863509762,-0.21239554317548842,0.0025171030479373834,27.570104242864826,-1.1680000000000064,5.072940482442955,-0.9921455242157113,6.0650860066586665,100.71000000000001,100.71000000000001,100.71000000000001,100.71000000000001,99.99999999939047,19.71506041986896,49.22071229743843,24.864670151542434,98.01967723831372,100.2075,107.91999999999999,88.0,16.0,72.0,99.338676224,100.22281600000001,0.0,0.0,34346.433647989936,2895.7799999999966,22.902440115196704,9.297220195568501,-0.0,-559050.3352415424,35.1787881520569,100.08338681283128,42.85179532561545,82.28413673842084,99.078,101.38599133447406,96.77000866552595,4.65893807802752,0.7127391003016436,0.0,0.0,100.227,99.19,101.264,-2.0693026829097927,0.5805207328833146,1.0,1.0,98.86,102.56,100.71000000000001,3.734431458043161,0.32432432432432484,1.9042022455556338,1.4027222590641064,53.96989286422138,0.6170548766950442,0.7498209487950369,0.8140478020257277,6.125094053159374,8.397950631895593,32.432432432432485,45.58558558558554,-67.56756756756752,2.379852941176466,1.0604989395010576,0.3073031180678924,-0.024573320138208135,0.3318764382061005,0.407373520862072,0.08408224101788277,0.32329127984418926,99.12037260484958
101.43,2021-08-18,102.19,100.37,100.48,2296500,0.34364538808233647,0.04961611204465065,0.2940292760376858,99.3525,98.89884615384615,99.7219000654953,99.37825467741297,0.492924528301887,0.6226415094339633,-0.12971698113207636,0.013168931995777577,27.573294996081984,-0.18200000000000216,7.514333356542561,0.2553160549207754,7.259017301621786,100.71000000000001,100.71000000000001,100.71000000000001,100.71000000000001,99.99999999969523,20.655101675694176,47.552439267806065,24.021913989180234,66.55629139072933,100.0325,107.91999999999999,84.0,12.0,72.0,99.46752917504,100.22281600000001,0.0,0.0,34346.433647989936,2997.2099999999964,22.825924212306738,12.460945881915892,1095829.6362023004,-462973.70489150065,35.493032605384904,100.19578788116293,35.72472041174997,82.28413673842084,99.162,101.52892712182005,96.79507287817997,4.7738591835986375,0.7551831843202487,0.0,0.0,100.43066666666667,99.25566666666666,101.60566666666666,-2.3399227327642373,0.5258156028368746,1.0,1.0,98.86,102.56,100.71000000000001,3.7312680260583715,0.40810810810810916,1.92678202100007,1.4163194364989375,55.43392791318326,0.6871392893193271,0.7031479141686795,0.7555572292289114,6.951886010222001,12.019223564873963,40.81081081081092,41.44144144144146,-59.18918918918908,2.089941176470589,2.512511490144018,0.34579535452481774,0.04950041479439704,0.2962949397304207,0.44415591207587785,0.1560969752294818,0.28805893684639605,99.22214597775572
101.06,2021-08-19,102.17,100.36,101.12,2274700,0.36909273302816814,0.11351143624135415,0.25558129678681396,99.46750000000002,98.98576923076924,99.82006928618833,99.45097655316016,0.5008443093549476,0.6362715298885524,-0.1354272205336048,0.022681857475319114,27.500960282120168,-1.7364999999999924,9.700081067861092,1.8053606345765896,7.894720433284502,100.71000000000001,100.71000000000001,100.71000000000001,100.71000000000001,99.99999999984762,21.873719410943718,49.86431786565685,22.55197130506384,70.98725842312345,99.94,107.91499999999999,80.0,8.0,72.0,99.5912280080384,100.22281600000001,0.0,0.0,34346.433647989936,2896.1499999999965,22.80775525774206,10.536439327356405,-322085.8895705536,-458321.7578886847,35.48296385974377,100.3094229382006,35.85557781966695,82.27593865764587,99.25649999999999,101.6560605847753,96.85693941522467,4.8350699143639275,0.7299379325951335,0.0,0.0,100.71466666666666,99.57466666666667,101.85466666666666,-2.263821224316869,0.6555555555555564,1.0,1.0,98.86,102.56,100.71000000000001,3.727715565227469,0.4054054054054051,1.9141038189000625,1.4341397039687505,55.37274522807553,0.6842104301013785,0.6628015320385833,0.7052567983340999,7.59649655426627,10.122557603890428,40.54054054054051,37.927927927927946,-59.45945945945949,1.8467941176470504,1.3942210547585325,0.3711303255336811,0.11382639694225385,0.25730392859142726,0.43851525634717436,0.2125806314530203,0.22593462489415406,99.30284589273161
102.67,2021-08-20,102.77,100.45,100.97,1511100,0.39200341373471304,0.16920983174002596,0.22279358199468707,99.71166666666666,99.07499999999999,99.91698170369781,99.5249782899631,0.506020175724048,0.6277253498210225,-0.12170517409697446,0.031153191823556834,27.65664671982439,-1.441999999999993,11.505316103940642,3.6316300165325837,7.873686087408058,102.075,100.71000000000001,101.39250000000001,100.71000000000001,99.9999999999238,23.005293022246864,47.32766451496515,21.40472742358094,73.399692481994,99.89500000000001,107.91499999999999,76.0,4.0,72.0,99.70997888771686,100.22281600000001,0.0,0.0,34346.433647989936,2998.8199999999965,22.786877737353347,10.35127656630554,-394467.7120872593,-486498.02303777466,35.575035402190956,100.44526011382864,43.06883928334326,82.27593865764587,99.312,101.76741523983364,96.85658476016636,4.944851054925168,0.7317326987180194,0.0,0.0,100.97200000000001,99.681,102.26299999999999,-2.557144554926112,0.7021688613477896,1.0,1.0,98.86,102.56,100.71000000000001,3.7256323505719378,0.42972972972973034,1.9636934370100558,1.3765965057821394,55.845089961260705,0.7068219128011471,0.6927238774072842,0.6862244412048489,8.256855246366863,-1.6529802536795213,42.97297297297303,41.44144144144146,-57.02702702702697,1.749441176470583,3.0045118949959053,0.39387440265761486,0.16983599808532607,0.2240384045722888,0.5563535626806273,0.28133521769854175,0.27501834498208555,99.37624499345763
103.51,2021-08-23,103.85,102.47,102.67,2852900,0.5666257030206339,0.24869300599614758,0.3179326970244863,100.09499999999998,99.24692307692307,100.30975374928276,99.74312804626213,0.4868727151877699,0.681954137587239,-0.19508142239946907,0.04248684870117089,27.634322663600667,-1.2494999999999976,15.851263991617238,5.917896711953133,9.933367279664104,102.33,100.765,101.5475,100.765,99.9999999999619,24.864661288124204,52.189859793931646,17.84651081684793,142.21038615179754,99.6875,107.91499999999999,100.0,0.0,100.0,99.82397973220819,100.22281600000001,0.0,0.0,34346.433647989936,3102.3299999999967,22.721884414808283,38.74255134254755,-1584581.1998840598,-538096.7931537721,37.65657049427656,100.65834698844097,43.33498882338675,82.27593865764587,99.4495,102.26281459314582,96.63618540685418,5.657775238982235,1.0368222962620237,1.0,0.0,101.48266666666667,100.20466666666667,102.76066666666665,-2.518656716417894,0.11371935315596805,1.0,1.0,98.86,102.67,100.765,3.8310901512828144,0.9475065616797893,2.1073240933090496,1.3622348147814687,64.84007406041685,1.0,0.7970107809675087,0.7175120634711254,11.772473043131942,11.359447316856636,94.75065616797893,59.4213898938308,-5.249343832021069,1.8904705882353028,4.700112393992025,0.5680849539407122,0.2494857892564033,0.31859916468430893,0.7080342705749181,0.36667502827381704,0.34135924230110104,99.98576105031601
105.21,2021-08-24,105.48,103.53,103.99,2215100,0.7815391695207694,0.355262238701072,0.4262769308196974,100.53916666666669,99.48269230769232,100.80517624939311,100.02363707987234,0.3843526855013969,0.7066128531511957,-0.3222601676497988,0.05725071555802016,27.34491198658101,-2.423500000000004,20.58313725574929,8.402085669917831,12.181051585831458,102.99,101.425,102.2075,101.425,99.99999999998096,27.071491438421393,55.973539990732945,15.897849521011395,176.38743252165082,99.545,107.785,100.0,56.00000000000001,43.99999999999999,99.99474094827569,100.22281600000001,0.0,0.0,34346.433647989936,3207.539999999997,22.43950162010452,49.13970115075507,-2088917.403288676,-709494.5930860945,38.744914399809886,101.04646795571678,50.593135482541236,82.27593865764587,99.68350000000001,102.9931723402789,96.37382765972112,6.6403614244662235,1.0810998196389225,1.0,0.0,101.97900000000001,100.877,103.08099999999999,-2.161229272693391,-0.20372050816697532,1.0,0.0,98.86,103.99,101.425,5.1462880015248205,0.9103313840155957,2.1975916839781453,1.2280167927293704,68.4699009229382,1.0,0.9022739709337158,0.7973362097695028,15.993334794387277,16.48052722466742,91.03313840155957,76.25225584750383,-8.966861598440431,2.2891470588235308,5.427698574338083,0.781354480138213,0.3558595274327653,0.4254949527054477,0.9512678197045454,0.4835935865599627,0.46767423314458273,100.69574753601468
106.32,2021-08-25,106.64,105.02,105.28,3177700,1.0598726356445525,0.4961843180897681,0.5636883175547844,101.18583333333333,99.76,101.4536106725634,100.39373803691885,0.31751715905699784,0.752014324082364,-0.43449716502536617,0.07648925909135042,27.186708171083207,-1.8144999999999953,25.126755520396642,11.197643967242307,13.929111553154335,103.63499999999999,102.07,102.85249999999999,102.07,99.99999999999048,29.505968787894457,58.08893706965684,14.002198404538275,201.31811244047736,99.5,107.785,100.0,52.0,48.0,100.31436167241364,100.22281600000001,0.0,0.0,34346.433647989936,3313.859999999997,22.37445284002344,64.7507152720757,-1566967.6448457502,-930072.5615381419,40.275067978482724,101.5743077814295,57.81908210428806,82.27593865764587,99.9945,104.00780026287681,95.98119973712319,8.02704201306434,1.1261056575415092,1.0,0.0,102.321,101.241,103.401,-2.111003606297824,-0.7495370370370381,1.0,0.0,98.86,105.28,102.07,6.420353119421569,0.959501557632398,2.2888325155803306,1.1234705987117515,72.73142959889708,1.0,1.0,0.8997615839670748,21.1761165893064,22.145592216833286,95.95015576323979,93.91131677759275,-4.049844236760204,3.007676470588237,7.978614024264847,1.0557158806605988,0.49583079807833197,0.5598850825822669,1.2157496511989203,0.6300247994877543,0.5857248517111661,101.34502012134514
93.48,2021-08-26,97.9,93.41,97.25,18546900,0.3397079992954559,0.4648890543309057,-0.1251810550354498,100.78833333333334,99.55692307692308,100.21613210755365,99.87642410825819,0.4938550288437422,0.7832957110609485,-0.2894406822172063,0.07483907408684551,26.97604542047562,1.7604999999999933,19.782250241155825,13.230665590223786,6.551584650932039,101.59,101.59,101.59,101.59,49.99999999999524,28.449494305066985,38.15484827973076,51.32159925267366,-171.58632540186403,99.50999999999999,107.785,96.0,100.0,-4.0,100.31436167241364,105.28,0.0,1.0,34346.433647989936,3220.379999999997,22.87987690358521,-99.54264405250653,5830391.527599536,-503025.0404711562,29.940819263952157,101.41118165065343,51.357724631256815,73.18030308522853,99.71950000000001,104.64291131737002,94.79608868263,9.874520665205923,-0.14076507052537146,0.0,1.0,101.738,100.61300000000001,102.86299999999999,-2.2115630344610384,4.201333333333381,0.0,1.0,97.9,105.28,101.59,7.400759129357843,-0.6084010840108417,2.836949264022297,3.1346116174979106,34.07980238414956,0.0,0.6666666666666666,0.8563135458667941,6.074314777973519,3.513339031355963,-60.84010840108417,42.04772858790505,-160.84010840108417,2.2372058823529386,-4.858423304135272,0.3401283158948894,0.4646903016416435,-0.12456198574675409,0.4046552296552332,0.5849508855212501,-0.18029565586601687,100.54781837555966
90.89,2021-08-27,94.11,90.84,92.28,6575400,-0.4334091146452437,0.28522942053567585,-0.7186385351809195,99.90166666666669,99.26346153846154,98.77365024485309,99.20705935949833,0.5845314823996035,0.8487853247397131,-0.2642538423401096,0.05409707116497898,26.86211719520227,1.418999999999997,11.56464346922243,14.077857943214296,-2.513214473991866,99.695,99.695,99.695,99.695,24.99999999999762,28.56640697652971,38.15484827973076,70.99352418020844,-245.6031850334347,99.515,107.785,92.0,100.0,-8.0,100.31436167241364,105.28,0.0,0.0,34346.433647989936,3129.489999999997,23.042859063960538,-118.69188061643408,8818791.946308723,38398.30128775577,27.44015231180571,101.07755531043844,51.798668924105506,71.16688504723435,99.311,105.57525701899334,93.04674298100667,12.615434380870866,-0.17613764683631175,0.0,1.0,100.81166666666667,99.56066666666666,102.06266666666666,-2.4818556053366794,4.485478284039439,0.0,1.0,94.11,105.28,99.695,11.24749524221889,-0.2927484333034911,2.666254337620067,4.734256348747648,30.247805738213657,0.0,0.3333333333333333,0.6666666666666666,-5.82079958296043,-5.555176467591151,-29.27484333034911,1.9450680106021505,-129.2748433303491,0.6766176470588334,-10.484824595979504,-0.43687326027343637,0.28437758925862755,-0.721250849532064,-0.4491456369078565,0.37813158103542877,-0.8272772179432852,99.24493278636271
90.93,2021-08-30,92.61,90.77,91.0,5500100,-1.039772561582879,0.020229024111964894,-1.060001585694844,99.07166666666667,98.93384615384616,97.54231943795261,98.58209199953549,0.6926945473795664,0.8080995235574383,-0.11540497617787193,0.021252376275696348,26.84698534233091,1.8760000000000048,3.817341354092575,13.938346928953145,-10.12100557486057,98.945,98.945,98.945,98.945,12.49999999999881,29.031221479519527,37.81663149544599,78.6745148544497,-216.78922820277165,99.6325,107.485,88.0,100.0,-12.0,100.31436167241364,104.8332,0.0,0.0,34346.433647989936,3038.559999999997,23.192992752937165,-102.64519767122931,2461123.9414934567,617043.813687584,27.370082959097644,100.57795134634564,45.30705537006702,71.16688504723435,98.954,106.22918357156762,91.67881642843237,14.704172790524131,-0.062460034134681375,0.0,1.0,99.80033333333333,98.53133333333334,101.06933333333332,-2.54307767843125,4.0580509587602025,0.0,1.0,92.61,105.28,98.945,12.803929098368942,-0.14522494080505155,2.57662890385806,5.949268597379696,30.14837023121609,0.0,0.0,0.33333333333333326,-13.405273398401944,-6.649233414617756,-14.522494080505155,-34.879148603979495,-114.52249408050515,-1.4018823529411577,-9.887818921870355,-1.0547276290178325,0.016556545603335526,-1.071284174621168,-1.1197215921137882,0.07856094640558542,-1.1982825385193736,98.10844865582885
90.54,2021-08-31,92.12,90.26,90.7,3371100,-1.5436781389661292,-0.29255240850365394,-1.2511257304624752,98.19083333333334,98.57000000000001,96.42196260134452,97.96564074031065,0.8213443396226418,0.7841981132075476,0.03714622641509413,-0.01932756073439999,26.910926267007774,2.2319999999999993,-4.447713194812953,12.609230645469198,-17.056943840282152,98.7,98.7,98.7,98.7,6.249999999999405,29.57637273108883,37.81663149544599,81.59803577391162,-182.40805040113864,99.75999999999999,105.405,84.0,100.0,-16.0,100.31436167241364,104.09980800000001,0.0,0.0,34346.433647989936,2948.0199999999973,23.31336701063297,-94.57808371819644,619505.1910757622,951930.0048741074,26.861375236281745,99.83552676446219,38.50372477217793,70.76702703936733,98.518,106.7207375918048,90.3152624081952,16.652261702033748,-0.0033685344421112563,0.0,1.0,98.76866666666666,97.35866666666666,100.17866666666666,-2.8551564936248273,3.5172576832151337,0.0,1.0,92.12,105.28,98.7,13.357965041921268,-0.1413373860182371,2.4539660134722547,7.0358325996636255,29.39030167906222,0.0,0.0,0.11111111111111106,-19.025797306966247,-11.849175044637184,-14.133738601823708,-19.310358670892676,-114.13373860182371,-3.8537941176470554,-10.48299117326192,-1.5757342342690772,-0.30190161037114704,-1.2738326238979303,-1.672303696214069,-0.2716119821183455,-1.4006917140957236,97.071665876476
89.99,2021-09-01,90.75,89.64,90.66,3043500,-1.970342871799545,-0.6281105011628322,-1.342232370636713,97.26499999999999,98.21576923076924,95.37858373959921,97.34892661139875,0.8599456685783285,0.7757319649864176,0.08421370359191094,-0.06455762653546929,26.80487305899262,1.936000000000007,-14.583226247524728,9.911085388204107,-24.494311635728835,98.015,98.015,98.015,98.015,3.1249999999997025,30.39318048419872,36.869049624176036,88.1355289800197,-161.37781645159467,99.7775,105.095,80.0,100.0,-20.0,100.31436167241364,103.14142336,0.0,0.0,34346.433647989936,2858.0299999999975,23.826045723310042,-89.03747175845416,70507.83420380364,957811.2539598681,26.243229878426654,99.05696618063551,39.12820080252309,70.28092514745056,98.124,107.19199514777151,89.05600485222848,18.482726239801707,0.032200896573871464,0.0,0.0,97.70233333333333,96.45433333333334,98.95033333333333,-2.5546984548304836,3.730101495726503,0.0,1.0,90.75,105.28,98.015,14.807794219558929,-0.07639366827253953,2.2575694121250285,8.048806413068096,28.453627644436907,0.0,0.0,0.0,-23.533028996219734,-21.54906724249268,-7.639366827253953,-12.098533169860957,-107.63936682725395,-6.661705882352919,-11.0272952853598,-2.0240006134477855,-0.6463214109864748,-1.3776792024613107,-2.1388404576710327,-0.645057677228883,-1.4937827804421497,95.95998822944003
92.59,2021-09-02,92.78,90.15,90.15,3648100,-2.241486547132851,-0.950785710356836,-1.290700836776015,96.43916666666667,97.88307692307693,94.57418624119933,96.81567278833218,0.8128249566724438,0.7983824378971695,0.01444251877527436,-0.10989212235734006,26.967926284977143,2.632000000000005,-23.915673667172932,5.975419858080376,-29.891093525253307,98.015,98.015,98.015,98.015,1.5624999999998512,31.151644826372188,35.64274077553481,85.20403548697881,-126.15960557652063,99.7775,105.095,76.0,96.0,-20.0,100.31436167241364,101.902281024,0.0,0.0,34346.433647989936,2950.6199999999976,23.89512609432143,-69.57199007867493,-2158764.445404482,781010.303912272,26.770013680300824,98.3206379901657,45.9357941627646,70.28092514745056,97.738,107.45070219866788,88.02529780133212,19.874976362659115,0.10937750150309855,0.0,0.0,96.68333333333334,95.27733333333333,98.08933333333333,-2.9084640579210457,2.823376007586533,0.0,1.0,90.75,105.28,98.015,14.866275143751665,-0.04129387474191289,2.345812470912526,8.892367850614773,30.418091065779635,0.044366778264268485,0.014788926088089531,0.00492964202936314,-26.293949823338103,-22.57091839143063,-4.129387474191289,-8.634164301089667,-104.12938747419129,-7.660029411764711,-9.90405756546072,-2.315210422627963,-0.9800992133147725,-1.3351112093131903,-2.269414477858213,-0.9699290373547489,-1.299485440503464,95.19151225367496
92.81,2021-09-03,93.33,91.65,92.19,3939200,-2.3087189247058717,-1.2223723532266433,-1.0863465714792284,95.71250000000002,97.60384615384615,94.12431143486097,96.43303035956684,0.76871694962427,0.8330086278875594,-0.06429167826328941,-0.15025974607602036,26.868785282816283,2.9495000000000005,-31.88144740659749,0.6717852582787395,-32.553232664876234,98.015,98.015,98.015,98.015,0.7812499999999256,30.788319033632355,43.70817774320156,74.52602051411885,-90.14624549569902,99.7775,105.095,72.0,92.0,-20.0,100.31436167241364,100.78705292160001,0.0,0.0,34346.433647989936,3043.4299999999976,23.735822928417324,-39.7452772102928,-1590669.1089322213,656406.9052050413,28.31427324768851,97.67218051608891,53.0087913890826,70.28092514745056,97.4105,107.47417820431517,87.34682179568483,20.662409502702825,0.21379748621483297,0.0,0.0,95.78266666666667,94.44266666666667,97.12266666666667,-2.798001030109839,2.0420398009950205,0.0,1.0,90.75,105.28,98.015,14.916256461059128,0.06194081211287031,2.4292312238212728,9.51914403025694,35.98535057672899,0.17010155427404638,0.07148944417943832,0.028759456755842582,-26.66019537646711,-20.558994399884206,6.194081211287031,-1.8582243633860882,-93.80591878871297,-7.582617647058839,-8.687854936734082,-2.394116327255737,-1.2629026361029654,-1.1312136911527717,-2.32952536796185,-1.2418483034761691,-1.087677064485681,94.86029991070218
92.22,2021-09-07,92.97,92.11,92.81,3195100,-2.298388520528519,-1.4375755866870186,-0.8608129338415005,95.02499999999999,97.33846153846153,93.8144173679593,96.11280588848781,0.7614551513468485,0.832824215495696,-0.07136906414884747,-0.1844399120167087,26.823413761232683,3.2970000000000113,-40.94775836673019,-6.164980921996758,-34.78277744473343,98.015,98.015,98.015,98.015,0.3906249999999628,30.149027082348983,44.40239251272511,69.2142604555118,-77.0791170077206,99.7025,104.525,68.0,88.0,-20.0,100.31436167241364,99.78334762944,0.0,0.0,34346.433647989936,3135.6499999999974,24.19550622244427,-28.007209037393913,-22554.760355671184,654795.8508939219,28.777134131485557,97.05616653738656,60.17275551485527,70.6336717439353,97.15299999999999,107.47903137705904,86.82696862294094,21.257256856832118,0.25581131724992473,0.0,0.0,94.74600000000001,93.50800000000001,95.98400000000001,-2.613302936271715,1.564620355411959,0.0,1.0,90.75,105.28,98.015,14.95579138060585,0.0935994494150034,2.3183081014391447,10.063209995033285,37.63331947833152,0.20732040500420393,0.1405962458475063,0.07562487203834468,-26.417193186525168,-6.564109109680353,9.35994494150034,3.808212892865343,-90.64005505849967,-7.1934117647058855,-8.220406536468712,-2.391344732142312,-1.4885910553108348,-0.902753676831477,-2.401158836593766,-1.4737104100996885,-0.9274484264940774,94.4831442223051
93.09,2021-09-08,93.47,91.5,92.31,3734300,-2.3127634059106157,-1.612613150531738,-0.7001502553788777,94.27916666666665,97.09192307692307,93.45835315750402,95.77111656341464,0.7539727582292854,0.8637911464245179,-0.10981838819523249,-0.21391773404464623,26.42524772588802,5.6510000000000105,-51.27595380972087,-14.65417084756537,-36.6217829621555,94.0,98.015,96.0075,98.015,0.1953124999999814,29.55539884187157,43.82245142948308,68.31025076340205,-71.20975242260508,99.7675,103.955,64.0,84.0,-20.0,100.31436167241364,98.880012866496,0.0,0.0,34346.433647989936,3042.559999999997,24.355726779364943,-32.118307746337635,-0.0,576522.3054509003,28.16064406526039,96.43747228024273,60.93421662859698,70.6336717439353,96.81899999999999,107.41904886781226,86.21895113218771,21.896629520677298,0.24910493025407313,0.0,0.0,93.55533333333332,92.35033333333334,94.76033333333334,-2.576015619989593,1.3528354080221328,0.0,1.0,90.75,105.28,98.015,15.007384914118099,0.0516173434273916,2.22247729129523,10.631124959285337,36.29881873694713,0.17718113244598332,0.18486769724141125,0.13231779575611857,-26.629804791467688,1.5081665796009076,5.16173434273916,6.905253498508826,-94.83826565726083,-6.704911764705869,-8.90990542558487,-2.414886125274758,-1.6738500693036196,-0.7410360559711386,-2.358188561988664,-1.6506060404774838,-0.70758252151118,93.93765641258705
91.2,2021-09-09,93.25,90.97,93.11,3023500,-2.3399487046469147,-1.7580802613547735,-0.5818684432921413,93.32083333333334,96.78384615384616,93.07552959481109,95.415478299458,0.7348678601875539,0.8437055981813018,-0.10883773799374785,-0.23967715801516185,26.119250945275418,7.236500000000007,-63.83280847767164,-23.944732927435087,-39.88807555023655,91.93,98.015,94.9725,98.015,0.0976562499999907,28.588373421085247,44.41919648836238,61.3622573901275,-63.91257408509022,99.7675,103.955,60.0,80.0,-20.0,100.31436167241364,98.06701157984641,0.0,0.0,34346.433647989936,2951.3599999999974,25.90161791772353,-34.43512092543227,-44517.54385964917,596348.6158588222,27.632381770178416,95.8030412969411,60.38516987606195,70.22453681470813,96.2935,106.95903378879878,85.62796621120121,22.152136517623273,0.2504344318148018,0.0,0.0,92.235,91.15200000000002,93.31800000000001,-2.3483493250935075,1.0840258541089642,0.0,1.0,90.75,105.28,98.015,15.089284323448627,0.015141087405368124,2.175229562165707,11.212413621716484,35.13310076689861,0.15085376481270582,0.17845176742096439,0.16797190350329394,-27.14853633954794,-1.1381280175950026,1.5141087405368123,5.3452626749254195,-98.48589125946319,-6.022705882352952,-11.222796916170587,-2.4523785305598644,-1.8295557615548685,-0.6228227690049959,-2.4583207811342676,-1.8121489886088407,-0.6461717925254269,93.16569304846976
90.21,2021-09-10,91.69,90.13,91.37,3003600,-2.401590192777647,-1.8867822476393483,-0.5148079451382985,92.20416666666667,96.49961538461538,92.62237119560939,95.02396138838704,0.7922388059701497,0.8794029850746274,-0.08716417910447771,-0.26310697597304894,25.700092914046405,9.256500000000003,-69.06030947296486,-32.903061032122565,-36.157248440842295,91.93,98.015,94.9725,98.015,0.04882812499999535,28.237419638070463,43.24239804631371,70.06886205829184,-74.63404033952104,99.7675,103.955,56.00000000000001,76.0,-19.999999999999993,100.31436167241364,97.33531042186176,0.0,0.0,34346.433647989936,2861.1499999999974,25.44754647802864,-40.34101793608485,585300.9644163488,666332.092751937,26.79939946832066,95.04576681103661,53.16052907816196,69.5760965495179,95.7635,106.54734212607032,84.97965787392967,22.521821207600652,0.2387990321936924,0.0,0.0,91.72266666666667,90.67266666666667,92.77266666666667,-2.289510408186992,1.2584126984127035,0.0,1.0,90.75,105.28,98.015,15.172795480532772,-0.0426703372333107,2.029706605949136,11.832303577087448,33.307399068453705,0.10962087569317272,0.14588525765062066,0.1697349074376654,-28.118481425594428,-3.4971229878787673,-4.26703372333107,0.802936453314949,-104.26703372333107,-5.757647058823508,-12.943108277793883,-2.527352214839517,-1.9691150522117984,-0.5582371626277185,-2.5951034319097612,-1.9687398772690248,-0.6263635546407365,92.88368586831285
89.26,2021-09-13,90.67,88.81,90.63,4485600,-2.5278154020791987,-2.0149888785273182,-0.5128265235518805,90.85333333333334,96.15115384615386,92.03585255013103,94.56366795221022,0.8975195822454312,0.8903394255874678,0.007180156657963344,-0.2861614497221875,25.358234393202423,-1.7524999999999977,-73.50685694406572,-41.494638620806825,-32.01221832325889,91.89,97.975,94.9325,97.975,0.024414062499997675,28.240458072775606,41.7533212048003,74.68085780498787,-80.89223890243662,99.69749999999999,103.955,52.0,100.0,-48.0,100.31436167241364,96.6767793796756,0.0,0.0,34346.433647989936,2771.889999999997,29.654731659379635,-51.409901088072644,39435.357382932554,782333.275413865,25.492141063793877,94.0752838098731,45.63455936892711,68.55711898993327,95.1625,106.08874340750329,84.2362565924967,22.963338305536936,0.20930081991228613,0.0,0.0,91.48533333333333,90.61433333333335,92.35633333333334,-1.9041303524062039,2.0357826253348774,0.0,1.0,90.67,105.28,97.975,15.352686194667017,-0.12731006160164268,1.8807359453542234,12.53079557238444,30.61507123454679,0.048815512394516175,0.10309671763346495,0.14247791423501663,-29.758922157200455,-10.765022126832948,-12.731006160164268,-5.161310380986194,-112.73100616016427,-5.8912647058823495,-15.435155208531704,-2.6731359483186337,-2.1099192314331656,-0.563216716885468,-2.7567404384736465,-2.1263399895099493,-0.6304004489636972,92.64925388059889
88.43,2021-09-14,89.54,87.87,89.54,1738600,-2.672888538687772,-2.146568810559409,-0.5263197281283629,90.39166666666667,95.75384615384617,91.39495215780317,94.06784069649095,1.0045839210155152,0.9012693935119888,0.10331452750352643,-0.3093895295276939,24.86783009075627,-3.6784999999999997,-79.87536577076419,-49.87548890702362,-29.999876863740568,91.325,97.41,94.3675,97.41,0.012207031249998838,28.587269025932013,39.60877086954173,78.79568693322607,-87.17476746874358,99.685,103.155,48.0,100.0,-52.0,100.31436167241364,95.95596585411452,0.0,0.0,34346.433647989936,2683.4599999999973,29.777655330917607,-55.940515218347954,-0.0,931541.6613630562,24.556163133380636,92.89139996594322,37.66990742581722,67.83148345507755,94.5185,105.56910772084547,83.46789227915454,23.382951952994308,0.19917944026469644,0.0,0.0,91.23766666666668,90.52766666666668,91.94766666666666,-1.5563747428876091,2.871596244131475,0.0,1.0,89.54,105.28,97.41,16.652824579315155,-0.1060991105463788,1.7656623508188016,13.269104568384908,28.828005907331743,0.008455213365827998,0.055630533817839,0.10153750303397484,-31.675558836902646,-22.771807894849182,-10.60991105463788,-9.202650312711091,-110.60991105463788,-6.241264705882344,-5.930842522213887,-2.8414477454753353,-2.2562249342415996,-0.5852228112337357,-2.9267496505258603,-2.2864219217131314,-0.6403277288127289,92.25490434166278
88.44,2021-09-15,88.88,87.12,88.23,3290100,-2.815918619635383,-2.280438772374604,-0.5354798472607789,90.08166666666666,95.36384615384615,90.73726721044883,93.55318583008422,1.127189642041128,0.8975628332063981,0.22962680883472997,-0.3327456948492237,24.119805244973097,-3.1015000000000015,-86.7833733370178,-57.89772747252286,-28.885645864494947,90.995,97.08,94.0375,97.08,0.006103515624999419,29.102968745550907,38.557019710915704,81.57152643310565,-92.60865704469249,99.58,103.07,44.0,100.0,-56.0,100.31436167241364,95.05773063453849,0.0,0.0,34346.433647989936,2595.0199999999973,9.751164836130004,-57.42472733001253,723937.1325192174,1095177.7168891255,23.801297991694057,91.49277902486499,29.146694764285215,67.83148345507755,93.8715,105.06289897421273,82.68010102578727,23.844082547339145,0.19836210756328018,0.0,0.0,90.94266666666667,90.30966666666667,91.57566666666666,-1.3920858562904002,3.519483938915237,0.0,1.0,88.88,105.28,97.08,17.47069131738601,-0.10731707317073111,1.6900961157369205,13.390591988379304,27.451164194173174,0.0,0.01909024192011476,0.05927249779047287,-33.68858033507897,-47.43593070396868,-21.0274790919951,-14.789465435599103,-121.0274790919951,-6.79414705882354,-4.095112285336855,-3.0099655021367093,-2.4069730478206215,-0.6029924543160878,-3.029212476446235,-2.434980032659752,-0.594232443786483,91.79731096320093
89.27,2021-09-16,89.8,88.32,88.46,3920300,-2.800162487960307,-2.384383515491745,-0.4157789724685621,89.8775,94.9846153846154,90.36537994730286,93.16554243526316,0.9744922059518196,0.8389230042512996,0.13556920170052,-0.35224216150622034,23.67248630938275,-3.008999999999986,-92.28281905178223,-65.49407695970166,-26.788742092080568,90.995,97.08,94.0375,97.08,0.0030517578124997094,29.43651305903287,36.49900326411245,73.72424957639632,-77.59998847810135,99.58,100.6,40.0,96.0,-56.0,100.31436167241364,94.06929373301233,0.0,0.0,34346.433647989936,2684.2899999999972,9.810681829498625,-33.91776628286803,-863111.9076957505,617070.3286537478,25.030912316762908,90.96216344980193,36.28130319632088,67.83148345507755,93.26899999999999,104.29229878031117,82.24570121968881,23.63764762206345,0.27552091716685323,0.0,0.0,90.79366666666667,90.03566666666667,91.55166666666666,-1.6697199878111812,2.1317062445030923,0.0,1.0,88.88,105.28,97.08,17.58354866032659,-0.03414634146341476,1.7890865041632278,13.106780728675647,32.96760327357333,0.5417751866329098,0.18341013333291264,0.08604363635695544,-33.813231832102986,-32.153893579778654,-13.238770685579237,-14.958720277404092,-113.23877068557924,-7.292970588235306,-2.699129668392644,-3.0055773999341255,-2.5266939182433226,-0.47888348169080297,-3.0052969715401123,-2.549043420435824,-0.4562535511042882,91.71236254094832
89.31,2021-09-17,90.45,89.16,89.31,3841900,-2.688898709719581,-2.4452865543373123,-0.24361215538226855,89.78583333333334,94.51076923076924,90.17993687848704,92.86883558820662,0.69914298601714,0.7492106450157875,-0.05006765899864751,-0.36601279635974815,23.582965307670847,-3.0690000000000026,-92.25670698981783,-72.20243913561504,-20.05426785420279,90.995,97.08,94.0375,97.08,0.0015258789062498547,29.20858960573968,40.008430760832255,68.48251342226185,-63.63056109389306,100.33500000000001,100.555,36.0,92.0,-56.0,100.31436167241364,93.23900673573036,0.0,0.0,34346.433647989936,2773.599999999997,9.800379997306694,-18.35517109960113,-957339.6036278228,-81224.7820560056,25.880328077632484,90.76530288814072,43.359751359386884,67.83148345507755,92.709,103.36634657407792,82.05165342592208,22.990964359615397,0.33349513993322166,0.0,0.0,90.655,90.046,91.264,-1.3435552368870876,1.7274220032840868,0.0,1.0,88.88,105.28,97.08,17.68976043318341,0.01707317073170738,1.823177853746906,12.6292628373381,36.60163852535677,0.8986775467292403,0.48015091112071673,0.227550428791248,-32.85768567188582,-16.375902092545324,6.619385342789618,-9.215621478261594,-93.38061465721039,-7.327088235294113,-1.2187015289164729,-2.895372481725229,-2.600429630939704,-0.29494285078552496,-2.950260278364429,-2.6292867920215452,-0.3209734863428837,91.66867748264241
87.68,2021-09-20,89.86,86.87,88.51,2962600,-2.7537615762293512,-2.5069815587157205,-0.24678001751363077,89.55499999999999,93.97769230769231,89.67071582025827,92.42447739648762,0.679146919431279,0.7976303317535547,-0.11848341232227566,-0.37932636563488425,23.710031998500064,-1.8799999999999955,-94.13852193822419,-78.11252397689215,-16.02599796133204,90.995,97.08,94.0375,97.08,0.0007629394531249274,29.209583933506615,40.008430760832255,73.04567972193347,-82.8164794007494,100.71000000000001,100.71000000000001,32.0,88.0,-56.0,100.31436167241364,92.5415656580135,0.0,0.0,34346.433647989936,2685.9199999999973,9.954325376496461,-44.41688951394373,1070084.397810215,-180584.74946195146,23.628340639319347,90.55235349606862,43.57337626526628,66.08928855700523,92.03,102.35322817727142,81.70677182272858,22.434484792505526,0.2500781775142424,0.0,0.0,90.25733333333332,89.62733333333334,90.88733333333333,-1.3960084499135705,3.1883597883598056,0.0,1.0,88.88,105.28,97.08,17.82027599695752,-0.1225609756097555,1.710860068372216,12.192577972735439,31.57588885904761,0.4050934747864025,0.6151820693828509,0.42624770461216005,-33.53672235772084,-33.82820667240414,-47.51773049645364,-18.04570527974777,-147.51773049645365,-7.293176470588222,-3.090138331102182,-2.979472163435789,-2.6762381374389212,-0.30323402599686755,-3.017903482561131,-2.7070101301294622,-0.3108933524316688,91.05084348249281
86.26,2021-09-21,88.22,85.98,87.64,2513200,-2.8441953140791156,-2.5744243097884,-0.26977100429071577,89.2075,93.40653846153847,89.10291338637238,91.9471087004515,0.6938388625592418,0.75829383886256,-0.0644549763033182,-0.3929299942560734,23.699276935194145,0.444500000000005,-97.65005615724839,-83.2652020155063,-14.384854141742082,90.66499999999999,96.75,93.7075,96.75,0.0003814697265624637,29.755493816441085,37.597166500799936,81.47979045775634,-107.95743444468613,100.71000000000001,100.71000000000001,28.000000000000004,100.0,-72.0,100.31436167241364,91.95571515273133,0.0,0.0,34346.433647989936,2599.659999999997,10.287891617775577,-49.03896244052321,843844.1919777408,-164560.53511181014,22.744590207639824,90.29439993866134,43.84620144800679,65.41219097653172,91.2055,100.6591563825861,81.7518436174139,20.7304524016339,0.22362545302442385,0.0,0.0,89.72233333333334,89.05033333333333,90.39433333333332,-1.497954801294357,3.284474206349209,0.0,1.0,88.22,105.28,96.75,18.705012307371817,-0.1313012895662365,1.674774061534994,11.73513519039142,29.859849864772727,0.23655951057307545,0.5134435106962394,0.5362588303999357,-34.62554903824892,-33.916971650163056,-45.80777096114508,-28.902038704936388,-145.80777096114508,-7.241794117647061,-4.625623960066557,-3.093294997828626,-2.7596495095168625,-0.33364548831176366,-3.164557725186702,-2.7985196491409106,-0.3660380760457915,90.13042408068677
85.25,2021-09-22,86.89,84.96,86.66,3810500,-2.964002996849402,-2.6523400472006005,-0.3116629496488015,88.64999999999999,92.79923076923076,88.46554209616124,91.42954509301065,0.6849442379182153,0.7760223048327145,-0.09107806691449916,-0.4075719325370495,23.73766564560281,1.8329999999999984,-101.53841118580573,-87.45471342752121,-14.083697758284515,89.13,96.08500000000001,92.6075,96.08500000000001,0.00019073486328123184,30.650528717201023,35.55897318027631,87.66576380965414,-137.5740434388173,100.71000000000001,100.71000000000001,24.0,100.0,-76.0,100.31436167241364,91.2832864252397,0.0,0.0,34346.433647989936,2514.409999999997,11.047249559442474,-54.4555392347343,311612.9032258122,-147338.74446738095,21.73325036116389,90.01048045944067,44.15049507585972,64.63619150228116,90.277,98.2360052142219,82.3179947857781,17.632409615343672,0.16597584390954484,0.0,0.0,89.09666666666666,88.51766666666667,89.67566666666667,-1.2997119233791028,4.072251007484174,0.0,1.0,86.89,105.28,96.08500000000001,20.370637039334493,-0.10494834148994055,1.5982966553814941,11.256021536140324,27.982873818894987,0.0522197520940444,0.2312909124845075,0.4533054975211992,-36.11290515326343,-31.608175085728337,-31.028938906752526,-41.45148012145044,-131.02893890675253,-7.217500000000001,-7.299509001636674,-3.2418437539354943,-2.856088358400589,-0.38575539553490534,-3.337041436071448,-2.9062240065270184,-0.4308174295444296,89.15055660304331
85.6,2021-09-23,86.56,85.33,85.41,4692900,-2.9945759335286937,-2.720787224466219,-0.27378870906247466,88.085,92.2326923076923,87.98315100444414,90.97772693797283,0.7817817817817817,0.7347347347347347,0.047047047047046986,-0.42085785660684416,23.737985961590496,2.2075000000000102,-104.22522670667853,-91.3619264534894,-12.863300253189124,88.595,95.92,92.2575,95.92,9.536743164061592e-05,31.57428629985579,34.23626241185589,87.1326308636448,-154.01569844589932,100.71000000000001,100.71000000000001,20.0,100.0,-80.0,100.31436167241364,90.40462914019176,0.0,0.0,34346.433647989936,2600.009999999997,11.14707810064426,-42.151605058343634,1061331.775700939,82668.12846872056,22.106037555137537,89.64430899711509,37.05166414379386,64.63619150228116,89.29249999999999,93.86329369475497,84.72170630524501,10.237799803466098,0.0665413640800516,0.0,0.0,88.429,87.749,89.10900000000001,-1.537957005054918,2.778676470588215,0.0,1.0,86.56,97.25,91.905,11.971890136349636,-0.11506080449017814,1.5984669898433457,10.781829880367553,29.70893998128294,0.2217384948570239,0.17017258584138129,0.304969003007376,-36.825488294051375,-23.068110442181517,-18.778625954198542,-31.8717786073654,-118.77862595419855,-7.474588235294121,-7.360764303550105,-3.2915484199449696,-2.9431803707094653,-0.34836804923550435,-3.406918764508756,-3.0063629581233657,-0.40055580638539023,88.57184979518813
84.54,2021-09-24,85.64,84.26,85.45,3739500,-3.0697589929380626,-2.790581578160588,-0.2791774147774748,87.48166666666667,91.61307692307693,87.41035854222197,90.48011753516003,0.9433080070134416,0.6855639976621861,0.2577440093512555,-0.4341518608942697,23.616996906031144,2.134999999999991,-105.68215261679059,-94.93695930601439,-10.745193310776202,87.59,95.46000000000001,91.525,95.46000000000001,4.768371582030796e-05,32.68679693693884,33.874402282514396,94.31496493766055,-157.76219200952085,100.71000000000001,100.71000000000001,16.0,100.0,-84.0,100.31436167241364,89.63570331215341,0.0,0.0,34346.433647989936,2515.469999999997,11.172343523379235,-49.05249005000875,98888.10030754501,203350.78627156102,21.04594380147529,89.13043486787667,29.76002028952513,63.825682596767976,88.83500000000001,93.49647830628999,84.17352169371003,10.494688594112631,0.009275845623188502,0.0,0.0,87.83433333333333,87.16733333333333,88.50133333333333,-1.51876828726808,3.1794102948525635,0.0,1.0,85.64,93.11,89.375,8.40884786401756,-0.18473895582329258,1.4696202908590112,10.48136295773318,27.645407166823148,0.019076803213970032,0.09767835005501281,0.16638061612696717,-38.04245570963841,-31.74713761616844,-18.47389558232926,-22.760486814426795,-118.47389558232926,-7.941882352941178,-7.9125683060109235,-3.392744258698794,-3.0330931483073313,-0.3596511103914626,-3.5215345140427874,-3.1093972693072502,-0.41213724473553714,87.89853533623676
86.87,2021-09-27,87.27,84.41,84.51,3415200,-3.0817142788805967,-2.8488081183045897,-0.232906160576007,86.935,90.99961538461538,86.94876492034166,90.03047919922226,0.89095744680851,0.6792553191489361,0.21170212765957386,-0.44584962084712776,23.816608889771747,1.616500000000002,-106.04200438165164,-97.84436359611298,-8.197640785538653,87.475,95.46000000000001,91.4675,95.46000000000001,2.384185791015398e-05,33.71984252851596,33.08972515511702,92.13022393055297,-129.28382629239732,100.71000000000001,100.71000000000001,12.0,96.0,-84.0,100.31436167241364,88.83656264972272,0.0,0.0,34346.433647989936,2602.339999999997,11.11862943616116,-40.183491471436184,-1096120.6400368293,126667.50915147828,21.200590134254767,88.60665544232278,29.038836013734354,63.825682596767976,88.5135,93.45597417798133,83.57102582201865,11.167729618603579,0.08487390604071961,0.0,0.0,87.37033333333332,86.43133333333333,88.30933333333333,-2.1494710256341785,2.0763223287184935,0.0,1.0,85.64,93.11,89.375,8.43939060143368,-0.16465863453815316,1.6236582617731092,10.166301451107861,28.39625533064418,0.10328329464301782,0.11469953090467062,0.12751682226702155,-38.827941129857194,-36.24592905066648,-16.465863453815317,-17.906128330114388,-116.4658634538153,-8.238676470588246,-7.21116851709355,-3.4229677619079233,-3.11106807102745,-0.3118996908804732,-3.3634183464869682,-3.160201484743194,-0.2032168617437744,87.48854090340865
86.28,2021-09-28,87.51,86.01,86.91,2641200,-2.92832637722438,-2.864711770088548,-0.06361460713583211,86.59166666666665,90.44423076923077,86.80433954798141,89.7326659252058,0.8008763388510216,0.7356377799415772,0.06523855890944441,-0.4518892660266224,23.884159138402214,0.5345000000000084,-104.01342666790131,-99.75881396621116,-4.254612701690149,87.475,95.46000000000001,91.4675,95.46000000000001,50.000011920928955,32.9916552315052,45.65010111128348,73.7359274130632,-75.43748682268576,101.39250000000001,100.71000000000001,8.0,92.0,-84.0,100.31436167241364,88.19725011977818,0.0,0.0,34346.433647989936,2688.619999999997,11.27589729556321,-14.721849832659483,-917941.5855354792,61100.253041801196,22.836036171454165,88.19104395246622,36.250058204845956,65.03550479976323,88.2755,93.21884087434928,83.3321591256507,11.199802605137982,0.2708533502357143,0.0,0.0,87.153,86.154,88.152,-2.292520050944895,1.0720720720720676,0.0,1.0,85.64,93.11,89.375,8.46214408301284,0.049531459170014,1.771292435595799,9.67672664922421,36.02275036834571,0.9367368142831368,0.35303230404670827,0.1884700616687972,-37.297357572219966,-25.884332977178552,4.9531459170014,-9.995537706381077,-95.04685408299859,-8.007529411764693,-4.571174969488506,-3.2633894769884653,-3.141532352219653,-0.12185712476881205,-3.255492029604627,-3.179259593715481,-0.07623243588914619,87.44350050088158
100.51,2021-09-29,101.43,92.96,93.1,26441400,-2.220363475616523,-2.7358421111941427,0.5154786355776197,86.9375,90.07846153846155,87.75136423290735,89.97172770852387,0.6337328266588709,0.8386436714410993,-0.20491084478222843,-0.4385346047712431,24.854408568592156,-0.5404999999999944,-94.6382978109275,-100.02053382833842,5.382236017410918,89.37,95.46000000000001,92.415,95.46000000000001,75.00000596046448,31.675834808770606,61.42923219293947,45.8050200756409,181.54588686209092,101.5475,100.765,4.0,88.0,-84.0,85.64,88.19725011977818,1.0,0.0,34346.433647989936,2789.1299999999974,11.189194514588438,87.17334300057743,-83333150.93025582,-5888087.845986496,30.95770225679307,88.49799896599914,36.94895848098982,65.03550479976323,88.4105,93.69869241329326,83.12230758670674,11.962815306537706,0.930156435738196,0.0,0.0,87.92833333333333,86.16133333333333,89.69533333333334,-4.019182288606259,-0.9237879645349889,1.0,0.0,85.64,93.11,89.375,8.449222660204386,0.9799196787148586,3.136163192036219,8.991920358971127,57.298402628700295,1.0,0.6800067029753848,0.3825795126422545,-27.271116442850495,15.145222734784342,98.12332439678283,28.87020228665629,-1.8766756032171674,-5.752617647058841,4.6728971962616725,-2.4678457690728184,-3.0067950355902866,0.5389492665174682,-1.8540924427485745,-2.9142261635220996,1.060133720773525,87.87353322131025
95.72,2021-09-30,99.78,94.25,99.41,15163900,-1.5374824162301337,-2.496170172201341,0.9586877559712073,87.46916666666668,89.72153846153847,88.7511543509216,90.28863676715173,0.5413048871247825,0.8422227735053337,-0.30091788638055117,-0.4089949382123391,25.26760597740582,-1.5209999999999866,-84.28626827787336,-99.13492952701125,14.84866124913789,92.525,95.46000000000001,93.9925,95.46000000000001,87.50000298023224,31.997416491767723,71.28148284144014,33.40722482520448,194.8887752700477,102.2075,101.425,0.0,84.0,-84.0,85.7892,88.19725011977818,0.0,0.0,34346.433647989936,2884.849999999997,11.50756919518036,92.35983685763789,-900647.7225240387,-5994227.03791081,32.286002601027164,89.02899009720502,45.02351328783162,65.9379983581937,88.64099999999999,94.49506491252122,82.78693508747877,13.208481205133571,0.9790688251511316,0.0,0.0,88.82366666666667,87.15366666666667,90.49366666666667,-3.76025909010737,-1.1246506986027924,1.0,0.0,85.64,99.41,92.525,15.534572037770328,0.6252723311546843,3.5045468728325977,8.15449928993923,59.959992049167454,1.0,0.9789122714277122,0.6706504261499351,-18.533226772041424,18.25938688885791,62.52723311546843,55.20123447641754,-37.47276688453157,-2.9404705882352857,7.260726072607255,-1.7028526194223053,-2.7460065523566906,1.0431539329343853,-1.170430772079953,-2.5654670852336703,1.3950363131537173,88.3781712720293
97.98,2021-10-01,99.63,93.7,94.47,7063700,-1.02881511994471,-2.2026991617500147,1.1738840418053047,88.0175,89.28615384615385,89.51251522001058,90.5413303399553,0.577408637873754,0.7413067552602438,-0.16389811738648985,-0.37002596190307807,25.926724450089168,-0.49850000000000705,-76.8382809299641,-97.21268052609346,20.374399596129365,92.525,92.525,92.525,95.46000000000001,93.75000149011612,32.23344978140214,70.57977024642538,33.749554546362695,130.22644546333842,102.85249999999999,102.07,96.0,80.0,16.0,86.334032,88.19725011977818,0.0,0.0,34346.433647989936,2786.869999999997,11.49235832916182,71.46714587797537,13402939.37538273,-5039691.03662511,31.71423602277783,89.49742201351286,44.475952885985805,65.9379983581937,88.8185,95.04805303372659,82.58894696627341,14.027602433561901,0.8918017852622594,0.0,0.0,89.453,87.381,91.525,-4.632600359965575,-0.5248552123552109,1.0,0.0,85.64,99.41,92.525,15.503526855328559,0.5853304284676837,3.6920921855493374,7.035819277980988,58.29174016804388,0.9486831119053318,0.9828943706351106,0.8806044483460691,-12.423187179074226,16.796584682666722,58.53304284676837,73.06120011967319,-41.466957153231625,-0.4910882352941286,7.5528007346189145,-1.136293354738461,-2.4240639128330446,1.2877705580945835,-0.4276004144492804,-2.1378937510767924,1.710293336627512,88.66826858761038
98.37,2021-10-04,100.25,97.66,97.95,6853200,-0.30266478673027564,-1.8226922867460669,1.5200275000157912,88.79583333333333,89.44961538461538,90.76597441693204,91.06863920366231,0.5222680007847752,0.7486756915832848,-0.22640769079850964,-0.3171815385295346,26.27715236247959,0.04099999999999682,-64.17801642986328,-93.49356500082845,29.315548570965177,92.525,92.525,92.525,95.46000000000001,96.87500074505806,33.09257490542949,72.50107215270182,28.012539809366388,162.6374275919142,101.59,101.59,92.0,76.0,16.0,86.85707072,88.19725011977818,0.0,0.0,34346.433647989936,2885.239999999997,11.4251249497122,116.90686789540737,-4793127.9861746505,-5382057.32135187,35.87160208467749,90.24448151728365,52.27804203766673,65.9379983581937,89.119,96.3631062940857,81.8748937059143,16.257153455684414,1.0895137131666002,1.0,0.0,90.47366666666667,88.30666666666666,92.64066666666668,-4.790344151705303,-1.1581295185356024,1.0,0.0,85.64,99.41,92.525,15.451250575073775,0.8729121278140886,3.977882966994403,5.518555476079331,65.69292049044094,1.0,0.9828943706351106,0.9815670042326445,-4.156794155626954,23.07117296667378,87.29121278140884,69.45049624788187,-12.708787218591144,2.23576470588236,10.575181159420294,-0.33234798430819645,-2.005720727128075,1.6733727428198784,0.187364406238507,-1.6728421196137326,1.8602065258522396,90.3193004288271
97.17,2021-10-05,99.31,97.16,98.28,3641000,0.22981954597881327,-1.412189920201091,1.6420094661799043,89.46249999999999,89.69269230769231,91.74967066048096,91.51985111450215,0.5285797326099589,0.7529548537105213,-0.22437512110056235,-0.2575561214136894,26.370351638720336,-2.501499999999993,-51.217160102063474,-87.90231488041263,36.68515477834916,92.525,92.525,92.525,95.46000000000001,98.43750037252903,33.49132112377959,70.61523675721529,31.2275259234308,136.2341431950117,99.695,99.695,88.0,72.0,16.0,87.3591878912,88.19725011977818,0.0,0.0,34346.433647989936,2788.069999999997,11.067835608937706,93.26517248177777,323299.3722342287,-5410674.304229369,35.37411078834327,91.00747344869283,51.48363125666536,65.60040877003993,89.3715,97.33167405588671,81.41132594411329,17.813674506720176,0.9892166895672492,0.0,0.0,91.57066666666667,89.35866666666666,93.78266666666667,-4.831241445586658,-0.7634116937914377,1.0,0.0,85.64,99.41,92.525,15.407596381396749,0.8366013071895424,3.745094670294963,5.218654991807248,64.14516503420833,0.9593204569489737,0.9693345229514353,0.9783744214072189,1.576244540904671,23.002733335115277,83.66013071895424,76.4947954490438,-16.339869281045758,4.646588235294118,8.972633467922837,0.25111442291496067,-1.5543536971194678,1.8054681200344285,0.5597452951703583,-1.2263246366569145,1.7860699318272728,91.70506916641615
97.11,2021-10-06,97.67,96.07,96.66,3488600,0.5574375326200709,-1.0182644296368586,1.5757019622569295,90.22916666666667,89.89653846153846,92.41433671271466,91.85689918009459,0.5968851132686079,0.7665857605177994,-0.16970064724919143,-0.19765949030324886,26.33153494727615,-3.6199999999999903,-37.81254571797308,-80.5231281038898,42.71058238591672,92.525,92.525,92.525,95.46000000000001,99.21875018626451,33.189792478266035,70.6152367572153,38.63715035637554,99.33107942246315,98.945,98.945,84.0,68.0,16.0,87.841220375552,88.19725011977818,0.0,0.0,34346.433647989936,2690.959999999997,11.036426240720736,64.82016212723804,1695293.996498827,-5227931.025358329,34.284671718767314,91.59732775453278,44.06551555373755,64.86446346786472,89.6,98.03939571296497,81.16060428703501,18.837936859296832,0.883321283895984,0.0,0.0,92.63366666666667,90.34366666666666,94.92366666666666,-4.944206749885749,-0.2502911208151379,1.0,0.0,85.64,99.41,92.525,15.368303571428568,0.7574437182280316,3.4215852032654674,5.119998831464567,60.78308762568634,0.8709552231970218,0.9434252267153319,0.965218040100626,5.036572575665914,21.91483911974448,75.74437182280317,82.23190510772207,-24.255628177196837,4.749235294117625,10.590537584896959,0.6068542892212802,-1.1221120998513183,1.7289663890725984,0.8376564103407327,-0.8135284272573851,1.6511848375981177,92.57387470614754
98.28,2021-10-07,99.4,97.46,97.78,2546500,0.918648917793476,-0.6308817601507918,1.5495306779442677,91.18583333333333,90.17346153846152,93.19059260306625,92.27194368527277,0.5752369668246441,0.7632306477093207,-0.1879936808846766,-0.13678577218353993,26.43145589539646,-4.964500000000001,-24.378652690068705,-71.4894058898096,47.1107531997409,93.34,92.525,92.9325,95.46000000000001,99.60937509313226,33.149828915227474,70.22210542615532,35.669390034276695,108.48258075751863,98.7,98.7,80.0,64.0,16.0,88.30397156052992,88.19725011977818,0.0,0.0,34346.433647989936,2789.239999999997,9.48894551775613,75.07573896620404,-2348901.0989011126,-5327328.275020706,35.70664736152781,92.23806801178401,44.8410215075543,64.86446346786472,89.9245,99.02300201956407,80.82599798043591,20.235869022489045,0.9141066289701738,0.0,0.0,93.87833333333333,91.54133333333333,96.21533333333333,-4.9787845970848865,-0.2662958208529436,1.0,0.0,85.64,99.41,92.525,15.312845776178902,0.8583877995642699,3.4124266829389223,5.0482396753549965,63.41640467887598,0.9401665020207293,0.9234807273889083,0.9454134923518919,8.739494648265186,22.47916599403987,85.83877995642699,81.74776083272813,-14.16122004357301,4.638088235294134,13.351942312165606,0.9955885625720254,-0.6985719673666496,1.694160529938675,1.1428698273127296,-0.4222487763433621,1.5651186036560918,93.60000502810531
98.85,2021-10-08,99.52,98.29,98.4,1064800,1.2573911834673197,-0.2532271714271695,1.5106183548944891,92.29666666666667,90.50615384615384,93.97511681797914,92.71772563451182,0.5421153846153842,0.7661538461538461,-0.22403846153846185,-0.07583229625608888,26.24843810863856,-5.002499999999998,-9.28648048996566,-60.73879212406673,51.452311634101065,93.46000000000001,92.525,92.9925,95.46000000000001,99.80468754656613,33.245260765610446,70.03661897242269,34.117990670939534,100.20367354702833,98.015,98.015,76.0,60.0,16.0,88.74821269810872,88.19725011977818,0.0,0.0,34346.433647989936,2888.089999999997,9.077705210966128,76.07141911388936,-419221.0419827957,-5433707.235005922,36.54848503852351,92.99087578951692,52.17668626010693,64.86446346786472,90.3325,100.13580326981733,80.52919673018266,21.704930716668606,0.905858096040942,0.0,0.0,95.24033333333334,92.81033333333333,97.67033333333333,-5.102880082318065,-0.1275034293552828,1.0,0.0,85.64,99.41,92.525,15.24368305980682,0.9186637618010174,3.27718401464503,4.8138425094552515,64.93068076780762,0.9799661093183673,0.9303626115120395,0.9324228552054264,12.209633559534923,19.324999058303625,91.86637618010172,84.48317598644395,-8.133623819898261,5.105676470588236,15.689736346516023,1.356149727425246,-0.28762762840827044,1.6437773558335165,1.4142964195979146,-0.054939737155106805,1.4692361567530214,94.89718360866884
98.45,2021-10-11,99.63,98.4,98.85,1662200,1.517233229981386,0.10086490885454164,1.4163683211268443,93.38583333333334,90.82346153846153,94.65586807675159,93.1386348467702,0.5124062319676859,0.784381611848432,-0.27197537988074616,-0.017088552165600648,26.04895463077936,-6.5519999999999925,7.759825442814394,-48.319541889542755,56.07936733235715,98.53999999999999,92.525,95.5325,95.46000000000001,99.90234377328306,33.43249834727905,70.31678908108063,33.19179339062316,90.65363787272871,98.015,98.015,72.0,56.00000000000001,15.999999999999993,89.17468419018437,88.19725011977818,0.0,0.0,34346.433647989936,2986.539999999997,4.6854917120276935,66.7511449547623,-221838.49669882748,-5509827.427054248,36.658664100483016,93.81490088839392,59.15899527457687,64.93705570493324,90.812,101.19171020790132,80.43228979209867,22.85977669889734,0.865520802027007,0.0,0.0,96.59666666666666,94.36466666666666,98.82866666666668,-4.621277476793553,0.0960274790919961,1.0,1.0,85.64,99.41,92.525,15.16319429150332,0.9266521423384175,3.0834656131805263,4.473197498835434,65.13664279708723,0.9853793942163258,0.9685040018518075,0.9407824469175852,15.029339022075309,19.806628746325373,92.66521423384174,90.12345679012348,-7.334785766158252,5.251911764705866,15.317004570491044,1.6290052269689235,0.09569894266716839,1.533306284301755,1.5750020277796657,0.2710486158318477,1.303953411947818,95.86487228073831
98.1,2021-10-12,99.25,97.86,98.37,2386000,1.6604458506977409,0.4127810972231815,1.2476647534745593,94.51916666666666,91.06230769230771,95.14881144955903,93.4883655988613,0.5072212593876367,0.7785480454457923,-0.2713267860581555,0.03647565420629437,25.97269083298988,-6.901499999999999,23.59677392100355,-35.18231169710597,58.77908561810952,98.53999999999999,92.525,95.5325,95.46000000000001,99.95117188664153,33.42386142800548,70.31678908108063,35.175604455598524,75.81773254596479,98.015,98.015,68.0,52.0,16.0,89.584096822577,88.19725011977818,0.0,0.0,34346.433647989936,2888.439999999997,4.775488746322365,49.6475528183676,385728.8481141606,-5504533.430990794,36.120310441946415,94.65389231749293,58.06547508217045,64.58069381386957,91.3115,102.03270193821619,80.5902980617838,23.48269810093186,0.805399526925129,0.0,0.0,97.765,95.505,100.025,-4.623331458088283,0.478982300884956,1.0,1.0,85.64,99.41,92.525,15.080247285391213,0.8874364560639072,2.860119051862473,3.9657313231842957,63.175127445315475,0.9338250302007896,0.9663901779118276,0.9550855970918916,16.798944377150924,23.288872653376668,88.74364560639073,91.09174534011139,-11.256354393609278,5.4291764705882315,16.140517446000466,1.7760989188990224,0.4317789379135392,1.344319980985483,1.6522991963515656,0.5472987319357914,1.1050004644157743,96.32288257066232
97.37,2021-10-13,98.65,97.17,97.56,1608900,1.6986842760373548,0.6699617329860162,1.0287225430513387,95.5825,91.25692307692309,95.45976353424226,93.7610792582049,0.5193661971830981,0.7944053208137715,-0.2750391236306734,0.08265461694753387,25.86824303654872,-5.803999999999988,34.130015025373,-22.02494688563415,56.15496191100715,98.25999999999999,92.525,95.3925,95.46000000000001,99.97558594332077,33.12078742349139,70.31678908108063,38.54888642843113,60.9297488854891,98.015,98.015,64.0,48.0,16.0,89.97713294967392,88.19725011977818,0.0,0.0,34346.433647989936,2791.069999999997,4.6323481280174,32.95714527288655,789206.1209818224,-5523970.977756445,35.43376537756873,95.45236033742637,57.07232925125594,64.12534250862157,91.814,102.64381144803595,80.98418855196404,23.590762733430534,0.7472803901388029,0.0,0.0,97.96133333333333,96.42533333333333,99.49733333333333,-3.1359311837323602,0.7575954861111088,1.0,1.0,85.64,99.41,92.525,14.997712767116123,0.8373275236020338,2.653107146676226,3.459562295344533,60.66139668106818,0.867756829031729,0.9289870844829483,0.9546270880821944,17.579614756709802,5.368901594016023,83.73275236020336,88.38053740014527,-16.267247639796626,5.848205882352957,15.1166923350314,1.811715788125066,0.7077663079558446,1.1039494801692213,1.6325382256282617,0.7643466306742854,0.8681915949539762,96.39711759778693
98.64,2021-10-14,99.15,96.7,97.22,2076300,1.6717920534283621,0.8703277970744854,0.8014642563538767,96.47333333333331,91.45692307692308,95.65056914435883,93.97877709093046,0.5089979162720208,0.7950369388141693,-0.2860390225421484,0.12067118595910827,25.974227132803087,0.7269999999999897,43.3101106817728,-8.675125595441163,51.98523627721396,98.25999999999999,92.525,95.3925,95.46000000000001,99.98779297166038,32.83936156215689,70.10456123896715,38.4325394352095,54.65251145031696,96.0075,98.015,60.0,44.0,16.0,90.35444763168695,88.19725011977818,0.0,0.0,34346.433647989936,2692.429999999997,4.632596811782891,21.626010233902775,-156528.79156528512,-5542215.0414616475,34.95665515836528,96.26328151934997,56.00035366340667,64.12534250862157,92.233,103.13784131017093,81.32815868982908,23.646289961664312,0.7048172858707095,0.0,0.0,97.949,96.257,99.64099999999999,-3.454859161400307,0.8690898345153665,1.0,1.0,85.64,99.41,92.525,14.929580518903208,0.8031953522149604,2.585796432008604,2.644578317537225,58.94101929134218,0.8189676967050435,0.8735165186458541,0.9229645936802099,17.760223400694862,5.344547872000931,77.67710049423398,83.38449948694269,-22.32289950576601,5.749264705882339,12.4287873503081,1.778903817625544,0.9219938098897846,0.8569100077357594,1.7030535234375457,0.9520880092269375,0.7509655142106082,96.4104937712812
99.27,2021-10-15,99.82,98.81,99.78,1981700,1.7999899752768442,1.0562602327149573,0.743729742561887,96.96083333333333,91.75846153846153,96.13663542984209,94.33664545456524,0.49848771266540604,0.8081285444234404,-0.30964083175803436,0.15578560187529097,26.005707111190155,1.5345000000000084,54.99511280403111,4.566333208324881,50.42877959570623,98.725,92.71000000000001,95.7175,95.46000000000001,99.99389648583019,33.250533962165,72.2752744521688,32.021230066165266,71.43138463372594,94.9725,98.015,100.0,40.0,60.0,90.71666972641947,88.19725011977818,0.0,0.0,34346.433647989936,2791.699999999997,7.164094285124022,48.45939448620237,-65075.04784928675,-5468568.927733966,37.122732717827525,97.1900224163669,56.81664101132604,64.12534250862157,92.71549999999999,103.88452229382725,81.54647770617274,24.093106964482217,0.7728305056463285,0.0,0.0,98.30266666666667,97.12266666666666,99.48266666666667,-2.4007487080716836,0.2850282485875711,1.0,1.0,85.64,99.78,92.71000000000001,15.250955881163344,0.9314002828854315,2.639216788807743,1.6447274130066087,63.89192782924343,0.9392995505658958,0.8753413587675561,0.8926149872987862,19.35676425489157,20.736119070719575,92.09453952730237,84.50146412724656,-7.90546047269763,5.722999999999999,6.293029259896739,1.9080495883688826,1.1192049655856042,0.7888446227832784,1.7897460191563372,1.1196196112128174,0.6701264079435199,96.66821999292685
100.95,2021-10-18,101.43,98.43,98.78,2839900,1.8496038459527142,1.2149289553625087,0.6346748905902055,97.30916666666666,92.0776923076923,96.48946074832793,94.63985690237521,0.5160244181610067,0.7897748950782145,-0.2737504769172078,0.18626553893902786,26.321012586652785,0.4064999999999941,63.50098503578039,17.312793779196422,46.18819125658396,98.725,92.71000000000001,95.7175,95.46000000000001,99.9969482429151,33.63233690502968,72.2752744521688,32.021230066165266,68.07100707274478,94.9725,98.015,96.0,36.0,60.0,91.2604695428343,88.19725011977818,0.0,0.0,34346.433647989936,2690.7499999999973,7.0223277000366755,36.05648098817353,-800643.8831104704,-5460190.520417893,36.73450278158626,98.0133201139866,57.63564477183361,64.12534250862157,93.29350000000001,104.38889773960402,82.198102260396,23.78600382578424,0.7314698454506832,0.0,0.0,98.39533333333334,97.18033333333332,99.61033333333334,-2.469629318463634,0.48573388203017565,1.0,1.0,85.64,99.78,92.71000000000001,15.156468564262246,0.904526166902405,2.6372951099269692,0.7695828052711826,62.431873777202796,0.6115266216656843,0.7899312896455412,0.846263055686317,20.265044342338236,12.470338925546141,36.01895734597181,68.59686578916939,-63.98104265402819,5.651882352941172,4.435013262599477,1.9543603577725759,1.2862360440229987,0.6681243137495771,1.9736183944078258,1.2904193678518192,0.6831990265560066,96.69430795644242
100.28,2021-10-19,101.02,99.56,100.95,1975000,1.957539455787611,1.3634510554475292,0.5940884003400817,97.79750000000001,92.49115384615385,96.96185140243132,95.00431194664371,0.5541803485728718,0.7355392775953524,-0.18135892902248063,0.21430252687218856,26.5629036411596,3.6875,72.63579323975638,29.58483144116636,43.05096179859002,99.80000000000001,93.295,96.54750000000001,95.46000000000001,99.99847412145755,34.493837134080636,74.16610729079356,27.645145349732143,78.09029280253844,94.9325,97.975,100.0,32.0,68.0,91.77164137026425,88.19725011977818,0.0,0.0,34346.433647989936,2791.0299999999975,8.808835500320791,47.09361227557725,-61428.00159552621,487789.68877212686,37.885741225150205,98.35461972288007,57.775599084452615,64.86151681558837,93.9725,104.85459699460584,83.09040300539415,23.160173443519852,0.7567290110890244,0.0,0.0,98.62133333333334,97.50233333333333,99.74033333333333,-2.269285888110753,0.08057789693177964,1.0,1.0,85.64,100.95,93.295,16.292000319242334,0.9092096668843893,2.6325655989342716,0.7695828052711826,64.99369458745525,0.9055250821453805,0.8187837514589869,0.8280187999573613,21.777981527287597,11.886506872428749,57.62195121951219,61.91181603092878,-42.37804878048781,5.805264705882365,6.254002134471717,2.0604743255095657,1.4410837003203123,0.6193906251892534,2.0383380612348927,1.440003106528434,0.5983349547064587,96.84572699097815
101.34,2021-10-20,102.39,100.05,100.31,1387300,2.058884569409969,1.5025377582400172,0.5563468111699517,97.99666666666667,92.95961538461538,97.43695118667266,95.37806661726269,0.5794943820224715,0.6707865168539325,-0.09129213483146104,0.2400437534983222,26.85656290471199,2.4329999999999927,79.42718074279884,41.1188129337072,38.30836780909164,99.80000000000001,93.295,96.54750000000001,95.46000000000001,99.99923706072877,35.2938016324851,71.05381403973553,26.485049418592848,84.20297057037163,94.3675,97.41,96.0,28.000000000000004,68.0,92.5059100606431,88.19725011977818,0.0,0.0,34346.433647989936,2892.3699999999976,8.100847409429234,47.45975337906614,-749161.2393921487,498610.15185297607,38.38450177155438,98.57995526325944,58.04341241785513,64.86151681558837,94.727,105.08485325248476,84.36914674751525,21.8688510192126,0.7569547892910653,0.0,0.0,99.03299999999999,97.807,100.259,-2.475942362646793,0.0852365415986963,1.0,1.0,85.64,100.95,93.295,16.162234632153453,0.941214892227302,2.652309039040844,0.7695828052711826,66.07404252724277,1.0,0.8390172346036883,0.8159107585694053,23.34730329325637,12.901045105514454,72.56097560975593,55.400628058413304,-27.439024390244064,6.141176470588221,2.447266024984641,2.158656221950851,1.58459820464642,0.5740580173044312,2.1504970117708533,1.582101887576918,0.5683951241939353,97.25854441212905
102.45,2021-10-21,102.72,101.0,101.18,1520300,2.190606415474093,1.6401514896868326,0.5504549257872606,98.31666666666666,93.49346153846153,97.98511254256917,95.79450612709508,0.5025843721495887,0.7926421404682272,-0.2900577683186385,0.26460158949110546,26.962537208698098,0.5594999999999857,85.66656198353854,51.66915098631878,33.99741099721976,99.915,93.41,96.6625,95.46000000000001,99.99961853036439,36.23447279557802,71.43230987702182,24.79666926370904,98.03537628092151,94.0375,97.08,100.0,24.0,76.0,93.18143725579165,88.19725011977818,0.0,0.0,34346.433647989936,2994.8199999999974,8.045336536026747,54.58371718205674,-901903.367496337,-523164.32978124305,39.357290377251545,98.99256324085493,65.20066528153198,64.86151681558837,95.51050000000001,105.25929577178684,85.76170422821318,20.414081743445653,0.7815475946212092,0.0,0.0,99.37499999999999,98.157,100.593,-2.4513207547169884,-0.16707717569786343,1.0,0.0,85.64,101.18,93.41,16.27046240989211,0.988416988416988,2.6540781351367597,0.7536137703402559,68.1277665226844,1.0,0.9685083607151269,0.875436448925934,25.27942777713873,19.3818910844001,94.87179487179469,75.01824056702092,-5.128205128205315,6.585794117647055,3.952243721696175,2.2867766681397286,1.7250338973450818,0.5617427707946467,2.3015212998343197,1.7259857700283985,0.5755355298059213,97.6944955314163
103.15,2021-10-22,103.28,102.19,102.39,1290200,2.363771891273899,1.784875570004246,0.578896321269653,98.82666666666667,94.02692307692307,98.63201830525082,96.26824641397693,0.5303983228511522,0.782320055904961,-0.2519217330538088,0.2892118704244885,26.903138694320724,1.0529999999999973,93.16796950761682,61.158944771296824,32.009024736319994,100.52000000000001,94.015,97.26750000000001,95.46000000000001,99.9998092651822,37.36921358944202,72.6485196140052,22.865701510277127,127.60723449787537,94.0375,97.08,100.0,20.0,80.0,93.98129353021248,88.19725011977818,0.0,0.0,34346.433647989936,3097.9699999999975,7.460948654109371,64.32154329890575,-763596.7038293735,-235340.66675658038,40.57262206041986,99.28781708243197,65.4233415280705,64.86151681558837,96.407,105.09219222585247,87.72180777414752,18.017762664230762,0.8329229710533197,0.0,0.0,99.76333333333334,98.56833333333333,100.95833333333334,-2.395669751745813,-0.515341701534162,1.0,0.0,87.27,102.39,94.83,15.683508458929335,0.9867724867724866,2.6166703216230838,0.7536137703402559,70.53400729048252,1.0,1.0,0.9358418651062718,27.657066723735667,22.949849622087644,95.76271186440673,87.73182744865244,-4.237288135593282,6.896470588235289,6.370354949515983,2.4554014218864064,1.8711074022533467,0.5842940196330597,2.4472690023559864,1.8702424164939162,0.5770265858620702,98.26385149047236
105.02,2021-10-25,105.35,103.0,103.33,2341800,2.5371206613019837,1.9353245882637937,0.6017960730381899,99.28833333333334,94.55923076923077,99.3040154890584,96.76689482775642,0.44009293063391897,0.7962163956189838,-0.35612346498506486,0.31382825913675394,26.828396329099714,0.9535000000000053,98.78609682107479,69.51331398241585,29.27278283865894,100.99000000000001,94.485,97.73750000000001,95.46000000000001,99.9999046325911,38.61458273459986,73.27966893915328,21.394226168353182,176.00343421335057,94.0375,97.08,100.0,16.0,84.0,94.99033830658699,88.19725011977818,0.0,0.0,34346.433647989936,3202.9899999999975,7.41576658957111,67.2850656847764,-2894781.946295929,-465203.6180801631,41.405053805208986,99.70554931416129,72.6043794555664,64.86151681558837,97.3365,104.53959731990396,90.13340268009604,14.80040338393914,0.8931294933604694,0.0,0.0,100.25666666666666,98.93766666666667,101.57566666666666,-2.63124646740033,-0.5399292393227224,1.0,0.0,87.51,103.33,95.42,16.25289588181206,0.979140328697851,2.671003289460775,0.7410874316719606,72.07918156085483,1.0,1.0,0.9895027869050423,30.12910182728324,26.995146524947632,94.16961130742051,94.93470601454062,-5.830388692579478,7.406705882352938,5.684383336753546,2.621889093184213,2.02126374043952,0.600625352744693,2.6797166109850483,2.0321372553921426,0.6475793555929057,98.95032341249119
104.96,2021-10-26,105.85,103.82,105.36,3267000,2.709435274158139,2.0901467254426627,0.6192885487154762,99.74916666666667,95.21115384615385,99.99878233689557,97.28934706273743,0.32707114259316233,0.7976593778872803,-0.4705882352941179,0.3383757365956243,26.721410591150416,0.17300000000000182,105.64858443863908,77.45982169500097,28.188762743638108,102.255,95.5,98.8775,95.5,99.99995231629555,40.143276413951185,74.87779974483642,18.70991905328657,200.04701457451765,94.0375,97.08,100.0,12.0,88.0,96.15789094366481,88.19725011977818,0.0,0.0,34346.433647989936,3307.9499999999975,7.5567225977033265,69.96822772980823,-590558.3079268234,-628478.7826819952,42.240657688704125,100.30174508981766,79.57958388372055,65.37789005625616,98.227,103.83608940916503,92.61791059083498,11.420667248648584,0.9985657735158631,0.0,0.0,100.90833333333333,99.62833333333333,102.18833333333333,-2.536955983153029,-0.6373697916666637,1.0,0.0,97.67,105.36,101.515,7.828804707463322,0.7997399219765922,2.688902960514697,0.5998956297037206,73.58909874941094,1.0,1.0,1.0,32.67739990735458,24.59046637795919,77.04918032786874,88.99383449989864,-22.950819672131264,7.9567352941176495,5.626208159527914,2.7849249233946947,2.1739959770305552,0.6109289463641394,2.822524535201833,2.1902147113540806,0.6323098238477525,99.98751936244369
104.49,2021-10-27,105.62,102.76,105.43,2199900,2.7290044406504848,2.2179182684842274,0.5110861721662574,100.11250000000001,95.85653846153846,100.42358505429625,97.69458061364577,0.3532643826761464,0.7569489334195212,-0.4036845507433748,0.3588206698734891,26.623076086256823,-0.8569999999999993,110.70010023379955,84.94759831189283,25.752501921906713,102.625,95.535,99.08,95.535,99.99997615814777,41.40418425788664,68.55814657209382,18.336518128158772,155.0467259706478,93.7075,96.75,100.0,8.0,92.0,97.63022839267845,88.19725011977818,0.0,0.0,34346.433647989936,3203.4599999999978,9.011836441410447,44.149995196978665,14546.846588188482,-459661.0722899023,41.173817002901785,100.76499620279438,72.08792365339269,64.71038318417342,98.717,104.10799656835421,93.32600343164579,10.922123987467632,0.8749770518991697,0.0,0.0,101.58933333333333,100.39933333333333,102.77933333333333,-2.342765644687102,0.008123249299714903,1.0,1.0,97.67,105.43,101.55000000000001,7.860854766656204,0.6559278350515464,2.600012664463228,0.6567639054738951,68.43690659893834,0.6482684187219804,0.8827561395739935,0.9609187131913312,33.428553252354064,20.885733911059255,60.61946902654866,77.27942022061262,-39.38053097345134,8.428647058823529,4.430894308943088,2.793404120790405,2.297877605782525,0.4955265150078798,2.8622855435196453,2.3246288777871937,0.5376566657324515,100.48177571887368
107.28,2021-10-28,107.29,104.38,104.78,3351500,2.842467412225389,2.3428280972324598,0.49963931499292924,100.65583333333332,96.60346153846154,101.03226427671221,98.18979686448682,0.3223585752768624,0.7045794672253813,-0.38222089194851894,0.37821639269052065,26.636516177172545,-2.0534999999999997,117.13608806387683,91.85215111854237,25.28393694533446,103.225,95.535,99.38,95.535,99.99998807907389,42.575027255826704,61.54021170984553,16.459505748768784,151.69947861762466,92.6075,96.08500000000001,96.0,4.0,92.0,99.03418728199632,88.19725011977818,0.0,0.0,34346.433647989936,3310.739999999998,7.654174179232452,62.67051016883872,-1193232.6621923915,-514947.6165905877,42.86507430146153,101.2620481331692,72.3896191123324,64.71038318417342,99.2235,104.74253714428582,93.70446285571418,11.124455686981044,0.9671557615207229,0.0,0.0,102.36866666666666,101.12066666666666,103.61666666666667,-2.4382460779014505,-0.30582264957264355,1.0,0.0,97.67,105.43,101.55000000000001,7.820727952551568,0.8646907216494831,2.7930113980169056,0.6567639054738951,71.69817701231621,0.8709099208187916,0.8397261131802574,0.9074940842514169,35.05716071360466,21.826044690965894,84.51327433628302,74.06064123023346,-15.48672566371698,8.819029411764703,6.662579194768031,2.8948704478412557,2.4172761741942717,0.47759427364698404,3.076507953534325,2.4750046929366203,0.6015032605977049,101.4658815221304
107.76,2021-10-29,108.41,106.82,107.13,4404900,3.093613986396889,2.4929852750653456,0.6006287113315434,101.46,97.43,101.92268515721801,98.82907117082112,0.28421052631578886,0.7185595567867032,-0.4343490304709144,0.40026905072249824,26.766165371203154,-3.1794999999999902,120.52587884534324,98.188250430716,22.337628414627247,104.07499999999999,96.38499999999999,100.22999999999999,96.38499999999999,99.99999403953694,44.087909493336134,64.660878231302,14.311646264233188,174.04538624941733,92.2575,95.92,100.0,0.0,100.0,100.18543357123698,88.19725011977818,0.0,0.0,34346.433647989936,3418.499999999998,7.63331354678434,91.27963728757601,-2060876.0207869264,-646307.4397397377,45.3840856063092,101.88662678946609,72.737397270384,64.71038318417342,99.8795,105.72569354794263,94.03330645205736,11.706493420456917,1.0935913636012333,1.0,0.0,103.16699999999999,101.795,104.53900000000002,-2.659765235007332,-0.8312682215743316,1.0,0.0,97.67,107.13,102.4,9.471413052728533,0.9672304439746298,2.916710258215215,0.6567639054738951,75.76062779685363,1.0,0.8397261131802574,0.8540694553115027,37.83687098450339,28.188958269305598,96.34433962264148,80.49236099515771,-3.655660377358522,9.30249999999998,9.931048677575374,3.1302671873235877,2.559874376820135,0.5703928105034528,3.24187379215967,2.6283785127812305,0.6134952793784394,102.84443480221671
110.76,2021-11-01,112.63,107.8,108.16,4043800,3.3333030232959686,2.6610488247114703,0.6722541985844983,102.385,98.33538461538461,102.82688744072294,99.49358441742697,0.22528007793472932,0.7559668777398922,-0.530686799805163,0.4242147579185094,26.815607018731203,-1.5764999999999816,123.31602288396617,103.81938705785042,19.49663582611575,105.275,97.715,101.495,96.9,99.99999701976847,45.654497874213064,65.44306604501806,13.394433254099186,183.4237519269536,91.525,95.46000000000001,100.0,0.0,100.0,101.57434685698959,88.19725011977818,0.0,0.0,34346.433647989936,3529.2599999999984,7.5894323421861785,93.74608910363665,-10593851.570964243,-1430563.1839596236,46.400232395300016,102.70358721451066,79.70781620055645,64.71038318417342,100.38649999999998,107.07315918078719,93.69984081921278,13.321829490593265,1.0543500722529155,1.0,0.0,104.16533333333332,102.61133333333335,105.71933333333334,-2.983718191592843,-0.669455169455169,1.0,0.0,97.67,108.16,102.91499999999999,10.44961224865893,0.9656816015252622,3.2060392323936937,0.6401776294609378,77.17758346399165,1.0,0.9569699736062639,0.8788073999889262,40.58433843400021,26.311527718274636,96.21451104100946,92.35737499997798,-3.785488958990534,9.900117647058806,11.47880041365046,3.350269309135593,2.7179533632832267,0.6323159458523664,3.5601587833565618,2.8147345668962966,0.7454242164602651,104.3739817625899
111.35,2021-11-02,113.89,110.04,110.11,6626400,3.6617966787206484,2.861198395513306,0.8005982832073424,103.32083333333333,99.32115384615385,103.9365970652271,100.27480038650646,0.21742881794650526,0.7871009490940462,-0.5696721311475409,0.45197770017459377,27.104395575477177,-2.6004999999999967,128.07802751784408,109.22503669952212,18.852990818321956,106.41499999999999,98.81,102.6125,97.875,99.99999850988424,47.383457213483005,67.46038836499199,11.970221210177021,182.08288190682566,91.4675,95.46000000000001,100.0,0.0,100.0,102.89147748559168,88.19725011977818,0.0,0.0,34346.433647989936,3640.6099999999983,7.442484241345128,115.98579066026014,-5448495.734171547,-1876113.3164705788,48.71399862906625,103.69180037044661,86.39369188447301,64.71038318417342,101.0305,108.75114887169501,93.309851128305,15.283798202909033,1.083467798479355,1.0,0.0,105.249,103.324,107.174,-3.657991999923998,-0.7444155844155826,1.0,0.0,97.67,110.11,103.89,12.31311336675558,0.9943729903536983,3.494435309154325,0.5460954627215668,80.04847981305589,1.0,1.0,0.9322320289288403,43.95478784394125,27.420371255824108,99.3613138686132,97.3067215107547,-0.6386861313867994,10.489558823529407,11.365246432547318,3.651761623664524,2.9047150153594865,0.7470466083050376,3.806272548759959,3.0130421632690294,0.7932303854909297,106.18497372987476
113.27,2021-11-03,115.67,110.76,111.62,5865900,3.9348695235266433,3.0759326211159737,0.8589369024106697,104.34833333333334,100.27307692307691,104.98635136288448,101.05148183935783,0.21835632873425265,0.8090381923615274,-0.5906818636272748,0.4814434786468542,26.49427412724742,-2.2050000000000125,135.32129238800968,114.74222896668559,20.579063421324093,107.45,104.64500000000001,106.04750000000001,98.63,99.99999925494211,49.174322868235144,69.50203642727233,11.100792296713623,173.8598850715248,91.4675,95.46000000000001,100.0,20.0,80.0,104.33518198847334,88.19725011977818,0.0,0.0,34346.433647989936,3753.8799999999983,7.360302204923835,111.06702056593726,-5881742.738589219,-2285057.169829431,49.455132762108775,104.78563702883639,92.91543263757764,64.71038318417342,101.76500000000001,110.21850696456832,93.31149303543171,16.613780699785398,1.032027715698424,1.0,0.0,106.42566666666667,104.30366666666666,108.54766666666667,-3.987759844899583,-0.5212849513037998,1.0,0.0,98.65,111.62,105.135,12.745049869798061,0.9336931380107942,3.707991778238892,0.291588717985246,80.8809916365418,1.0,1.0,0.9856566578687547,46.9438248648744,26.140413070950853,92.71186440677967,96.09589643880076,-7.288135593220328,11.392529411764713,12.526668698567509,3.8939256029732743,3.102557132882244,0.7913684700910304,4.092998909746551,3.2290335125645337,0.8639653971820169,107.65666961769331
108.07,2021-11-04,116.49,103.45,113.07,11893700,3.5208397634911535,3.16491404959101,0.3559257139001435,104.6725,100.67653846153846,104.74998961474842,101.22914985125726,0.24496389205625216,0.8120486507031544,-0.5670847586469022,0.49471468731735374,26.382488892256582,-2.014499999999998,135.06145241063098,119.39706040035382,15.664392010277155,109.21,105.37,107.28999999999999,99.35499999999999,49.999999627471055,50.99816045891938,68.81122996984953,9.961591671092028,125.09267869066011,92.415,95.46000000000001,100.0,16.0,84.0,105.79214559077867,88.19725011977818,0.0,0.0,34346.433647989936,3645.809999999998,7.604957227964143,-17.65565380062523,-3591838.623114621,-2536968.8537769546,42.32266887622939,105.59557925367791,85.34142061864551,60.43959137236133,102.0645,110.30854142396218,93.82045857603781,16.154571714870865,0.5840303880553598,0.0,0.0,107.36266666666668,105.05266666666667,109.67266666666667,-4.3031718039790405,1.346897546897546,0.0,1.0,98.65,113.07,105.86,14.128320816738423,0.33287101248266304,3.9101926004150016,1.7878244744798237,55.54135220006926,0.0,0.6666666666666666,0.8888888888888888,39.83911239147944,4.468244431111598,20.1659751037345,70.7463844597091,-79.8340248962655,12.409176470588235,3.9071916432302136,3.47808883969149,3.1776634742440937,0.3004253654473965,3.8760477550762227,3.3584363610668717,0.517611394009351,107.57256985783098
110.0,2021-11-05,111.86,109.04,109.46,4547000,3.6022598687227116,3.2523832134173505,0.34987665530536116,105.42166666666667,101.24538461538461,105.40999121247944,101.80773134375673,0.32323232323232326,0.7240198596130796,-0.4007875363807563,0.5069573586827694,25.99969333839122,-1.6020000000000039,137.77149252747358,123.72877103439812,14.042721493075462,109.345,105.37,107.3575,99.35499999999999,50.00006473044216,49.952738795908644,53.444088539174984,24.941367445019218,98.61693812114135,93.9925,95.46000000000001,96.0,12.0,84.0,107.24771647262294,88.19725011977818,0.0,0.0,34346.433647989936,3755.809999999998,7.578762659956348,72.70943959946413,8989090.909090925,-1837702.0829054266,48.266603143991595,106.33933102041362,77.8882472009054,60.43959137236133,102.602,111.18633130767937,94.01766869232064,16.733263109255887,0.8749855270753997,0.0,0.0,108.11266666666668,105.65166666666667,110.57366666666667,-4.552658029586416,0.3115942028985499,1.0,1.0,98.65,113.07,105.86,14.054306933588027,0.7205270457697649,4.3601733403735015,1.8324856381961934,64.65948564746697,0.3598367478849579,0.45327891596165265,0.706648527542773,37.64078106930854,17.078561774825904,66.55601659751048,59.81128536934153,-33.44398340248953,12.355558823529407,8.985507246376821,3.5382969654432017,3.2497901724839156,0.28850679295928616,3.8048805086765474,3.447725190588807,0.35715531808774026,107.65664853231863
110.66,2021-11-08,110.94,108.3,109.27,4045500,3.565967815912984,3.3151001339164776,0.25086768199650633,106.02999999999999,101.80692307692308,105.85460794902107,102.28864013310809,0.36365211365211364,0.7195079695079692,-0.3558558558558556,0.515352256099755,25.698230704445443,-0.9070000000000107,140.71629440025717,127.62518325235568,13.091111147901486,109.345,105.37,107.3575,99.35499999999999,62.50012974028068,48.545042554382405,52.95668063214006,28.361886872065185,79.80938048658142,92.525,95.46000000000001,92.0,8.0,84.0,108.41217317809836,88.19725011977818,0.0,0.0,34346.433647989936,3645.1499999999983,7.547561512460122,50.624033942397695,837565.5159949401,-1773488.2602203933,47.51560901339731,106.9622276794441,70.61930258088822,60.43959137236133,103.09700000000001,111.79600706977548,94.39799293022453,16.875383512178775,0.7990571198681805,0.0,0.0,108.67366666666666,106.24766666666667,111.09966666666666,-4.464743068698019,0.5770129156361651,1.0,1.0,98.65,113.07,105.86,13.986827938737292,0.6692094313453537,4.114156006336151,1.9262282429053035,62.82264900384398,0.28734808251826993,0.21572827680107595,0.4452246198097984,35.3458055766634,12.535758710016463,55.3370786516854,47.353023450976785,-44.6629213483146,11.645352941176455,7.227722772277224,3.4861816632546825,3.2970684706380693,0.1891131926166132,3.7526594917348306,3.508712050818012,0.24394744091681853,107.68243532473892
111.15,2021-11-09,112.26,110.52,110.92,5406900,3.6739900786299984,3.3868781228591818,0.2871119557708166,106.72416666666665,102.30153846153847,106.5723605722486,102.8983704936186,0.3449447748513169,0.7320305862361935,-0.38708581138487663,0.5241511758231203,25.520193821084113,-0.7299999999999898,144.69462281601403,131.40235242815731,13.292270387856718,110.18,105.37,107.775,99.35499999999999,75.00017847437677,47.635182359385006,53.96495592132802,25.508055029650773,96.31756230453108,92.525,95.46000000000001,88.0,4.0,84.0,109.34373854247869,88.19725011977818,0.0,0.0,34346.433647989936,3756.2999999999984,7.484572693947728,78.64245766491229,-1790283.400809729,-1847854.1288930776,49.79403006602889,107.68217745762077,71.00529292303183,60.43959137236133,103.72999999999999,112.65215893155928,94.8078410684407,17.20265869383842,0.8805132845136027,0.0,0.0,109.296,106.785,111.80699999999999,-4.594861660079043,0.25627240143369057,1.0,1.0,98.65,113.07,105.86,13.901474983129267,0.8231622746185854,4.098740405702537,1.927098590446666,65.94792125695058,0.4106833912523102,0.352622740551846,0.34054331110485814,34.743765733755914,13.177593171985084,75.36231884057973,65.75180469659186,-24.637681159420275,10.8335,8.151482532537429,3.570503654241878,3.351755507358831,0.21874814688304678,3.7029798719087412,3.5475656150361585,0.1554142568725827,107.82789380027855
111.62,2021-11-10,112.55,110.96,111.45,2693100,3.751853787839849,3.4598732558553156,0.29198053198453344,107.38749999999999,102.8323076923077,107.24738202267189,103.49552823483204,0.3418656588215085,0.7266792647311456,-0.38481360590963715,0.532532842672205,25.399233462970827,-0.5995000000000061,149.47203751171116,134.99523570013892,14.476801811572244,110.74,105.37,108.055,99.35499999999999,84.37521095601358,46.913388869679174,54.0769748967825,24.563243230353148,92.1743941950769,92.525,95.46000000000001,84.0,0.0,84.0,110.08899083398295,88.19725011977818,0.0,0.0,34346.433647989936,3867.9199999999983,7.455060143551078,74.42393514135335,-404049.45350295096,-1812293.135036407,50.23840936389353,108.38170790721753,71.36627972477284,60.43959137236133,104.4195,113.33864452175783,95.50035547824217,17.083292913216074,0.8666551194481015,0.0,0.0,110.001,107.399,112.603,-4.730866083035603,0.31571867794004665,1.0,1.0,99.15,113.07,106.11,13.330843376955443,0.848419540229885,3.891866365132283,1.927098590446666,66.54814613332883,0.43437058214084023,0.37746735197047343,0.3152727897744651,34.503853174452075,12.945569863496036,78.44739530132787,69.71559759786432,-21.552604698672127,9.739352941176463,7.728155339805818,3.6251361308353998,3.406431632054145,0.21870449878125475,3.654262727680662,3.5689050375650595,0.08535769011560257,108.05236921581542
113.58,2021-11-11,113.93,111.08,111.16,3625400,3.7796745994676257,3.523833524577778,0.25584107488984786,107.99249999999999,103.40961538461539,107.83701555764544,104.05734095817782,0.35585738539898143,0.7246179966044141,-0.36876061120543263,0.5393182620452641,25.38848797736938,-2.3784999999999883,152.9541412441723,138.59837596667546,14.355765277496829,112.005,105.86,108.9325,99.35499999999999,90.62523125412602,46.243152057809475,53.617033525566946,24.354325261209468,89.15785382068724,92.525,95.46000000000001,80.0,16.0,64.0,110.68519266718636,88.19725011977818,0.0,0.0,34346.433647989936,3981.499999999998,7.388142153296946,65.7390301211601,-1329151.2590244852,-1852689.888978915,50.36124281739029,109.04297707362454,71.73393911485354,60.43959137236133,105.1385,113.76622339612265,96.51077660387733,16.412110494486154,0.8443260595645743,0.0,0.0,110.65833333333333,108.03033333333333,113.28633333333335,-4.74975525265458,0.41977422628107713,1.0,1.0,99.82,113.07,106.445,12.602424421120714,0.8498113207547173,3.7996797286190556,1.927098590446666,66.72043659506866,0.441169828916698,0.42874126743661617,0.3862771199863118,34.37608639357095,8.443121618573654,74.22279792746122,76.01083735645626,-25.7772020725388,8.498235294117649,6.992872278944332,3.6322998114921394,3.451605267941744,0.18069454355039527,3.7154312663968,3.598210283331408,0.11722098306539186,108.22889463165289
113.08,2021-11-12,115.05,113.05,114.12,5184800,3.915549313996877,3.602176682461598,0.31337263153527894,108.85000000000001,104.00923076923078,108.63901316416153,104.72346385016465,0.35337464411321395,0.7303634232121922,-0.3769887790989782,0.5474414803469243,25.355233946926464,-1.4705000000000155,155.17805756053323,142.1386020418496,13.039455518683639,112.53,106.385,109.45750000000001,99.88,94.53149343182962,46.28167718058068,58.96391483453128,21.377969678176928,111.1156304316584,92.9325,95.46000000000001,100.0,12.0,88.0,111.16215413374908,88.19725011977818,0.0,0.0,34346.433647989936,4094.579999999998,5.230013439478679,88.17168296099436,-1677750.2652988895,-1765759.0546219838,52.36671274897114,109.76445082345597,72.06688368849863,61.5114854577372,105.85050000000001,114.62080324447234,97.08019675552768,16.571113493979396,0.9104476093536232,0.0,0.0,111.32033333333334,108.72733333333333,113.91333333333334,-4.6586278038453655,0.16647383982517214,1.0,1.0,101.02,114.12,107.57,12.375945319105726,0.9183206106870224,3.81671175575715,1.927098590446666,69.49785370857407,0.5507774308902186,0.4754392806492522,0.4272159666854472,35.1679669773665,11.852659756352207,87.41176470588228,80.02731931155711,-12.588235294117734,8.439264705882351,10.013623978201627,3.738941751964138,3.509072564746223,0.22986918721791527,3.6813194573990966,3.614832118144946,0.06648733925415051,108.48953743629744
129.23,2021-11-15,131.7,121.41,123.14,19431100,4.644276804707886,3.8105967069108555,0.8336800977970302,110.26916666666666,104.89846153846155,110.60378036967515,105.95950356496726,0.38643888226724943,0.7769831810356242,-0.3905442987683748,0.5712560248518206,25.870961933909214,-0.17949999999999022,163.26620006335605,146.04839899135092,17.21780107200513,117.03999999999999,110.89500000000001,113.9675,104.39,96.87525053500474,47.56075129386077,68.21579021916759,14.87858117679525,251.68209284034194,92.9925,95.46000000000001,100.0,8.0,92.0,111.75372330699926,88.19725011977818,0.0,0.0,34346.433647989936,4223.809999999998,5.186858896165947,229.9132711094237,-85017101.29226945,-7796226.410646458,61.923216950651806,111.37858576031066,72.89934588090887,61.5114854577372,106.99949999999998,117.44192591546624,96.55707408453372,19.518644321639375,1.1899977130149733,1.0,0.0,112.90899999999999,109.907,115.91100000000002,-5.317556616390207,-0.9158894070619527,1.0,0.0,101.02,123.14,112.08,20.67299379903645,0.9217902350813741,5.300040580181434,1.927098590446666,77.91950179741272,0.8831281776304022,0.6250251458124395,0.509735231299436,39.291430792909495,34.5077059547075,90.12557077625567,83.92004446986637,-9.874429223744317,10.719617647058811,16.315386089289138,4.383067727247633,3.683871597246505,0.6991961300011282,4.763808027959731,3.844627300107903,0.9191807278518276,109.9862919441408
132.59,2021-11-16,133.21,129.39,130.09,5559700,5.7988721116215345,4.2082517878529915,1.590620323768543,112.14999999999999,106.09038461538461,113.49396800510974,107.6950958934882,0.35516313881417383,0.8008420067828322,-0.4456788679686584,0.6185154647214951,26.323077091857083,-0.6910000000000167,175.42559300908337,150.5044323936924,24.92116061539096,120.515,114.37,117.4425,107.86500000000001,98.24244209375361,49.29449962750933,70.82067355321409,11.608870944039658,278.32348391261286,95.5325,95.46000000000001,100.0,4.0,96.0,114.0309786455994,88.19725011977818,0.0,0.0,34346.433647989936,4356.399999999998,3.352013014492761,348.2211180937916,-9953691.831963236,-8508243.459114417,70.63805263140296,113.45092509221999,79.92213212005478,61.5114854577372,108.49100000000001,122.25121932964736,94.73078067035267,25.36656373274712,1.259399232647827,1.0,0.0,114.86399999999999,111.928,117.8,-5.112132608998468,-1.9737738419618511,1.0,0.0,102.39,130.09,116.24000000000001,25.53207178475634,0.9747292418772557,5.950036522163291,1.9076816335414923,82.80098292920195,1.0,0.8113018695068736,0.6372554319895217,45.064589221731104,38.49641774546889,96.92982456140344,91.4890533478471,-3.0701754385965665,13.720294117647072,21.129002059539406,5.384527553006398,4.024002788398484,1.3605247646079146,5.754114120461089,4.226524664178541,1.5275894562825476,112.9861271496252
131.57,2021-11-17,132.6,129.88,132.58,3673300,6.676473880723435,4.70189620642708,1.9745776742963548,113.99,107.32192307692307,116.01489600432362,109.33842212360018,0.3582373203468345,0.8211188977313216,-0.46288157738448715,0.678386577589613,26.522801166898123,0.05750000000001876,187.51734659040517,156.33286508033402,31.18448151007115,121.76,115.61500000000001,118.6875,109.11000000000001,99.1212210468768,51.05750537372085,71.39965791954427,10.67996209480674,233.75313884606823,95.5325,95.46000000000001,100.0,0.0,100.0,117.24278291647953,88.19725011977818,0.0,0.0,34346.433647989936,4487.9699999999975,19.153454401178287,307.685144080393,-14288.971650059173,-8424033.19550425,71.13630829258234,115.46619722671224,80.56932078124795,61.74442948644337,109.98249999999999,126.03532264899226,93.92967735100771,29.19159438818408,1.119750819998285,1.0,0.0,116.76433333333333,114.23133333333332,119.29733333333331,-4.338653641380207,-2.088959073562319,1.0,0.0,102.72,132.58,117.65,27.149773827654418,0.9095780308104482,5.676032869946963,1.9076816335414923,83.04879429033953,1.0,0.9610427258768007,0.7991232470653712,49.2264456689532,38.959331552312555,88.82912701696311,91.96150745154073,-11.170872983036885,16.867852941176466,20.482374768089056,6.106246780455733,4.440451586809934,1.665795193645799,6.358846505407059,4.652989032424245,1.7058574729828138,115.57426719102828
134.25,2021-11-18,134.48,129.44,132.26,4367200,7.252868726820665,5.212090710505798,2.040778016314867,115.60666666666667,108.56307692307692,118.08029661904305,110.82742789222239,0.35795186408683327,0.7951864086833407,-0.4372345445965074,0.741148226397251,26.608360048928336,-0.6444999999999794,203.69762703776675,163.65799113703326,40.03963590073349,121.76,115.86500000000001,118.8125,109.11000000000001,99.5606105234384,52.69458213806012,67.08655739149745,10.03480844151421,184.227630416636,95.3925,95.46000000000001,96.0,0.0,96.0,120.31022633318362,88.19725011977818,0.0,0.0,34346.433647989936,4353.7199999999975,19.039039300274414,255.29155206890835,-1289832.4022346146,-8368958.651321941,70.68150385771939,117.34971045223558,81.18978487485217,61.74442948644337,111.40449999999998,128.9882020846009,93.82079791539907,31.56731026951501,1.012847064663213,1.0,0.0,118.86999999999998,116.45700000000002,121.28299999999999,-4.059897366871343,-1.6902196435971963,1.0,0.0,103.28,132.58,117.93,26.300553388776947,0.892832764505119,5.568429582952266,1.909829031314498,81.90753915823439,0.9585110411807858,0.9861703470602619,0.9195049808146454,51.89631930735391,34.18485407395236,85.48983364140474,90.41626173992375,-14.510166358595253,19.96461764705883,17.629952744456553,6.544290402438957,4.861219349935739,1.6830710525032178,6.912360543644012,5.104863334668199,1.8074972089758132,120.84494082505935
134.96,2021-11-19,135.59,133.21,133.67,4433000,7.922547096534203,5.754181987711479,2.168365108822724,117.4775,109.9673076923077,120.40794329303642,112.48539619650222,0.3631022326674499,0.7665099882491183,-0.4034077555816684,0.8081485502850075,26.791849360942294,-9.505499999999984,218.13188098850168,172.25972298017155,45.87215800833013,122.965,116.74499999999999,119.85499999999999,109.655,99.7803052617192,54.30319632844206,63.588397748473604,8.994808177981183,160.68771220111216,95.3925,95.46000000000001,100.0,0.0,100.0,122.7641810665469,88.19725011977818,0.0,0.0,34346.433647989936,4488.679999999998,18.798103747449744,291.50693034477877,-1792531.1203319721,-7740292.904848209,74.61227641643386,119.23179018202052,81.75572578143488,61.74442948644337,112.95549999999999,132.389458397609,93.52154160239098,34.40993736048091,1.0211110260092964,1.0,0.0,121.27366666666667,118.90866666666666,123.63866666666668,-3.9002696380912742,-2.0235377026074612,1.0,0.0,105.35,133.67,119.50999999999999,25.071820318621047,0.9837570621468934,5.6265866246570395,1.909829031314498,83.9435176058114,1.0,0.9861703470602619,0.9777944733324415,54.85257085781663,37.29404343133397,97.97624285085799,90.76506783640859,-2.0237571491420137,22.928617647058815,20.269050198627664,7.043178371967683,5.297611154342128,1.7455672176255543,7.287511250049946,5.541392917744549,1.7461183323053975,125.4928904857416
132.56,2021-11-22,135.43,132.29,135.0,5962000,8.28354813153446,6.260055216476075,2.0234929150583847,119.88083333333333,111.25500000000001,122.23595201718466,113.9524038856502,0.3566416348639665,0.7541548688908037,-0.39751323402683725,0.8708754847181036,26.656907844275295,-5.379999999999981,230.6427051144932,181.80950990222476,48.833195212268436,123.775,118.00999999999999,120.8925,110.32,99.8901526308596,55.87855573983867,64.07156984883483,8.589139598604264,131.80374368103057,95.7175,95.46000000000001,100.0,4.0,96.0,124.94534485323751,88.19725011977818,0.0,0.0,34346.433647989936,4356.119999999997,19.28944792241544,232.44091172409583,-189763.12613156866,-7364669.147131068,73.69676556889988,120.93196437782744,82.23842916511978,61.31799847430067,114.41999999999999,135.01227719316142,93.82772280683855,35.99419191253529,0.9339005305817881,0.0,0.0,123.74733333333333,121.50633333333334,125.98833333333332,-3.6218962294136743,-1.4059943477614274,1.0,0.0,105.62,135.0,120.31,25.67732913826254,0.9077603812117083,5.2859279621913355,1.9187279828894386,81.53230009015398,0.9151044478048871,0.957871829661891,0.9767375079274716,56.320860250422335,35.71090972727844,88.73649210307562,90.73418953177945,-11.263507896924388,23.416441176470613,27.878202029966154,7.269305296838578,5.691949982841419,1.5773553139971588,7.323540768055762,5.897822487806791,1.4257182802489705,127.98365685735683
144.71,2021-11-23,149.24,132.94,133.14,8999200,8.523836143212336,6.712811401823327,1.8110247413890086,121.8725,112.58230769230771,123.88272862992548,115.35889248671315,0.3132360886007565,0.7556996218260398,-0.44246353322528326,0.9267814297345445,27.50519886645795,-7.576000000000008,240.61692781571438,191.9367199360029,48.680207879711475,124.465,118.00999999999999,121.2375,110.32,99.9450763154298,57.34138947899266,62.62715245769952,8.395507654820406,134.73234415141835,95.7175,95.46000000000001,96.0,0.0,96.0,126.95627588259,88.19725011977818,0.0,0.0,34346.433647989936,4500.829999999997,18.706559671199024,212.6724243349394,-66476055.55939467,-11692834.34861717,74.40779058968755,122.9505032120122,82.84973057916228,61.31799847430067,115.876,137.36293128392222,94.38906871607779,37.086076985609125,0.8970785724243526,0.0,0.0,126.468,122.751,130.185,-5.878166808995159,-0.3705945655098193,1.0,0.0,105.62,135.0,120.31,25.354689495667778,0.9298842750170183,6.452335165972204,1.9194925153255635,81.92728707764809,0.9290113799648643,0.9480386092565838,0.964026928659579,57.5996636422498,28.35505906437357,91.43807148794679,92.71693548062679,-8.561928512053209,24.029588235294113,21.918561995597937,7.388971894120861,6.031354365097307,1.3576175290235533,8.021840541987851,6.322626098643003,1.6992144433448484,129.77697744244304
146.61,2021-11-24,149.37,143.5,146.27,3758500,9.457351409988874,7.261719403456437,2.1956320065324366,124.80583333333334,114.27230769230769,126.90077037916771,117.44341896917884,0.2843583535108959,0.787409200968523,-0.5030508474576271,0.9928451989150596,27.95085194344211,-7.3929999999999865,258.7353165631778,203.69018386033684,55.04513270284093,130.66,124.33000000000001,127.495,115.95500000000001,99.9725381577149,59.2832879599503,72.51892460542064,6.080460959750977,155.10625593437672,96.54750000000001,95.46000000000001,100.0,0.0,100.0,128.565020706072,88.19725011977818,0.0,0.0,34346.433647989936,4647.439999999997,17.290233375928988,403.4623065728053,-14018825.455289539,-12437619.122343952,86.05365789824782,125.64104738211402,89.02078119689526,61.31799847430067,117.91299999999998,141.64698247239585,94.17901752760412,40.2567697749966,1.0390372228883065,1.0,0.0,129.94066666666666,126.02366666666667,133.8576666666667,-6.028905500459198,-1.2308314186026665,1.0,0.0,107.29,146.27,126.78,33.058271776648894,0.9289379168804512,7.450101649374983,0.757072747692109,86.84856891991528,1.0,0.9480386092565838,0.9513163493916862,60.78389953598378,35.750375532457845,92.15963770166994,90.77806709756409,-7.840362298330057,25.627647058823513,32.50230840258542,8.05268740726188,6.435620973530222,1.617066433731658,8.556328816560663,6.769366642226535,1.7869621743341284,135.0557840323485
141.11,2021-11-26,145.31,140.25,143.53,2694000,9.821702671309666,7.773716057027084,2.047986614282582,127.28333333333335,115.81846153846155,128.95449801314192,119.13279534183225,0.29146404552509053,0.8385928608380755,-0.547128815312985,1.0536218388784855,28.14744608973887,-8.746500000000012,278.0331315506447,217.34074763701588,60.692383913628845,138.985,124.495,131.74,115.95500000000001,99.98626907885745,59.726272442560585,72.47049066716873,15.115042400431914,117.99823315075277,96.54750000000001,95.46000000000001,96.0,0.0,96.0,132.1060165648576,88.19725011977818,0.0,0.0,34346.433647989936,4506.329999999997,17.263590455627835,280.30947706240454,4288852.668131255,-12773350.42526964,82.85778681810844,127.96868449610669,85.8805710650936,59.929263317217206,119.7065,144.47735487018954,94.93564512981047,41.38598132965134,0.9146707916956683,0.0,0.0,133.038,129.22,136.856,-5.739713465325693,-0.44447354635935143,1.0,0.0,108.41,146.27,127.34,31.62735523969042,0.8409931325937663,6.886091484437484,0.8759510840018255,79.65913646102891,0.7007634885989422,0.8765916228546021,0.9242229471225899,60.59032277234196,25.159532638339673,82.96065666572315,88.85278861844661,-17.039343334276843,26.500588235294117,26.900108577633013,8.244331582355539,6.797363095295286,1.4469684870602526,8.513583512709063,7.118210016323041,1.3953734963860223,136.47139675727695
141.35,2021-11-29,143.8,140.4,142.37,2081700,10.007200637628685,8.220412973147404,1.786787664481281,129.73666666666665,117.33384615384615,130.71534447265856,120.70814383502987,0.29013224821973543,0.8122075279755848,-0.5220752797558494,1.105485874837726,28.24421117076658,-10.30550000000001,291.98496758288337,231.64283291696336,60.342134665920014,139.435,124.775,132.10500000000002,115.95500000000001,99.99313453942872,59.66842684519734,68.96517172249075,17.829088571571546,101.13061912268321,96.6625,95.46000000000001,92.0,0.0,92.0,134.9388132518861,88.19725011977818,0.0,0.0,34346.433647989936,4647.679999999998,17.179385786405643,243.2941946249183,1350583.6575875487,-12736706.272298742,83.00896328869669,130.19791105953868,82.9854850039347,59.929263317217206,121.38550000000001,146.9736007306129,95.79739926938711,42.16006150753244,0.8715496550561015,0.0,0.0,135.84966666666668,131.98166666666665,139.71766666666664,-5.6945299828977545,-0.08820234401930735,1.0,0.0,110.94,146.27,128.60500000000002,29.10561805157948,0.8338522502122842,6.552482335993737,0.8650328510190074,79.74248742752636,0.6600066367808937,0.7869233751266119,0.8705178690792659,60.47429551867083,24.694759374750014,82.7403704792708,85.95355494888794,-17.25962952072921,26.902029411764715,26.532083633741898,8.290410505612103,7.09597257735865,1.1944379282534525,8.384134888819139,7.37139499082226,1.0127398979968785,137.51276556769602
133.83,2021-11-30,138.77,133.0,137.59,7015300,9.448178239301669,8.465966026378258,0.982212212923411,131.5633333333333,118.51884615384614,131.0668299384034,121.61865169910173,0.357282552753474,0.8281008749356663,-0.47081832218219233,1.1327918644106907,28.131874169748293,-9.595500000000001,294.4911512747514,244.8723393909265,49.61881188382492,139.435,125.81,132.6225,115.95500000000001,99.99656726971436,58.19984174845625,66.30947572345487,29.025607047873585,63.63702053960715,97.26750000000001,95.46000000000001,88.0,0.0,88.0,137.20505060150887,88.19725011977818,0.0,0.0,34346.433647989936,4513.849999999998,17.438831044689522,67.06045253564415,4324815.063887047,-12299913.5248204,75.95524533997873,131.79758297348434,75.8730480436513,56.77059844152342,122.6455,147.91339779542398,97.37760220457604,41.204769511191145,0.7048943699992961,0.0,0.0,136.95333333333332,133.82333333333332,140.08333333333331,-4.57090006328189,1.1315228966986142,0.0,1.0,110.94,146.27,128.60500000000002,28.806601139055253,0.6243985281630341,6.178234102394364,2.137564588550219,65.48593729037313,0.0,0.4535900417932786,0.7057016799248309,55.06407896983028,16.198255831490506,60.6465005931198,75.44917591270456,-39.3534994068802,26.337088235294104,19.73352538710839,7.768691814375256,7.230516424761972,0.5381753896132837,7.72967427891758,7.443050848441325,0.28662343047625516,137.20653218991404
132.6,2021-12-01,137.74,132.5,135.9,3104300,8.862640141019227,8.545300849306452,0.3173392917127753,133.18416666666664,119.65346153846153,131.2873176401875,122.42467749916827,0.3682155017023833,0.7908071299819747,-0.42259162827959135,1.139219244783439,28.091987863226752,-2.3584999999999923,290.3831681848252,256.30187512363983,34.08129306118536,140.375,125.94500000000001,133.16,115.95500000000001,49.99828363485718,56.570341196045376,61.75326757172682,29.471655473626225,52.48756113008648,97.73750000000001,95.46000000000001,84.0,4.0,80.0,137.20505060150887,146.27,0.0,1.0,34346.433647989936,4381.249999999997,17.492889238645173,48.00895931626642,1887179.48717949,-12136254.314771654,75.45674909937722,133.26024987066089,69.17219016607285,56.55717513911168,123.76849999999999,148.68966873262548,98.8473312673745,40.270616081839066,0.6751823940056468,0.0,0.0,137.4016666666667,134.39966666666666,140.40366666666665,-4.369670430974871,1.316400177659338,0.0,1.0,110.94,146.27,128.60500000000002,28.545227582139248,0.6102462496461929,6.034410692154928,2.960797715389013,64.6449637507474,0.0,0.2200022122602979,0.4868385430600628,50.701450062157164,10.70715720709413,57.421150278293105,66.93600711689454,-42.57884972170689,24.324411764705886,17.204776647501106,7.239259536607265,7.2322650471310315,0.00699448947623349,7.0551387186948045,7.365468422492021,-0.31032970379721636,137.12565390019236
134.83,2021-12-02,137.74,133.29,133.99,3396100,8.365906415686595,8.509421962582481,-0.14351554689588575,134.17416666666668,120.78692307692307,131.59542261862018,123.22951620293358,0.3831391363947909,0.7669636737491432,-0.3838245373543523,1.1305305145766382,28.242342167644267,4.494999999999976,288.51993350501743,265.72657584222327,22.793357662794165,140.85000000000002,125.94500000000001,133.3975,115.95500000000001,24.99914181742859,55.05723354023528,59.49146055154571,28.392211423654583,45.79550329204987,98.8775,95.5,80.0,0.0,80.0,137.20505060150887,146.0994,0.0,0.0,34346.433647989936,4516.079999999997,17.354229493249974,56.36706512822821,2656122.5246606786,-11851591.901651284,76.26064117484891,134.66406255752375,62.66024384520683,56.55717513911168,124.89500000000001,149.3955350961972,100.39446490380283,39.233812556462915,0.6713227888092738,0.0,0.0,137.7336666666667,134.35866666666666,141.1086666666667,-4.900762582859209,1.1583209876543212,0.0,1.0,110.94,146.27,128.60500000000002,28.287761719844678,0.6326068497028018,5.954969622939436,3.518842145723049,65.40099485798808,0.03404992574316349,0.011349975247721163,0.2283140764337659,47.526876529142875,12.489470579326008,58.42408712363866,58.83057933168384,-41.57591287636135,20.825176470588232,9.785025945144548,6.78888197687125,7.143588433079076,-0.35470645620782637,6.580040135925527,7.2083827651787225,-0.6283426292531953,137.05393518450566
137.04,2021-12-03,137.31,134.07,135.12,2204100,7.943611828423883,8.396259935750763,-0.45264810732687977,134.56416666666667,121.99115384615385,131.97612683114016,124.03251500271628,0.40673321589352124,0.761009982384028,-0.3542767664905067,1.1112152266769133,28.144122535871375,3.4539999999999935,290.10465294409136,273.7235505039555,16.381102440135862,140.85000000000002,126.78,133.815,115.95500000000001,12.499570908714295,53.804127030429775,59.595755805203474,27.08031709312445,44.500320106318505,99.08,95.535,76.0,0.0,76.0,137.20505060150887,145.932212,0.0,0.0,34346.433647989936,4653.119999999997,16.985496518512797,63.5847986813385,-559325.7443082215,-11771704.435866239,77.06258580685432,135.94494830225878,63.4767291801539,56.55717513911168,126.426,149.13632575724068,103.71567424275933,35.92666976292958,0.6682934908488238,0.0,0.0,138.07766666666666,134.70566666666664,141.4496666666667,-4.884207680218662,1.0942566231712108,0.0,1.0,110.94,146.27,128.60500000000002,27.945201145334035,0.654684404189074,5.761472660645493,3.932785037536766,66.1701962325623,0.06869301044556769,0.034247645396243726,0.08853327763475427,45.21726114505743,13.304780831967003,16.266300617707625,44.03717933987978,-83.73369938229239,18.113147058823543,3.616971945281712,6.404459208337363,6.995762588130734,-0.5913033797933718,6.263578666501857,7.01942194544335,-0.7558432789414926,136.97618343452643
137.81,2021-12-06,140.2,136.52,138.01,2004300,7.71767035033001,8.260542018666612,-0.5428716683366019,135.1175,123.22730769230769,132.67518424173397,124.95751389140396,0.3811064019629711,0.7278608074949807,-0.34675440553200965,1.0876256790629322,28.037860866927726,1.6400000000000006,289.25313887565284,280.2358209218621,9.017317953790723,141.79000000000002,127.34,134.565,115.95500000000001,31.251377616506456,53.01154836484741,60.92674276537803,24.4598253148455,58.478714353972244,99.38,95.535,72.0,0.0,72.0,137.20505060150887,145.58732351999998,0.0,0.0,34346.433647989936,4790.929999999998,16.87205371886486,102.73475601257618,-4592627.530658126,-6027099.167179713,79.58093070131247,136.82045345248162,63.87296200642823,56.55717513911168,127.8,149.4363250114244,106.16367498857561,33.859663554654766,0.7015129647801943,0.0,0.0,138.48633333333333,135.08733333333333,141.88533333333334,-4.908787630066987,0.7892517407080499,1.0,1.0,110.94,146.27,128.60500000000002,27.644757433489836,0.7240305689215965,5.798325394580944,4.1420729350351255,68.53634363254366,0.1752589208891118,0.09266728569261433,0.04608830211219308,43.97244363846985,-2.498951740835391,28.675932699341708,34.45544014689598,-71.3240673006583,16.170088235294116,5.1124114567293,6.1762355139660965,6.8318571732978075,-0.655621659331711,5.987545905743805,6.813046737503441,-0.8255008317596362,136.9676056744863
137.98,2021-12-07,139.17,137.18,138.26,1757800,7.505349587147293,8.109503532362748,-0.6041539452154545,135.76250000000002,124.395,133.36823281992875,125.86288323278146,0.42851819649732964,0.6999130542789714,-0.2713948577816418,1.061014214134734,27.503112075374286,3.966000000000008,287.2948866969286,285.4222607975525,1.8726258993760894,141.79000000000002,128.60500000000002,135.19750000000002,115.95500000000001,53.12807705147423,51.960411910473745,58.24613141798507,25.988096441699167,55.62284668389309,100.22999999999999,96.38499999999999,68.0,20.0,48.0,137.20505060150887,145.25623057919998,0.0,0.0,34346.433647989936,4928.909999999997,16.782911745846857,101.06790515363667,257211.19002753965,-5297748.951323229,80.24798900778772,137.3285939763656,56.87993993867964,56.55717513911168,129.244,149.2773945201503,109.2106054798497,31.00088904730633,0.698069278574275,0.0,0.0,138.8826666666667,135.43566666666666,142.3296666666667,-4.963902382826775,0.7469780485446279,1.0,1.0,112.26,146.27,129.26500000000001,26.314567794249637,0.7327256689209055,5.483492855122847,4.306071848444268,69.16207792746498,0.20344057383032946,0.149130835055003,0.092015255381287,43.14090295619708,3.6212038971941647,33.5040234089247,26.148752241991332,-66.49597659107529,15.16738235294116,5.979604449938202,5.96311588799874,6.658108916237994,-0.6949930282392547,5.710594411926911,6.592556272388136,-0.8819618604612254,136.973948484717
138.63,2021-12-08,139.14,135.66,138.6,3210100,7.132216800184821,7.914046185927163,-0.7818293857423422,135.96666666666667,125.46653846153846,133.72081238609357,126.58859558590875,0.4345193035579109,0.6903860711582136,-0.2558667676003027,1.0287152841074514,26.808769421123966,1.7889999999999873,280.0198461643929,287.78720853102084,-7.767362366627935,140.42000000000002,128.60500000000002,134.51250000000002,116.77000000000001,26.564038525737114,51.03227389711761,56.96910941331519,25.020604259609225,48.65238859011859,101.495,96.9,64.0,16.0,48.0,137.20505060150887,144.93838135603198,0.0,0.0,34346.433647989936,4790.279999999997,17.162414307158613,56.527118703116955,-60376.5418740528,-5301040.920624943,78.71192252579324,137.74744579337957,49.97636326141732,56.55717513911168,130.501,148.7529060922411,112.24909390775892,27.972055527913327,0.6413277050059196,0.0,0.0,138.81866666666667,136.92766666666665,140.70966666666666,-2.7244174654705495,1.3351842058875338,0.0,1.0,112.55,146.27,129.41,25.83888246067081,0.6853499406880187,5.13114356961056,4.546902133479011,65.91103121114244,0.05702080588935718,0.1452401002029328,0.12901274031685003,41.506284430093395,-0.9031015917997055,10.008481764206996,24.062812624157786,-89.99151823579301,14.473852941176474,1.8392012611665702,5.63417009816226,6.453321152622848,-0.8191510544605878,5.464687982152923,6.366982614341095,-0.9022946321881715,136.95410669431072
138.44,2021-12-09,140.3,137.26,138.31,1836400,6.886232801280471,7.708483508997825,-0.8222507077173544,136.38083333333333,126.51346153846154,134.26530278823302,127.37906998695254,0.4404791929382092,0.6875157629255995,-0.24703656998739026,0.9946343425568737,26.130582947694784,1.1239999999999952,266.6619806608559,286.5237473210443,-19.861766660188437,139.84,128.60500000000002,134.22250000000003,116.89000000000001,13.282019262868557,50.170431456144065,53.00341657990284,23.278887879946325,53.45590738849181,102.6125,97.875,60.0,12.0,48.0,137.20505060150887,144.6332461017907,0.0,0.0,34346.433647989936,4928.719999999997,17.01843912436085,80.09524460267156,-625288.9338341785,-5253573.530024913,80.34471037777615,138.2053064832735,50.25018965256592,57.22422128552609,131.816,147.90891322290614,115.72308677709387,24.41723800283142,0.6691427749778447,0.0,0.0,138.043,136.26299999999998,139.823,-2.5789065725897222,0.7199438202247176,1.0,1.0,113.93,146.27,130.10000000000002,24.534199186745163,0.721397649969078,5.0820292126495055,4.692201429035268,67.63561241672296,0.13469203055945211,0.1317178034263796,0.14202957956143844,40.601629668635816,14.482844068118892,16.88191881918804,20.131474664106566,-83.11808118081196,14.063176470588246,3.756897724695744,5.406094425077706,6.24387580711382,-0.8377813820361144,5.196469558291531,6.132880003131182,-0.9364104448396509,136.9749827370555
141.55,2021-12-10,142.16,138.81,138.81,5399300,6.738681431184119,7.514523093435084,-0.775841662250965,136.87,127.59230769230768,134.9644869746587,128.2258055434746,0.45624599615631,0.7051889814221656,-0.24894298526585557,0.9613461705784685,25.64838158632645,10.297500000000014,255.49205837734172,282.4689796315397,-26.976921254197975,138.06,128.60500000000002,133.3325,121.97,6.641009631434279,49.449513627780405,52.13198422467872,22.301031441074727,66.46469672798953,106.04750000000001,98.63,56.00000000000001,8.0,48.00000000000001,137.20505060150887,144.34031625771905,0.0,0.0,34346.433647989936,5070.269999999997,16.850983679463678,99.99628108800442,-2792652.772871754,-5325010.790920611,81.94315493554973,138.61275495732446,50.565009170006824,57.22422128552609,133.2025,146.43424950639508,119.9707504936049,19.86711886998381,0.7118956377344444,0.0,0.0,137.7326666666667,135.79566666666668,139.66966666666667,-2.812695124371363,0.22190672861813895,1.0,1.0,115.05,146.27,130.66,23.437998536063525,0.7610506085842407,5.063826291384555,4.772812113346069,69.25815503167581,0.2077676686187131,0.1331601683558408,0.13670602399505105,40.285214156291936,17.710883048151466,31.18081180811803,19.357070797171005,-68.81918819188198,13.809823529411759,4.415525801113287,5.25532392065916,6.046165429822889,-0.7908415091637284,5.107181451416438,5.927740292788234,-0.8205588413717955,136.99897697714187
140.88,2021-12-13,141.66,138.12,140.04,4084000,6.491241680468363,7.309866810841741,-0.8186251303733778,136.42166666666665,128.92576923076925,135.44995051701892,128.95870883655056,0.47203863751906455,0.7133960345704118,-0.24135739705134723,0.9268531259482081,25.269506645611326,5.794000000000011,243.45729850505836,276.7985515460183,-33.34125304095994,138.675,128.60500000000002,133.64000000000001,121.97,3.3205048157171393,48.9770193542361,53.7908046489268,21.52821046997181,60.411842795838496,107.28999999999999,99.35499999999999,52.0,4.0,48.0,137.20505060150887,144.0591036074103,0.0,0.0,34346.433647989936,4929.389999999997,16.717192924245264,71.82435521828957,-419718.9097103871,-5341436.204033383,81.24286533105438,139.00643190559575,50.91562221202419,56.93976978572771,134.456,144.06879647137012,124.84320352862984,14.298798820982537,0.6905792976535258,0.0,0.0,137.5076666666667,135.55166666666668,139.46366666666668,-2.8449322825636427,0.34347307430129753,1.0,1.0,131.7,146.27,138.985,10.836258701731438,0.4406314344543587,4.842443662246099,4.873362598419074,67.63265409085597,0.13455879427442274,0.159006164484196,0.14129471208880548,39.57706145734542,15.52890134872676,9.040178571428589,19.03430306624487,-90.95982142857142,13.08499999999998,-3.749128919860624,5.0335814766071545,5.843648639179743,-0.8100671625725884,4.936466800766201,5.729485594383828,-0.7930187936176267,137.02127782818422
139.24,2021-12-14,141.99,138.56,140.99,2094400,6.258504078848119,7.0995942644430166,-0.8410901855948971,136.28083333333333,130.06115384615384,135.9284196682468,129.66991558939867,0.5414634146341458,0.6682926829268295,-0.1268292682926837,0.8918608047980402,24.966772469740956,5.086500000000001,234.95683181434646,270.6400697270762,-35.68323791272974,139.15,128.60500000000002,133.8775,121.97,1.6602524078585696,48.68877854111338,52.13347236084945,19.803714901508304,65.1371991251123,107.3575,99.35499999999999,48.0,0.0,48.0,137.20505060150887,143.78913946311388,0.0,0.0,34346.433647989936,5068.6299999999965,16.886905919578332,70.31596161567673,-459638.03504741075,-625977.8094371508,81.68643324301499,139.15669160787547,50.830509926963586,57.12115914791798,135.3135,142.9811965902405,127.6458034097595,11.333232220348306,0.7116998215691119,0.0,0.0,137.91366666666667,135.97566666666665,139.85166666666666,-2.810453882984769,0.33324733402132495,1.0,1.0,132.6,146.27,139.435,10.102465755449394,0.4359912216532554,4.7451992960214895,4.959155070792746,68.14606799367556,0.15768179159435908,0.16666941816249828,0.15294525033417836,39.11789513969106,15.318727520224659,13.950892857142845,18.057294412229805,-86.04910714285715,12.584558823529392,-1.2049910873440268,4.826488897136131,5.6402166907710205,-0.8137277936348895,4.64919200015895,5.513426875538853,-0.8642348753799025,137.23128063854293
140.05,2021-12-15,140.42,137.2,138.36,3334100,5.896347791779846,6.858944969910382,-0.9625971781305367,136.01416666666668,131.1726923076923,136.12404741159344,130.2276996198136,0.7089947089947085,0.5522241818538122,0.15677052714089634,0.8540292285900771,24.81576518402468,-2.7040000000000077,224.4447115661643,263.52060062275916,-39.07588905659486,139.15,129.26500000000001,134.2075,121.97,0.8301262039292848,47.78378202436041,52.13347236084945,24.522786766199474,19.881030019169682,107.3575,99.35499999999999,44.0,0.0,44.0,137.20505060150887,143.52997388458934,0.0,0.0,34346.433647989936,4928.579999999996,16.879556058205754,33.061109956294075,3088896.822563343,596002.3532666265,80.31180853169859,138.5735532946838,43.21526289074206,57.12115914791798,135.704,142.90662563236393,128.5013743676361,10.615200189182218,0.6038510174177267,0.0,0.0,138.24166666666665,136.28166666666667,140.20166666666665,-2.8356139610585243,0.7657312925170089,1.0,1.0,132.6,146.27,139.435,10.073395036255391,0.3365032918800285,4.456679366419339,4.99642607453348,64.72842652325687,0.005528242531445682,0.09925627613340915,0.14164395292670115,37.813625181579994,2.370847970812281,-1.768488745980927,7.074194227530152,-101.76848874598093,11.692529411764696,-2.2792022792022912,4.527721682094999,5.4177176890358165,-0.8899960069408177,4.417162415628673,5.294173983556817,-0.877011567928144,137.2283984449177
138.09,2021-12-16,141.05,137.25,141.05,2758200,5.549400868387011,6.597036149605708,-1.0476352812186978,136.36833333333334,132.20076923076923,136.29727088673292,130.7478700183459,0.5835688713020536,0.5635952515545508,0.01997361974750278,0.8143465490545506,24.625974984396958,-3.5725000000000193,208.84652826188105,254.49192010251352,-45.64539184063247,140.095,129.41,134.7525,121.97,0.4150631019646424,47.40959829459513,54.09894367857726,21.805316803524597,41.12323984741147,107.775,99.35499999999999,40.0,0.0,40.0,137.20505060150887,143.28117492920578,0.0,0.0,34346.433647989936,5066.669999999996,3.9515726329885,29.324451391109434,0.0,289655.734114394,80.36213287572191,138.33457079227736,50.57875214527251,57.14197589687859,136.07250000000002,142.78285580278614,129.3621441972139,9.862912495597751,0.5877375235088939,0.0,0.0,138.7193333333333,137.13433333333336,140.30433333333332,-2.285189759658562,0.9635120925341821,1.0,1.0,134.48,146.27,140.375,8.664498704734621,0.23494486853265525,4.396011429777407,4.995742239112762,64.79832453344602,0.010158009086914464,0.05778934773757308,0.10790501401116016,36.73823269766337,2.2768034466135134,-1.1857707509881867,3.6655444533912274,-101.18577075098818,11.011676470588213,3.195488721804511,4.244352789539398,5.183044709136533,-0.9386919195971348,4.070770120377127,5.049493210920879,-0.9787230905437516,137.2300840009566
136.32,2021-12-17,138.68,135.8,138.17,6217000,5.098665804550592,6.297362080594685,-1.1986962760440933,136.64333333333335,133.15615384615384,136.2207676733894,131.1221018688388,0.6066732090284596,0.628263002944063,-0.02158979391560345,0.7712570285965699,24.320271965067157,-3.100500000000011,192.76764082702192,243.77130920822123,-51.003668381199304,139.865,130.10000000000002,134.98250000000002,121.97,0.2075315509823212,46.163669487868404,52.59896894756212,28.343320796031918,-28.130684927454546,108.055,99.35499999999999,36.0,0.0,36.0,137.20505060150887,143.04232793203755,0.0,0.0,34346.433647989936,4930.349999999997,4.283798348868839,-3.1024702361916887,982064.2605634229,263332.9200412422,78.92195801233395,137.9963146871168,50.83505877108198,56.53829017702086,136.3905,142.37725362780074,130.40374637219927,8.778842555457658,0.4506827876415457,0.0,0.0,138.92433333333332,137.50733333333332,140.34133333333332,-2.03995940236052,1.602446483180419,0.0,1.0,135.43,146.27,140.85000000000002,7.9477676231115835,0.034132841328413696,4.099410286799667,4.9959945307661195,61.02167418540077,0.0,0.005228750539453382,0.05409145813681187,34.808183489880484,1.464608802633604,-40.3743315508018,-14.442863682590321,-140.3743315508018,9.698058823529408,2.490566037735858,3.888486938419259,4.924133154993079,-1.03564621657382,3.6505069133738557,4.7696959514114745,-1.1191890380376188,137.19659730122243
136.38,2021-12-20,136.65,132.4,134.38,3517300,4.416196272433183,5.921128918962386,-1.5049326465292028,136.56916666666666,133.97615384615386,135.63295726209873,131.21676098966554,0.5851493139628735,0.6039144471347859,-0.018765133171912418,0.7209668078903575,24.23863586849135,-2.280000000000001,173.67133368005528,231.1464699841242,-57.47513630406891,138.85000000000002,130.66,134.755,122.46000000000001,0.1037657754911606,44.30797115388912,52.59896894756212,34.93184357116987,-120.28202418342487,108.9325,99.35499999999999,32.0,0.0,32.0,137.20505060150887,142.81303481475604,0.0,0.0,34346.433647989936,4793.969999999997,4.344658303100718,-68.90097448816441,4843598.768147838,300388.89891701296,75.50743665740022,137.85458666694302,50.820082072437586,56.53829017702086,136.35,142.43246331678088,130.2675366832191,8.92183838178348,0.17529602775389155,0.0,0.0,138.54766666666666,137.12266666666667,139.97266666666667,-2.0570537697013984,2.657076023391817,0.0,1.0,135.43,146.27,140.85000000000002,7.950128346167953,-0.2795202952029521,3.8314692581197023,4.760133459161891,53.192923541510076,0.0,0.0033860030289714882,0.02213470043533265,30.796080220310568,-11.818499946850606,-96.59090909090897,-46.05033713089966,-196.59090909090898,7.892235294117654,-0.6677170080275988,3.3655732995733647,4.612421183909136,-1.2468478843357715,3.2834225116060956,4.472441263450399,-1.1890187518443036,136.8734630057332
136.48,2021-12-21,137.95,135.16,137.68,1077000,4.051341838182395,5.547171502806388,-1.4958296646239928,136.66,134.82653846153846,135.56019460639124,131.50885276820884,0.5392098471312293,0.6621004566210044,-0.12289060948977504,0.6711143258839498,23.594961185791913,0.026500000000027057,160.78030425448827,217.8976319941348,-57.11732773964653,138.85000000000002,138.985,138.91750000000002,122.46000000000001,0.0518828877455803,43.248615408661706,54.14151514473227,29.48958385342238,-54.10629537668595,109.45750000000001,99.88,28.000000000000004,0.0,28.000000000000004,137.20505060150887,142.44325272587068,0.0,0.0,34346.433647989936,4930.449999999996,4.656001072377225,-5.245863846998255,-455011.72332939436,133089.52673780703,78.35248801691684,137.9590188514021,57.68497402704896,56.53829017702086,136.49349999999998,142.3159128160055,130.67108718399447,8.531414046830818,0.38548561892294336,0.0,0.0,138.42033333333333,137.0593333333333,139.78133333333332,-1.9664740970136916,1.69777124663237,0.0,1.0,136.65,146.27,141.46,7.047954664507838,-0.15488565488565575,4.0033223323077305,4.353803375465742,57.913216232286096,0.29382039677831767,0.09794013225943922,0.035518295275954695,28.551358678135923,-6.04796225767108,-33.86363636363652,-56.94295900178245,-133.86363636363652,6.397970588235324,0.8130081300813033,3.0806609235068723,4.306069131828684,-1.2254082083218116,2.9644376237251095,4.1708405355053415,-1.206402911780232,136.8366427205778
136.52,2021-12-22,137.74,135.22,136.57,1188000,3.724104411482415,5.1825580845415935,-1.4584536730591786,136.55166666666665,135.3576923076923,135.50785697463874,131.78375256315633,0.5195975686438905,0.6617061412701737,-0.14210857262628318,0.6225311076876269,23.086422990028005,0.5724999999999909,150.811968507058,205.02540842149062,-54.21343991443263,138.85000000000002,139.435,139.1425,122.46000000000001,0.02594144387279015,42.19171749477532,51.81972617259631,28.86365466141603,-61.824503060993536,113.9675,104.39,24.0,4.0,20.0,137.20505060150887,142.09565756231845,0.0,0.0,34346.433647989936,5066.969999999997,4.779437665522572,-3.3262832974270307,565631.4093173209,-16231.267215289941,78.41309174583071,138.06248302254644,57.59141207511579,56.53829017702086,136.60750000000002,142.23310174559,130.98189825441003,8.236153572226984,0.3766798590846123,0.0,0.0,138.2913333333333,136.86733333333333,139.71533333333335,-2.059420450546441,1.5784176029962529,0.0,1.0,136.65,146.27,141.46,7.0420730926193675,-0.1486486486486493,3.860990099076959,3.9771154649767433,58.012346406573656,0.2999908758248376,0.1979370908677184,0.0997544087187097,26.746896314893505,-4.44733450095462,-32.500000000000114,-54.31818181818189,-132.5000000000001,5.259500000000003,-0.9522414298271399,2.8259207520272023,4.010039455868387,-1.1841187038411851,2.6832243929222135,3.8733173069887163,-1.1900929140665029,136.82514113267445
137.0,2021-12-23,137.47,135.98,136.52,1162300,3.485908656529631,4.843228198939202,-1.357319542409571,136.45166666666665,135.61115384615385,135.58049436315585,132.09458570662622,0.509142359599478,0.634523291249456,-0.125380931649978,0.5768785951003925,22.839383829342022,-0.5715000000000146,138.891367069848,192.06977605399132,-53.17840898414332,138.85000000000002,139.435,139.1425,122.46000000000001,0.012970721936395075,41.110836748887664,49.703377765977805,28.533073580194902,-51.09603497663128,117.4425,107.86500000000001,20.0,0.0,20.0,137.20505060150887,141.76891810857936,0.0,0.0,34346.433647989936,5203.969999999997,4.754062050556012,12.023185745062367,110948.90510948536,31645.49345740341,79.18309618304413,138.1444135229956,57.61568772674274,56.53829017702086,136.2315,140.8854586375456,131.5775413624544,6.83242662313136,0.47297999191794954,0.0,0.0,138.09466666666668,136.7746666666667,139.41466666666665,-1.911732048546377,1.3010101010101185,0.0,1.0,136.65,143.53,140.09,5.0502270032995265,-0.09738372093023494,3.699891089169263,3.6096806811397935,59.31940323862582,0.3813502283403784,0.32505383364784457,0.20697701892500073,25.568108464817325,-4.227358891294691,-15.22727272727307,-27.196969696969916,-115.22727272727307,3.7951176470588166,-0.8747630849978255,2.6389489303305855,3.735821350760827,-1.0968724204302416,2.4603727879092814,3.5907284031728297,-1.1303556152635483,136.81170708777535
138.47,2021-12-27,138.71,136.79,137.07,2194800,3.3241779806375007,4.539418155278862,-1.2152401746413615,136.54583333333332,135.87692307692308,135.76657215343957,132.44239417280207,0.542783262811472,0.6173013634226612,-0.07451810061118913,0.5352703693668452,22.706110979573324,1.2014999999999816,127.01797249844687,179.1320731643678,-52.11410066592093,138.85000000000002,140.375,139.6125,122.46000000000001,0.006485360968197538,40.22819926267009,49.730241954304454,27.518272213976086,-11.293412756471184,118.6875,109.11000000000001,16.0,0.0,16.0,137.20505060150887,141.4617830220646,0.0,0.0,34346.433647989936,5342.439999999997,4.585965315191521,26.32854492433922,-1060012.999205609,283975.1028468689,80.00792851132769,138.09295093567766,57.614346880562834,56.53829017702086,136.0585,140.3447957200811,131.77220427991892,6.3006658460604585,0.5853300901023862,0.0,0.0,137.85433333333333,136.70533333333333,139.00333333333333,-1.6669769781145811,0.9631563678561081,1.0,1.0,136.65,142.37,139.51,4.204073982882362,0.024475524475522096,3.6029019802523385,3.3898506959942094,60.722765762395305,0.4687042465273277,0.3833484502308479,0.3021131249154703,24.93325608990044,0.8368021064748791,3.1818181818178677,-14.84848484848512,-96.81818181818213,2.887235294117687,0.8329647648533065,2.509904778903599,3.490638036389382,-0.9807332574857828,2.3432323692768406,3.3412291963936323,-0.9979968271167916,136.81109609496696
139.29,2021-12-28,140.53,138.19,138.5,2278400,3.2712644541620364,4.2857874150554975,-1.0145229608934612,136.62333333333333,136.21346153846153,136.13940720675654,132.8681427525945,0.4895713958285587,0.6545954618381846,-0.16502406600962594,0.49922831904834536,22.717099318460217,2.8619999999999948,116.53951728326246,165.97459377202512,-49.43507648876266,138.85000000000002,140.85000000000002,139.85000000000002,122.71000000000001,0.003242680484098769,39.71942105966492,51.651504972887885,25.95848239421953,66.51223843718475,118.8125,109.11000000000001,12.0,4.0,8.0,137.20505060150887,141.1730760407407,0.0,0.0,34346.433647989936,5481.729999999997,4.462565852292034,50.425324220862294,-2368260.463780603,96441.41328914443,81.43351517701964,138.15557644330195,64.78680619571394,56.53829017702086,135.948,139.88022888448592,132.0157711155141,5.784901410077248,0.7850800482196632,0.0,0.0,137.76766666666666,136.57766666666666,138.95766666666665,-1.7275461344340561,0.3225490196078394,1.0,1.0,136.65,141.05,138.85000000000002,3.2365316150292798,0.34999999999999776,3.6166117822271056,3.18117134756053,63.09262944165292,0.6162193122584573,0.48875792904205445,0.39905340430691566,25.016995950008265,4.588277240364447,34.99999999999977,7.651515151514843,-65.00000000000023,2.8222352941176325,0.6775462625673954,2.462038218034894,3.2849180727184843,-0.8228798546835905,2.271990367918712,3.1273814306986485,-0.8553910627799364,136.81745169813917
140.3,2021-12-29,141.38,138.42,139.29,2391100,3.2108761988987737,4.070805171824153,-0.8599289729253794,136.59083333333334,136.41384615384615,136.4902676364863,133.27939143758752,0.49108337048595685,0.6812304948729376,-0.19014712438698078,0.4677872448705259,22.928384823487903,1.9010000000000105,107.21599448567494,152.94918076308187,-45.73318627740693,138.85000000000002,140.85000000000002,139.85000000000002,123.045,0.0016213402420493844,39.41451926356513,52.41346719110956,24.977687046602117,86.22851579517523,119.85499999999999,109.655,8.0,0.0,8.0,137.20505060150887,140.90169147829627,0.0,0.0,34346.433647989936,5622.029999999997,4.1192792754496415,47.83156361788176,-1221525.302922301,13502.216071412417,81.66702700855592,138.29250638212284,71.97603315923502,56.53829017702086,136.219,140.04688139836975,132.39111860163024,5.6201871961617025,0.7874958457356295,0.0,0.0,137.68599999999998,136.387,138.98499999999999,-1.8869020815478592,0.2174749807544269,1.0,1.0,136.65,141.05,138.85000000000002,3.2300927183432604,0.4022727272727226,3.573950604004395,2.8272646399376526,63.48245341334,0.6404843825704356,0.5751359804520735,0.48241411990832533,25.189788327168504,9.904810599990808,40.227272727272265,26.136363636363285,-59.772727272727735,2.4807941176470365,-0.2809595850443158,2.4091317976960998,3.1097608177140077,-0.7006290200179079,2.248182649486694,2.9515416744562577,-0.7033590249695636,136.82561708639062
141.27,2021-12-30,142.6,140.15,140.29,894700,3.264977979545563,3.909639733368435,-0.6446617538228723,136.76,136.71615384615384,137.0533033847192,133.78832540517362,0.5020270270270281,0.7245495495495489,-0.2225225225225208,0.4424335807533669,22.372820912125103,1.958500000000015,101.05794921047908,140.97267197959275,-39.914722769113666,138.47,141.46,139.965,123.64500000000001,0.0008106701210246922,39.341718561630515,52.4822058559527,23.361702538992652,132.2417804640605,120.8925,110.32,4.0,72.0,-68.0,137.20505060150887,140.64658998959848,0.0,0.0,34346.433647989936,5763.299999999997,3.9385630842036643,75.91235452961331,-1815035.0392864733,-71479.6486037515,83.4326468611784,138.4668624260152,72.0521108081221,56.53829017702086,136.6015,140.39515404326553,132.80784595673444,5.554337314400717,0.967688929924867,0.0,0.0,137.92133333333334,136.59733333333332,139.24533333333335,-1.919935035430843,-0.3416414904330243,1.0,0.0,136.65,141.05,138.85000000000002,3.221048085123521,0.7954545454545444,3.6345555436039563,2.577361517353944,66.36056165560618,0.8196357532822738,0.6921131493703889,0.5853356862881723,26.125698509017408,21.569594240606445,79.54545454545445,51.590909090908816,-20.454545454545556,2.472764705882355,1.4697364610483645,2.4404057451632513,2.9758898032038568,-0.5354840580406055,2.2590239564687797,2.813038130858762,-0.5540141743899825,136.9652405843556
140.52,2021-12-31,141.3,140.15,140.82,961300,3.2701576882626284,3.781743324347274,-0.5115856360846456,136.8925,136.99346153846153,137.52971824860856,134.25956056034593,0.5554735547355482,0.7215252152521524,-0.16605166051660425,0.4213111916154506,21.93840531231645,0.25549999999998363,95.26169899498963,130.1386784427003,-34.87697944771067,138.735,141.46,140.09750000000003,123.64500000000001,0.0004053350605123461,38.68070328591983,51.203982947344706,27.518386375929794,111.33908447967762,121.2375,110.32,0.0,68.0,-68.0,136.65,140.64658998959848,1.0,0.0,34346.433647989936,5903.819999999998,4.055878214356508,65.06773245395426,131511.52860802918,137389.2300733759,83.4326468611784,138.52618198930688,64.69239731045501,56.53829017702086,136.9445,140.71893757399496,133.17006242600505,5.5123609549780515,0.924632801199997,0.0,0.0,138.01866666666666,136.64666666666665,139.39066666666668,-1.9881368703750422,-0.27672497570456367,1.0,0.0,136.65,141.05,138.85000000000002,3.2129804409815694,0.7954545454545444,3.3860999892435615,2.4248321947043396,66.36056165560618,0.8805932528919823,0.7802377962482305,0.6824956420235644,26.907385152256463,16.359872171313715,79.54545454545445,66.43939393939371,-20.454545454545556,2.4470882352941032,1.1475173210161687,2.435698191334973,2.86785148083008,-0.432153289495107,2.1976167481268436,2.689953854312378,-0.4923371061855346,137.09661885988893
141.17,2022-01-03,141.8,139.89,140.52,1398000,3.2162083695849333,3.668636333394806,-0.45242796380987294,137.11666666666667,136.85461538461539,137.8928385180534,134.67663014846846,0.5384030418250957,0.696070975918885,-0.15766793409378932,0.4026643040171053,21.71290691612814,0.014499999999998181,89.40909031784922,120.77620695801072,-31.3671166401615,139.14499999999998,140.09,139.6175,124.33000000000001,0.00020266753025617305,38.06690338704563,50.472903773895574,27.125484925527836,101.79254783484461,127.495,115.95500000000001,0.0,64.0,-64.0,136.73340000000002,140.64658998959848,0.0,0.0,34346.433647989936,5762.649999999998,4.054053983087353,50.52888496053184,-90670.82241270173,160892.66488035343,83.17075460288369,138.58433223430012,57.32685373228287,56.53829017702086,137.2355,140.97586081147057,133.49513918852944,5.4510105788525065,0.854845445907174,0.0,0.0,138.33733333333333,136.88833333333332,139.78633333333335,-2.094879184216378,-0.035771796641352556,1.0,0.0,136.65,141.05,138.85000000000002,3.2061675003916665,0.736363636363631,3.212489990319206,2.2086810020710166,65.4612985844941,0.8204545259513859,0.8402278440418808,0.7708595965535001,27.3518607348044,16.525015800763914,73.6363636363631,77.57575757575732,-26.3636363636369,2.319470588235305,1.960641399416908,2.388096855437623,2.771900555751589,-0.3838037003139658,2.1612182161066555,2.584206726671234,-0.4229885105645783,137.31618580061848
140.51,2022-01-04,142.16,139.85,141.08,1831000,3.134097554443315,3.5617285776045082,-0.4276310231611933,137.33333333333334,136.83923076923077,138.1939402845067,135.0598427300634,0.5624834874504632,0.7173051519154552,-0.15482166446499201,0.3855944129641341,21.613532216243666,-1.6019999999999754,86.0933158486807,112.47765269069876,-26.384336842018058,139.275,139.51,139.39249999999998,124.495,0.00010133376512808653,37.64234909386831,50.31202401136222,25.847266119607664,102.01256442087093,131.74,115.95500000000001,0.0,60.0,-60.0,136.815132,140.64658998959848,0.0,0.0,34346.433647989936,5622.139999999998,4.098774494728288,42.50755853759888,-353569.14098639664,168469.01445614014,83.13057732073344,138.6229688816583,57.366641135834314,56.522123677577866,137.402,141.2935477640631,133.51045223593687,5.664470333857032,0.8145278110943805,0.0,0.0,138.99266666666665,137.66266666666667,140.32266666666666,-1.91377003103281,0.17769423558897346,1.0,1.0,136.65,141.08,138.865,3.2241160972911653,0.7223476297968361,3.118240991287286,2.0087444314003298,65.31465648162887,0.9205700244102509,0.8738726010845398,0.831446080458217,27.69578368925869,13.847575023525467,72.23476297968361,75.13886038716704,-27.765237020316395,2.322823529411778,1.8943533697632016,2.320525102866632,2.681625465174598,-0.3611003623079658,2.069635142740156,2.481292409885018,-0.41165726714486217,138.29580317331997
140.4,2022-01-05,143.36,139.82,140.84,1888000,3.0316563453786216,3.455714131159331,-0.4240577857807093,137.66833333333332,136.81692307692308,138.44410331765954,135.41244697228092,0.48050632911392455,0.7306329113924033,-0.2501265822784787,0.3694897629313364,21.76797380618428,-5.133999999999986,80.27762826484461,104.64050377489728,-24.362875510052675,139.275,138.865,139.07,124.775,5.066688256404326e-05,37.24812010734653,48.27397929566457,24.800242368020946,103.033796622473,132.10500000000002,115.95500000000001,96.0,56.00000000000001,39.99999999999999,136.98572672,140.64658998959848,0.0,0.0,34346.433647989936,5481.739999999998,4.019193670480646,35.83333588937045,-861538.4615384721,-113704.93440827525,83.10045933717963,138.8166586366881,64.63462643825552,56.50999880299562,137.534,141.56313588750547,133.50486411249452,5.859112492191714,0.7836836562262626,0.0,0.0,139.43366666666665,137.87866666666667,140.9886666666667,-2.2304512779075454,0.3757770632368778,1.0,1.0,136.65,141.08,138.865,3.221021710995105,0.7155756207674905,3.1574168921585595,1.9151918590168315,65.19669354345365,0.9116114748850369,0.8842120084155579,0.8661041511806595,27.96412965797363,10.365066918338952,71.55756207674904,72.47622956426524,-28.442437923250957,2.3684705882353114,2.960235640647998,2.2388313727165756,2.5930666466829937,-0.3542352739664181,1.9676982490997637,2.3785735777279675,-0.41087532862820386,138.8299139283525
142.82,2022-01-06,144.46,138.64,139.19,1768900,2.8227162944546365,3.329114563818392,-0.5063982693637556,138.18833333333333,137.03384615384616,138.47424126878883,135.6515249743342,0.5589476296847855,0.7393894266567372,-0.18044179697195173,0.35223745615637325,22.300085398877986,-2.5230000000000246,75.06833649559881,97.54905593331404,-22.480719437715223,139.895,138.865,139.38,125.81,2.533344128202163e-05,36.88205033414773,48.27397929566457,24.800242368020946,71.80708713051533,132.6225,115.95500000000001,92.0,52.0,40.0,137.1494976512,140.64658998959848,0.0,0.0,34346.433647989936,5338.919999999998,3.4834696291409317,6.638916476603111,1014738.8320963681,-41223.58925853467,81.89514107083718,138.890876702012,57.30681257315835,56.50999880299562,137.68300000000002,141.6437327604857,133.72226723951434,5.75340856966464,0.620810978406255,0.0,0.0,139.85899999999998,137.89399999999998,141.824,-2.809972901279171,0.8101781170483454,1.0,1.0,136.65,141.08,138.865,3.2175359339933083,0.44920993227990463,3.3056752029427043,1.8415554482306915,60.5633920467695,0.5597411199635914,0.7973075397529598,0.8517973830843525,27.082161056072174,2.2376436357147402,44.920993227990465,62.904439428141025,-55.079006772009535,2.172852941176501,4.712990936555876,2.080858504899746,2.4906250183263445,-0.4097665134265984,2.0033199555228762,2.3035228532869496,-0.3002028977640734,138.80186741472758
140.96,2022-01-07,143.87,140.57,142.57,1712700,2.7808092312583312,3.21945349730638,-0.43864426604804896,138.63916666666665,137.3442307692308,138.79666568897517,136.01585645771684,0.4883193467906555,0.7280562485824436,-0.23973690179178808,0.3371206552295538,22.566839126134113,-2.6285000000000025,70.95263047350572,91.31957348609836,-20.366943012592643,141.55,139.61,140.58,125.94500000000001,1.2666720641010816e-05,37.41478131607414,54.20462637442033,20.902093443254405,122.73876030859307,133.16,115.95500000000001,100.0,48.0,52.0,137.30671774515199,140.64658998959848,0.0,0.0,34346.433647989936,5479.879999999998,3.584384288366559,44.55518555137423,-1286535.1872871812,-203266.40696214925,83.85743766633632,139.23333369192335,64.41190639992045,57.29667146377015,137.8485,141.9968745009322,133.7001254990678,6.018744492587431,0.8280200472966504,0.0,0.0,140.427,138.42699999999996,142.427,-2.8484550691818726,0.46424999999999655,1.0,1.0,136.65,142.57,139.61,4.294569763182035,0.6621621621621614,3.4981076826484356,1.7479881223194067,64.95075570855428,0.8929340300184373,0.7880955416223552,0.8232050299302909,27.402655860679005,8.790592897002528,66.21621621621614,60.89825717365187,-33.78378378378385,2.315147058823527,4.002663509914173,2.044474301511162,2.401394874963308,-0.3569205734521459,1.901573052891653,2.2231328932078904,-0.3215598403162374,139.1253154066163
135.74,2022-01-10,140.61,134.57,140.23,3142000,2.2376534497653893,3.023093487798182,-0.7854400380327928,138.585,137.3934615384615,138.14640942913283,135.90875597936744,0.48523599162985376,0.7565682399441976,-0.2713322483143439,0.31458723116573334,22.66253625892749,-1.6565000000000225,60.75375172889959,85.12115509116914,-24.367403362269556,141.59,139.61,140.60000000000002,125.94500000000001,6.333360320505408e-06,36.28556009350262,54.204626374420315,34.94355239860424,-28.42101096465139,133.3975,115.95500000000001,96.0,44.0,52.0,137.62251468044286,140.64658998959848,0.0,0.0,34346.433647989936,5344.1399999999985,5.043061633046132,-78.15841238453638,783851.4807721126,-493248.3560604154,78.06359829805007,139.5126641044693,64.30402404660686,54.85105697431564,137.6365,141.9947164930146,133.27828350698542,6.332937110453396,0.1481932454577412,0.0,0.0,140.52166666666668,138.64766666666668,142.39566666666667,-2.6672043457118053,2.087958022056216,0.0,1.0,136.65,142.57,139.61,4.301184642155233,-0.3513513513513542,3.1822969143835924,1.6833401920965267,47.32424350747244,0.0,0.48422504999400956,0.6898760437897749,21.936849438651663,-15.28569974239271,-56.86274509803939,18.09148811538906,-156.8627450980394,1.9968529411764848,-0.48069812157965225,1.646438033841684,2.250403506738983,-0.6039654728972992,1.5021527983440879,2.07893687423513,-0.5767840758910423,138.99528553407126
137.11,2022-01-11,137.29,134.68,135.56,2094100,1.7953786528719036,2.7775505208129267,-0.9821718679410232,138.47666666666666,137.41692307692307,137.61311567080472,135.8177370179328,0.619462419113987,0.7941762070681914,-0.17471378795420434,0.2876789074443347,22.769729224043218,-0.6744999999999948,53.5201814956408,79.15495364783202,-25.634772152191218,139.93,139.61,139.77,126.78,3.166680160252704e-06,33.95753592173664,51.824763984713364,48.13309852679837,-114.83239006074041,133.815,115.95500000000001,92.0,40.0,52.0,137.62251468044286,142.57,0.0,1.0,34346.433647989936,5481.249999999998,4.978566842298361,-64.8383391867452,5040733.717453115,-100695.11029023617,78.17567454089767,139.43550540961434,57.452956395974354,54.85105697431564,137.4645,142.00070314800655,132.92829685199342,6.599817622741237,0.193080324100605,0.0,0.0,140.19866666666667,138.35466666666667,142.04266666666666,-2.63055283454906,1.9963846710050648,0.0,1.0,136.65,142.57,139.61,4.3065664226036455,-0.3327702702702708,3.136067222945233,1.8957365697518564,47.60497963765166,0.014747396423753497,0.30256047548073023,0.5249603556990317,17.723904952748608,-15.349622511374365,-49.43181818181789,-13.359449021213727,-149.4318181818179,0.9222647058823554,-0.9560229445506567,1.321902935722489,2.0647033925356846,-0.7428004568131956,1.250339252890753,1.9132173499662548,-0.6628780970755017,138.72957147254408
136.9,2022-01-12,139.05,136.08,137.94,3245800,1.540087815956781,2.530057979841698,-0.9899701638849168,138.4175,137.4,137.37725172145014,135.83716390549336,0.575649273290446,0.842030021443887,-0.2663807481534409,0.26053533332318024,22.898070293923105,0.8495000000000061,45.56089395360171,72.98861417484564,-27.427720221243924,139.93,139.61,139.77,127.34,1.583340080126352e-06,32.49819027257171,54.67835905210546,41.648514850219776,-42.40750966316802,134.565,115.95500000000001,88.0,36.0,52.0,137.62251468044286,142.46439999999998,0.0,0.0,34346.433647989936,5618.149999999998,4.903432111329433,-28.19571930292435,-1678378.3783784048,-260981.52369707372,79.5987514639746,139.51767370394273,64.32775935532055,55.42123428174096,137.3405,141.88571495641125,132.79528504358873,6.6188996784069625,0.36133769116662134,0.0,0.0,139.998,138.252,141.744,-2.494321347447814,1.6219931271477672,0.0,1.0,136.65,142.57,139.61,4.310454672875072,-0.09628378378378283,3.25946050065071,1.9608156315843,51.17177733774914,0.2021154406191674,0.07228761234764029,0.28635771260746,15.248050569911047,-8.403138418880214,-22.916666666666273,-43.07040998217453,-122.91666666666627,0.2805294117646895,-0.5190437897506979,1.133775008014945,1.8785177156315367,-0.7447427076165918,1.0266844143214156,1.7359107628372872,-0.7092263485158716,138.6478351094145
134.13,2022-01-13,137.78,133.77,137.69,5568300,1.1382492649155438,2.251696236856467,-1.113446971940923,138.04916666666665,137.26884615384614,136.82228991815012,135.68404065323458,0.5866731047803003,0.8353452438435524,-0.24867213906325203,0.23055092592551102,22.96550927406654,1.2510000000000048,35.82805490605441,66.38487594274174,-30.55682103668733,139.93,139.61,139.77,128.60500000000002,7.91670040063176e-07,30.69364698101388,51.02247228006814,44.13800727063926,-80.28885037550602,135.19750000000002,115.95500000000001,84.0,32.0,52.0,137.62251468044286,142.36091199999998,0.0,0.0,34346.433647989936,5484.019999999998,9.072389235564984,-68.43065940250662,50995.30306419374,-265263.923843166,77.32185331582644,139.50514429529628,57.54460680787723,54.48044172448918,137.16899999999998,141.97390124768287,132.3640987523171,7.005812169925993,0.1462986620548028,0.0,0.0,139.53799999999998,138.014,141.06199999999998,-2.184351216156154,2.3923884514435816,0.0,1.0,136.65,142.57,139.61,4.315843958911991,-0.48648648648648674,3.103514450585638,2.2845996146126946,45.649784673207606,0.0,0.07228761234764029,0.1490452333920036,11.310799889769708,-17.007921523391158,-66.6666666666663,-46.3383838383835,-166.66666666666632,-0.2408529411764846,-3.198494825964243,0.8388969398579074,1.670593560476811,-0.8316966206189036,0.6798519426944567,1.5246989988087212,-0.8448470561142645,138.03573991910812
130.81,2022-01-14,132.75,127.5,132.36,3482600,0.3102760495422956,1.8634121993936326,-1.553136149851337,137.13916666666665,136.95499999999998,135.38809146920394,135.07781541966165,0.7311720698254369,0.9314214463840386,-0.20024937655860164,0.19043674245627273,22.92295830327711,3.4685000000000343,22.19931294316199,58.91712290110982,-36.717809957947836,137.66,137.66,137.66,128.60500000000002,3.95835020031588e-07,29.44900752667425,48.79647468617254,63.72685117067686,-220.88485029048098,134.51250000000002,116.77000000000001,80.0,100.0,-20.0,137.62251468044286,142.25949376,0.0,0.0,34346.433647989936,5353.209999999997,10.323536384036892,-175.82323663072015,1544377.3411818105,-79236.0423869217,71.19059294354565,139.0647876082042,50.903033140464196,51.92686192623436,136.68149999999997,143.07157441271104,130.2914255872889,9.350313557739817,-0.21841886392873786,0.0,1.0,138.54933333333332,137.03433333333334,140.06433333333334,-2.1869466471629853,4.1466446644664465,0.0,1.0,132.75,142.57,137.66,7.184586063219964,-0.5346232179226073,2.9341630055270738,3.3530799057659944,34.70326801043103,0.0,0.06737181353972246,0.07064901274500102,3.324341138481664,-38.91249907102877,-53.46232179226073,-47.681885041864454,-153.46232179226072,-2.024882352941148,-7.889033376679662,0.22970170829186543,1.3824151900398218,-1.1527134817479565,0.20656717779938888,1.2610726346068548,-1.0545054568074659,135.85896770829368
129.04,2022-01-18,129.77,127.73,129.72,3741600,-0.3236092451181207,1.426007910491282,-1.7496171556094027,136.10416666666666,136.58846153846156,134.2099235508649,134.533532795983,0.831995858141341,0.9443437742687015,-0.1123479161273605,0.14530955822963193,22.66333624856949,3.872000000000014,9.030379171435158,50.354574381415866,-41.32419520998071,136.17000000000002,136.17000000000002,136.17000000000002,128.60500000000002,1.97917510015794e-07,28.9668375401604,44.26952620369411,70.26796490513978,-220.09727179744038,134.22250000000003,116.89000000000001,76.0,100.0,-24.0,137.62251468044286,141.8791140096,0.0,0.0,34346.433647989936,5482.249999999997,13.615654601927186,-146.46574568347435,108880.96714199636,97702.63125040682,71.42337098276133,138.3967227145973,44.17408474078744,52.02053391245423,136.278,143.764805994547,128.79119400545298,10.987548972757178,-0.07087094324508289,0.0,1.0,137.38299999999998,135.991,138.775,-2.0264515988149863,3.967313218390817,0.0,1.0,129.77,142.57,136.17000000000002,9.392565197610754,-0.1593750000000007,2.8677467049743677,4.145900329874031,35.31601188209606,0.019355535521540686,0.0064518451738468955,0.048703757020403214,-2.4692314566660785,-39.773198853405084,-15.93750000000007,-45.35549615297572,-115.93750000000007,-3.7675294117646843,-8.861933642525866,-0.24054169870709238,1.0578238122904389,-1.2983655109975312,-0.27285480555207625,0.9542871465750686,-1.227141952127145,134.28512066742618
131.32,2022-01-19,133.06,129.1,129.57,4711200,-0.7072674190530108,0.9993528445824235,-1.7066202636354344,135.18333333333334,136.21499999999997,133.42378146611645,134.13104888516946,0.7628157959283791,0.9060583762570505,-0.14324258032867143,0.10050272278408783,22.78822449220525,3.776999999999987,-2.7260519423017686,41.13194324728849,-43.857995189590255,136.17000000000002,136.17000000000002,136.17000000000002,128.60500000000002,9.8958755007897e-08,28.519108266968974,40.884044370852315,64.89427019870617,-165.29185782824857,133.3325,121.97,72.0,96.0,-24.0,137.62251468044286,141.152567169024,0.0,0.0,34346.433647989936,5613.569999999997,13.56522892328154,-99.8408677286925,-4172479.439537002,-113079.80707921468,72.83187642392626,137.76775725108791,43.65729072424549,52.02053391245423,136.113,144.06537851211732,128.16062148788268,11.68496545093756,0.059062738945709826,0.0,0.0,136.33766666666668,134.70466666666667,137.9706666666667,-2.395522880690848,2.7160645029597794,0.0,1.0,129.77,142.57,136.17000000000002,9.403951128841465,-0.05234375000000131,3.113972034476931,4.6838596052385775,38.9886295982691,0.13536727541746751,0.05157427031300273,0.04179930967552403,-5.920096255279151,-39.6594138680807,-5.2343750000001315,-24.87806559742033,-105.23437500000014,-4.587617647058835,-7.884409561184453,-0.5272958236973957,0.740799885092872,-1.2680957087902676,-0.5137644147212157,0.6606768343158118,-1.1744412490370275,133.5548911956654
127.97,2022-01-20,133.24,127.73,132.13,3009200,-1.1090820291837247,0.5776658698291939,-1.6867478990129186,134.17,135.8153846153846,132.5478150867139,133.65689711589764,0.7596366314755713,0.9157868892708068,-0.1561502577952355,0.05565724522551322,22.933571451263273,4.108499999999964,-13.461560305891343,31.29528804712292,-44.75684835301426,136.17000000000002,136.17000000000002,136.17000000000002,128.60500000000002,4.94793775039485e-08,27.24677434976794,46.09146029507332,57.14433162943408,-132.07861772858942,133.64000000000001,121.97,68.0,92.0,-24.0,137.62251468044286,140.46961313888255,0.0,0.0,34346.433647989936,5485.599999999997,13.045159771456287,-110.62344376745054,-1188325.3887630098,-68314.83204182443,71.47386790339955,137.07627994832583,42.978634494408496,51.4684957136931,135.74150000000003,144.49144691412386,126.99155308587619,12.892073410303894,0.042197222530107,0.0,0.0,135.30700000000002,133.815,136.799,-2.2053552292194847,3.0392091152814933,0.0,1.0,129.77,142.57,136.17000000000002,9.429688046765344,-0.1593750000000007,3.2165748310292392,5.281868557490331,36.74202468577891,0.06440085176575419,0.07304122090158746,0.043689112129479034,-9.466111622582105,-24.583205195886126,-15.93750000000007,-12.369791666666776,-115.93750000000007,-5.627999999999986,-8.692544141825708,-0.8297978279579605,0.4266803424827055,-1.256478170440666,-0.8967440214281494,0.34919266316701963,-1.245936684595169,132.65575618327043
126.23,2022-01-21,128.86,125.79,127.59,3470600,-1.5660127689820627,0.1489301420669426,-1.7149429110490053,132.99833333333333,135.32423076923075,131.50815122721946,133.07416399620152,0.8550724637681162,0.9717514124293763,-0.11667894866126016,0.0097859083681401,23.031462720281755,4.549999999999983,-23.809364039376337,20.766177545691576,-44.57554158506791,134.54500000000002,135.715,135.13,128.60500000000002,2.473968875197425e-08,27.038643531873127,46.091460295073325,75.7355594440377,-169.18004961483228,133.8775,121.97,64.0,100.0,-36.0,137.62251468044286,139.8276363505496,0.0,0.0,34346.433647989936,5359.369999999997,13.106184040858759,-129.80383751495756,4487205.89400304,242806.19405781923,69.5566503350914,136.15975178221845,43.59419543263817,50.68677738844011,135.27,145.0385413445399,125.50145865546011,14.44302704892422,0.014768906347577337,0.0,0.0,133.97200000000004,132.88000000000002,135.06400000000002,-1.6301913832741148,4.246336996337008,0.0,1.0,128.86,142.57,135.715,10.135284985584372,-0.22392414296134297,3.007917347926316,5.9828631840024,33.77419115721591,0.0,0.06658937572774057,0.0637349556474436,-13.406402279611848,-33.56840862765558,-22.392414296134294,-14.521429765378182,-122.39241429613429,-7.3052941176470085,-10.05362888809438,-1.1767969994737393,0.10598487409141655,-1.2827818735651557,-1.2938849981191778,0.020577130909780195,-1.314462129028958,131.54643213232444
132.15,2022-01-24,132.76,123.62,123.62,5619200,-2.0792660520835113,-0.2967090967631482,-1.782556955320363,131.64833333333334,134.80192307692306,130.29458949995492,132.37385555203844,0.853139257006301,0.9504670866825962,-0.09732782967629516,-0.03798752832849753,24.001516345006877,3.9879999999999995,-36.40429645121739,9.970838859011915,-46.375135310229304,133.4,135.715,134.5575,129.26500000000001,1.2369844375987125e-08,26.8453792009708,46.09146029507332,75.7355594440377,-149.62833361470504,134.2075,121.97,60.0,96.0,-36.0,137.62251468044286,138.95022544250563,0.0,0.0,34346.433647989936,5227.2199999999975,13.070603380077602,-152.22693215567796,242073.40143783443,266573.6386185718,67.2769341414353,135.15204044699178,44.129277983571015,50.68677738844011,134.652,145.64928984795733,123.65471015204265,16.334387677802546,-0.0015781229976900306,0.0,1.0,132.405,130.52900000000002,134.281,-2.8337298440391083,2.8414179104477757,0.0,1.0,128.86,142.57,135.715,10.181801978433281,-0.3822027716994907,3.404125613133683,6.795414761390597,30.779319892466276,0.0,0.02146695058858473,0.053699182405970915,-17.715935410475716,-40.20298328044583,-38.220277169949064,-25.516730488694495,-138.22027716994907,-7.942264705882366,-11.58632527535402,-1.5707528072007513,-0.22936266216701706,-1.3413901450337342,-1.2373979657607048,-0.2310178884243168,-1.006380077336388,129.5248416346947
131.35,2022-01-25,132.75,128.67,130.48,2423500,-2.054843227709057,-0.64833592295233,-1.406507304756727,130.8175,134.47192307692308,130.04465265380801,132.09949588151707,0.77197958026092,0.9688031764038556,-0.19682359614293565,-0.07766123145868117,24.76239406586015,6.323999999999984,-43.06872770108098,-0.7612621628460611,-42.30746553823492,133.4,135.715,134.5575,129.41,6.184922187993562e-09,25.117243694086447,59.70049112946737,56.61637036239024,-78.03031390048771,134.7525,121.97,56.00000000000001,92.0,-35.99999999999999,137.62251468044286,138.1430074071052,0.0,0.0,34346.433647989936,5358.569999999998,13.161826471268487,-35.72058470486715,-5919109.250095188,-130964.9406034847,72.64271233266646,134.39578194178793,43.54068708617066,52.75738267732234,134.246,145.4942752455648,122.99772475443521,16.757706368256482,0.25213977795401826,0.0,0.0,131.62133333333333,129.55633333333333,133.68633333333335,-3.1377892135013754,1.2146085552865218,0.0,1.0,128.86,142.57,135.715,10.212594788671527,-0.013858497447120819,3.9767130518203144,7.161936574251211,43.36542075501833,0.36569033390468997,0.12189677796823,0.06998436809485177,-17.120015007410753,-14.559156444725492,-1.3858497447120819,-20.6661804035985,-101.38584974471208,-7.347970588235285,-7.191286785920369,-1.5555269261224818,-0.49459551495811005,-1.0609314111643717,-1.2272430589467798,-0.4302629225288094,-0.7969801364179704,129.481794592679
127.6,2022-01-26,131.84,126.82,131.57,2141000,-2.1598698669859573,-0.9506427117590555,-1.2092271552269018,129.67166666666665,134.12653846153847,129.54855224552986,131.70842211251582,0.7743101807802106,0.9575642245480483,-0.18325404376783772,-0.11277971852856146,25.087350703873174,0.8925000000000125,-50.83824276803157,-11.472277354138647,-39.36596541389292,133.275,135.715,134.495,130.10000000000002,3.092461093996781e-09,23.761534739350743,57.420915428676224,50.78026457728877,-76.01617657138968,134.98250000000002,121.97,52.0,88.0,-36.0,137.62251468044286,137.40036681453677,0.0,0.0,34346.433647989936,5230.9699999999975,14.856343182001996,-64.34050117560031,-19043.887147336867,-70786.7567184036,70.80809664913495,133.57712266133083,36.138971278053965,51.99884410614766,133.67749999999998,145.2165205390226,122.13847946097736,17.263968190641844,0.20285606231441727,0.0,0.0,131.04466666666667,129.12566666666666,132.96366666666668,-2.928772377866088,1.6007469167969395,0.0,1.0,128.86,142.57,135.715,10.25602663125805,-0.14879649890590982,3.8960417466382844,7.6238864340486305,40.46288720882007,0.28338192660300054,0.21635742016923018,0.1199070495753483,-17.64560268361358,-9.175147567736193,-14.879649890590981,-18.161925601750728,-114.87964989059098,-7.063794117647063,-9.781603471579995,-1.6398874364623581,-0.7236538992589597,-0.9162335372033984,-1.4318858857807295,-0.6305875151791934,-0.8012983706015361,129.29900910355977
128.3,2022-01-27,130.84,127.69,129.28,1561700,-2.1481400844594702,-1.1901421862991384,-0.9579978981603319,129.09833333333333,133.94538461538463,129.26262113083297,131.41076121529244,0.7525515116502997,0.9133448873483523,-0.16079337569805263,-0.14190930146469719,25.413642898222378,1.5390000000000157,-58.55541478647894,-21.95932954219791,-36.59608524428103,130.61,135.715,133.16250000000002,130.66,1.5462305469983906e-09,22.24361614763146,52.47907107068839,49.908453642324496,-77.29001098082921,134.755,122.46000000000001,48.0,84.0,-36.0,137.62251468044286,136.71713746937382,0.0,0.0,34346.433647989936,5359.269999999998,14.9716886364691,-39.20314386480018,2000155.8846453605,-399.8243934755613,71.68824962185221,132.72346245965366,36.656939112313424,51.99884410614766,133.141,144.7457161102711,121.53628388972888,17.432220142962894,0.26513858899247794,0.0,0.0,130.20266666666666,128.2386666666667,132.16666666666666,-3.0168352926719133,1.1396809232858185,0.0,1.0,128.86,142.57,135.715,10.297353933048408,-0.08533916849015447,3.9084375719744573,8.002344158672198,42.41487112128698,0.3405051895227257,0.3298591500101387,0.22270444938253298,-17.406296442896224,-6.8537670704048805,-8.533916849015446,-8.266472161439525,-108.53391684901544,-7.329676470588254,-5.112580812959795,-1.634675931098319,-0.9058583056268317,-0.7288176254714873,-1.5351868858418158,-0.811507389311718,-0.7236794965300979,129.17273754642068
128.49,2022-01-28,128.69,125.77,127.85,1547000,-2.267632248184185,-1.4056401986761478,-0.8619920495080373,128.35583333333332,133.58423076923077,128.7252948030125,130.9929270511967,0.8423480083857456,0.9085953878406697,-0.0662473794549241,-0.1683248837992947,25.594154074282823,3.6580000000000155,-66.0334492505019,-31.762969785938342,-34.270479464563564,130.41,135.63,133.01999999999998,137.48000000000002,7.731152734991953e-10,21.012278096021266,52.16461173721284,57.66126904072557,-91.01056494782706,138.91750000000002,122.46000000000001,44.0,100.0,-56.0,137.62251468044286,136.08856647182392,0.0,0.0,34346.433647989936,5230.779999999998,15.268972045194156,-68.84566616982876,1170207.798272248,175081.81743219795,69.75622048879558,131.61610120440832,28.918495194207935,51.99884410614766,132.422,143.98239376491935,120.86160623508064,17.459929263897774,0.21229353708582754,0.0,0.0,129.305,127.26599999999999,131.34400000000002,-3.1537836897258664,1.3668464933791034,0.0,1.0,128.69,142.57,135.63,10.481642023228765,-0.21037463976945264,3.617593814777012,8.254554560235357,39.34877123889974,0.4202265160747326,0.34803787740015296,0.2980848158598406,-18.20011152542823,-16.093507851399032,-25.303292894280794,-16.23895321129576,-125.30329289428079,-6.996117647058838,-6.615681615681623,-1.7311104494198486,-1.070908734385435,-0.6602017150344135,-1.588119172251303,-0.9668297458996351,-0.621289426351668,128.91802607664133
131.22,2022-01-31,131.32,128.0,128.21,2040100,-2.157517763943588,-1.5560157117296358,-0.601502052213952,127.6825,133.30653846153848,128.61371098716444,130.77122875110803,0.6996786996787007,0.8476658476658472,-0.14798714798714652,-0.18827002306320964,25.879345130407003,1.9555000000000007,-67.35518099587607,-40.25025424897293,-27.10492674690314,130.41,135.63,133.01999999999998,137.48000000000002,3.8655763674959765e-10,19.77102978104643,48.81293105124121,52.495283751319676,-62.160346827868985,139.1425,122.46000000000001,40.0,96.0,-56.0,137.62251468044286,135.34870982464153,0.0,0.0,34346.433647989936,5361.999999999998,15.178529773787627,-17.20762814556744,-3543247.9804907725,-133996.71551515098,72.08285323110297,130.93377163114374,36.20504513118179,51.99884410614766,131.8145,142.95599446887564,120.67300553112436,16.904808604327506,0.32881560410697097,0.0,0.0,129.13566666666665,126.82466666666667,131.4466666666667,-3.579181584225387,0.7457089283138633,1.0,1.0,128.69,142.57,135.63,10.529949284790364,-0.049711815561959506,3.8108344332993105,8.32794259025263,44.378017785134624,0.6668493941525407,0.47586036658333297,0.3845857979978749,-17.20681377440032,-3.0022207236469,-7.459459459459435,-13.765556400918578,-107.45945945945944,-6.365823529411784,-5.937683715461501,-1.6498413179629217,-1.1866952511009323,-0.46314606686198934,-1.4457825405246607,-1.0626203048246403,-0.3831622357000204,128.91209738848679
134.24,2022-02-01,134.4,130.42,130.91,1674600,-1.8536102020577516,-1.615534609795259,-0.23807559226249264,127.40333333333335,133.09269230769232,128.89160160452374,130.7452118065815,0.5721858985686523,0.8499734935500967,-0.27778759498144434,-0.19915793067038268,26.169502610708317,-3.8409999999999798,-65.792039200582,-47.25758616655961,-18.534453034022384,130.41,135.63,133.01999999999998,137.48000000000002,1.9327881837479882e-10,18.804927631993017,53.35043865647974,47.0780756725568,-21.297512949421375,139.1425,122.46000000000001,36.0,92.0,-56.0,137.62251468044286,134.68283884217738,0.0,0.0,34346.433647989936,5496.239999999998,15.177400497366918,31.659290160941953,-7513483.313468436,-1030726.5034381188,74.62082823110296,130.63750104294758,43.7520552187139,51.99884410614766,131.34099999999998,141.85681076284595,120.82518923715402,16.012990251095953,0.45620879736377346,0.0,0.0,129.41933333333333,126.76433333333333,132.07433333333333,-4.102941858248899,0.31155053358443313,1.0,1.0,128.69,142.57,135.63,10.567911010270972,0.12463976945244887,4.06975098996938,8.326840929625575,49.292014545867964,0.9078206833617299,0.6649655311963344,0.49628792505994007,-14.734874598347139,5.1155428315451505,18.70270270270259,-4.686683217012568,-81.2972972972974,-5.916794117647072,-2.5042984226657863,-1.4177270252924428,-1.2329016059392344,-0.1848254193532084,-1.1342494267697703,-1.0769461292136664,-0.05730329755610386,128.94205777625314
133.73,2022-02-02,134.66,132.07,133.9,2008200,-1.4627582922946942,-1.5849793462951463,0.12222105400045202,127.78416666666668,132.91115384615384,129.38058597305854,130.84334426535324,0.5708466170740352,0.8565356004250789,-0.28568898335104376,-0.20070647621755022,26.19700561811449,-3.221999999999994,-63.76655200096376,-52.84702968823433,-10.919522312729434,131.29500000000002,135.63,133.4625,137.48000000000002,50.00000000009664,18.591518354774557,57.17111483651648,41.555354024288164,8.162394513100589,139.6125,122.46000000000001,32.0,88.0,-56.0,137.62251468044286,134.08355495795965,0.0,0.0,34346.433647989936,5629.9699999999975,15.335297947905492,58.658605852236064,-923502.5798250096,-976806.8035414479,76.31270447707753,130.3216702799768,43.51788599690549,52.65670404154978,130.952,140.7296614791057,121.17433852089431,14.93319915557714,0.5571711345493551,0.0,0.0,129.71599999999998,127.33399999999999,132.098,-3.6726386875944566,0.0058774139378715085,1.0,1.0,128.69,142.57,135.63,10.599303561610359,0.24351585014409197,4.086775890972443,8.289926885966922,52.381040566280184,1.0,0.8582233591714236,0.6663497523170303,-11.694734368695116,12.587124236977434,37.55555555555551,16.2662662662662,-62.44444444444449,-5.189735294117639,3.584313725490191,-1.117946274231716,-1.2099105395977308,0.09196426536601465,-0.9083583765246537,-1.043228578675864,0.13487020215121026,129.01039933538794
131.84,2022-02-03,133.84,131.25,132.85,1951800,-1.2052787813145756,-1.5090392332990323,0.3037604519844568,128.07750000000001,132.64423076923077,129.66818813104953,130.8734669123641,0.578100123828056,0.8537059968158489,-0.27560587298779293,-0.19670803908637063,26.06376551139352,-1.4235000000000184,-63.370201020262996,-57.24267824166618,-6.12752277859682,131.29500000000002,135.63,133.4625,137.48000000000002,49.999999267177486,18.15121416322399,55.59682572835194,43.30592417416279,0.9827965520975706,139.85000000000002,122.71000000000001,28.000000000000004,84.0,-56.0,137.62251468044286,133.9,0.0,0.0,34346.433647989936,5498.129999999997,15.499404549661342,34.83469073048819,702101.0315534062,-930299.251506504,75.49413250766737,130.04180948935385,43.666284926840156,52.329767588804486,130.5235,139.4205608068051,121.62643919319491,13.632887268277502,0.5408280900724156,0.0,0.0,129.87733333333333,127.50733333333332,132.24733333333333,-3.6495975689881806,0.21040787623065996,1.0,1.0,128.69,142.57,135.63,10.63410037272981,0.18443804034582156,3.8550983018751994,8.190172794808465,50.72717399340849,0.9234382020837559,0.943752961815162,0.82231395072764,-9.745455421083651,4.338580530156199,49.136276391554674,35.13151154993757,-50.863723608445326,-4.354941176470561,2.755813043137866,-0.9209496850279499,-1.1521183686837746,0.23116868365582466,-0.8353688100139969,-1.0016566249434906,0.16628781492949374,129.0719904052747
133.49,2022-02-04,133.83,129.31,131.14,1695200,-1.1445722837510743,-1.4361458433894407,0.2915735596383664,128.095,132.29384615384615,129.6130822647342,130.75765454848528,0.5192374350086659,0.7677642980935867,-0.24852686308492078,-0.19160172088939365,25.946244706841988,-2.326999999999984,-62.12894911062663,-60.100972981600535,-2.0279761290260936,131.29500000000002,135.63,133.4625,137.48000000000002,37.49999853428248,17.739274482117214,55.59682572835194,43.34394293086827,-14.525596512748024,139.85000000000002,123.045,24.0,80.0,-56.0,137.62251468044286,133.9,0.0,0.0,34346.433647989936,5364.639999999998,15.60804469373006,-7.1374936595815015,1733013.7088920674,-916825.2252414858,73.52102317433405,130.0836979625646,43.58819000175911,52.329767588804486,130.057,138.14441021588416,121.96958978411583,12.436716541030734,0.45381710708003664,0.0,0.0,130.27866666666668,127.76666666666665,132.79066666666668,-3.856348954548733,0.6928078556263253,1.0,1.0,128.69,142.57,135.63,10.672243708527796,0.04466858789625394,3.727588471687681,7.824056842429374,46.95026148759779,0.7485950697776727,0.8906777572871428,0.897551359424576,-9.247773555162818,5.51937847611413,11.900191938579724,32.86400796189661,-88.09980806142028,-3.2600294117647195,0.16266460108443684,-0.875338646676829,-1.0967624242823855,0.22142377760555643,-0.6689232158784211,-0.9351099431304768,0.2661867272520557,129.07853588716085
135.72,2022-02-07,137.1,133.8,134.13,1759800,-0.7257900160445843,-1.2940746779204695,0.5682846618758852,128.60083333333333,132.04961538461538,130.2572234547751,130.98301347081969,0.430718127174945,0.7540335336918692,-0.3233154065169242,-0.17901094250064248,26.053843978047702,-3.9284999999999997,-54.739613893092496,-61.39773811404627,6.658124220953773,131.41,135.63,133.51999999999998,137.48000000000002,68.74999926714125,18.045841592132216,56.65766772337433,36.19999689513558,78.94225632557986,139.965,123.64500000000001,20.0,76.0,-56.0,128.69,133.9,1.0,0.0,34346.433647989936,5500.359999999998,15.484051593483631,80.93683400607317,-6849469.496021207,-1413850.2583245714,78.23359606119507,130.51942733527846,50.94069877467112,52.329767588804486,129.7185,136.47462692302238,122.96237307697763,10.416597359701782,0.8020591565628944,0.0,0.0,131.113,129.218,133.008,-2.8906363213411486,-0.20897097625329744,1.0,0.0,128.69,140.23,134.45999999999998,8.896186742831587,0.4428076256499148,4.133829624518912,7.433456182459584,55.25409843968557,1.0,0.8906777572871428,0.9083694921298159,-5.994978182695595,14.174521052293526,93.93382352941205,51.65676395318213,-6.066176470587945,-2.007382352941164,4.752211696547411,-0.5541100306157449,-0.9882319455490574,0.4341219149333124,-0.3966565245561367,-0.8274192594156088,0.4307627348594721,129.58736017363668
139.36,2022-02-08,140.18,135.94,136.08,2575500,-0.21870088874126736,-1.0789999200846292,0.8602990313433618,129.44666666666666,131.8876923076923,131.1314967694251,131.35019765816637,0.43644001867123056,0.7838805041232298,-0.3474404854519993,-0.15840930275852064,26.296549480720678,-6.166999999999973,-47.664949561255945,-61.04514997996008,13.380200418704135,132.385,135.63,134.0075,137.48000000000002,84.37499963357062,18.73027816650272,58.89378548582418,33.39600497031463,141.58730948059355,140.09750000000003,123.64500000000001,16.0,72.0,-56.0,128.7988,133.9,0.0,0.0,34346.433647989936,5639.7199999999975,13.936706589178367,111.97877200520531,-7399181.9747417085,-1644329.0108391936,80.46252281754781,131.03599632221855,51.347426734694494,52.329767588804486,129.78699999999998,136.76270670254902,122.81129329745093,10.749469057068964,0.9410305838798816,0.0,0.0,131.78966666666665,129.71166666666664,133.86766666666668,-3.1535097592375996,-0.4986365094642208,1.0,0.0,128.69,137.94,133.315,7.127062032406944,0.7837837837837838,4.35844666206702,7.106376088488216,58.58176121721202,1.0,0.9161983565925574,0.8991846237222809,-2.194432846460787,19.584987234423412,98.10554803788884,67.97985450196019,-1.8944519621111569,-0.9892941176470629,8.069003895381185,-0.16650213904544525,-0.8238859842483349,0.6573838452028897,0.03835679160943224,-0.6542640492106006,0.6926208408200328,130.0848556104983
141.6,2022-02-09,142.38,140.05,140.21,1423400,0.5089467282483895,-0.7614105904180255,1.270357318666415,130.81583333333333,131.89384615384614,132.50357418951356,131.99462746126517,0.40784136998648024,0.7963046417305086,-0.3884632717440284,-0.12691585137135963,26.494970373620234,-1.3855000000000075,-37.00555282616791,-58.650720873258855,21.645168047090948,134.45,135.63,135.04,136.11,92.1874998167853,20.093115353736028,64.0048591530834,28.883697143405,199.0644683904837,139.6175,124.33000000000001,12.0,68.0,-56.0,129.090048,133.9,0.0,0.0,34346.433647989936,5781.319999999998,13.869916566667442,179.12123314731912,-4850317.79661013,-1905899.897113988,84.74364684285311,131.78748485436475,51.98024226748639,52.329767588804486,130.0555,138.09600116597142,122.01499883402857,12.36472300821022,1.1215097662256555,1.0,0.0,132.87,130.602,135.138,-3.413863174531498,-1.0828924162257505,1.0,0.0,128.69,140.21,134.45,8.857756880716318,0.9861111111111114,4.566601995860317,6.673903389622731,64.10322481200811,1.0,1.0,0.9356253712932334,3.0611717005018595,24.752048197354046,98.61111111111114,96.88349422613733,-1.388888888888858,0.31135294117646595,13.290729655395573,0.3855813967865804,-0.5819925080413519,0.9675739048279324,0.5091717813826382,-0.4215768830919528,0.930748664474591,131.81909799517305
137.93,2022-02-10,140.74,137.09,138.73,2306300,0.8371156962232078,-0.4417053330897789,1.2788210293129867,131.5175,131.7876923076923,133.20917816035762,132.37206246413442,0.37672258837627304,0.7529958058717792,-0.37627321749550613,-0.093536316328616,26.492800708721575,-3.28600000000003,-28.323194807941864,-54.4606926018633,26.137497793921437,135.765,135.63,135.6975,135.63,96.09374990839265,20.799979993770737,64.0048591530834,34.4723207213169,148.78682543740754,139.39249999999998,124.495,8.0,64.0,-56.0,129.75724512,133.9,0.0,0.0,34346.433647989936,5643.389999999998,13.776595445697774,95.20779984055912,2273327.0499528996,-2064034.1002604265,81.82845369754786,132.60522736767683,51.335959111252336,51.22376179042632,130.10600000000002,138.3082787077731,121.90372129222693,12.608609453481131,0.9257353504326448,0.0,0.0,133.82833333333332,131.51533333333333,136.14133333333334,-3.4566671233047352,-0.2050727770572129,1.0,0.0,128.69,140.21,134.45,8.854318786220473,0.7291666666666665,4.241941796274288,6.079764993497929,58.09638227817155,0.8197437380661227,0.9399145793553743,0.9520376453159772,5.3505808930237295,17.053212671681212,72.91666666666666,89.87777527188886,-27.08333333333335,1.5134705882353217,6.543871920416583,0.6323960514326958,-0.3391147961465424,0.9715108475792382,0.6528229064988302,-0.20669692517379618,0.8595198316726265,132.27426092762354
137.43,2022-02-11,139.64,137.01,137.76,1171000,1.0783065891240255,-0.137702948647018,1.2160095377710436,132.36666666666667,131.67961538461537,133.79391998184107,132.71561339271705,0.36717998075072183,0.73804940648059,-0.3708694257298682,-0.06025213761623418,26.105542973287346,-2.578000000000003,-18.043485659639146,-48.981615342281415,30.93812968264227,137.02,135.63,136.325,135.63,98.04687495419633,21.09073043100225,62.46888381443897,37.58499722339413,126.68590921018007,139.07,124.775,4.0,60.0,-56.0,130.38441041279998,133.9,0.0,0.0,34346.433647989936,5505.959999999997,9.392628043172706,80.03605700619329,1415848.0681074113,-1980193.0526411708,81.74825528774407,133.43039774608766,50.87460815263728,51.1938697418215,130.268,138.8715146306604,121.66448536933959,13.208945605460148,0.8918166173608557,0.0,0.0,134.89833333333334,132.48133333333334,137.3153333333333,-3.5834393802740143,0.06316370155840388,1.0,1.0,128.69,140.21,134.45,8.843307642705813,0.722222222222221,4.072747616646858,5.1879308740917445,57.93836101313947,0.7509594069341226,0.8569010483334151,0.9322718758962631,7.058751096802772,15.683049403186848,72.2222222222221,81.24999999999994,-27.7777777777779,2.7063235294118044,8.035010250749092,0.8124941456083411,-0.10879300779556567,0.9212871534039068,0.7278960907957929,-0.01977832197987836,0.7476744127756713,132.8909004035464
136.96,2022-02-14,138.07,135.01,137.64,1657000,1.095441259184497,0.10892589291928503,0.9865153662652121,132.97666666666666,131.54,133.981009215404,132.8855679562195,0.4166206007002025,0.6852773171181129,-0.2686567164179104,-0.031300985941345144,25.7704259162083,-4.873500000000021,-7.864065743524207,-42.54517384705277,34.681108103528565,137.02,135.63,136.325,135.63,99.02343747709816,20.851666948177776,60.9868506117007,42.6055746836658,87.91298179854063,139.38,125.81,0.0,56.00000000000001,-56.00000000000001,130.97394578803198,133.9,0.0,0.0,34346.433647989936,5368.999999999997,8.776494882036602,29.470906005308535,265296.4369158917,-1538449.7892832367,79.74898516147593,133.87956953918632,43.72757082075179,50.44656852670113,130.64350000000002,139.38543405374278,121.90156594625724,13.382884037464967,0.749744505801351,0.0,0.0,135.67133333333337,133.5223333333333,137.82033333333334,-3.1679499968060285,0.6538700170621979,1.0,1.0,128.69,140.21,134.45,8.817889906501287,0.54861111111111,3.7714728549821723,4.76662706628344,53.98501893464543,0.591257151062529,0.7206534320209247,0.8391563532365712,7.232281852546306,10.46927989009294,54.861111111111,66.66666666666657,-45.138888888889,3.15535294117646,5.732633722296181,0.824349307477394,0.07783545525902627,0.7465138522183677,0.7504724980485804,0.1342718420258134,0.616200656022767,133.02462584145275
137.79,2022-02-15,139.17,137.01,138.59,2075900,1.2559263567055439,0.3383259856765368,0.917600371029007,133.91333333333333,131.40307692307692,134.44700779764952,133.19108144094398,0.3972131740861383,0.6760767281939919,-0.2788635541078536,-0.0034966649688952874,25.55288224760049,-3.107500000000016,-0.046794121034615666,-35.465200749282864,35.41840662824825,137.02,134.45999999999998,135.74,135.63,99.51171873854908,20.840355743626855,56.619261713417465,37.20410210648866,99.65267514040774,140.58,125.94500000000001,0.0,52.0,-52.0,131.52810904075005,133.9,0.0,0.0,34346.433647989936,5506.789999999997,5.1780266004982245,64.62934800455017,-431453.66136874014,-1567907.6302990515,81.79016729613262,134.45600649683104,50.80921817448186,50.44656852670113,131.10750000000002,140.16117301154551,122.0538269884545,13.81106803431612,0.8259726738790402,0.0,0.0,136.306,134.448,138.16400000000002,-2.726218948542256,0.31054897739505444,1.0,1.0,128.69,140.21,134.45,8.786682684056982,0.722222222222221,3.810325569483955,4.027780669348756,57.1348497212396,0.7185001450268932,0.6869055676745148,0.7548200160096181,8.367134782187495,19.846225432358814,72.2222222222221,66.43518518518505,-27.7777777777779,3.3240294117647124,8.936948397869122,0.9429507915381055,0.25085852251484214,0.6920922690232634,0.8081186419594685,0.26904120201254444,0.539077439946924,133.26062335299815
136.76,2022-02-16,138.3,133.5,137.37,1752600,1.0873499931484787,0.48813078717092523,0.5992192059775534,134.37166666666667,131.3619230769231,134.30131429031883,133.21396429717035,0.4033885398819718,0.7028364743955832,-0.29944793451361135,0.017153545006382012,25.31408868472371,-0.9074999999999989,4.9347254129955225,-27.875764478920807,32.81048989191633,137.02,134.45,135.735,135.63,98.33832789897572,20.535398145199945,55.852444085843736,39.973221553457854,58.32357269423633,140.60000000000002,125.94500000000001,80.0,48.0,32.0,132.04902249830505,133.9,0.0,0.0,34346.433647989936,5370.029999999997,5.582533374471327,-13.1787874246711,710624.4515940301,-1660017.0183741462,78.28657193812955,134.94629290223702,50.39879666834154,49.154199681151745,131.3275,140.38918830847692,122.26581169152306,13.800138293163172,0.6198728054885593,0.0,0.0,136.59066666666666,134.71566666666666,138.46566666666666,-2.745429165487149,1.324177777777777,0.0,1.0,128.69,140.21,134.45,8.77196322171671,0.41753472222222204,3.558293012535562,3.433455867295007,50.58980277068496,0.4541013801248576,0.5879528920714266,0.6651706305889554,7.225880334268838,1.8577408159103606,41.75347222222221,56.278935185185084,-58.24652777777779,2.7055588235294294,4.296875,0.8162432511375803,0.3639354682393898,0.4523077828981905,0.7834580060237439,0.37192456281478437,0.41153344320895957,133.26303244845312
135.75,2022-02-17,137.24,134.82,135.5,1455900,1.0481821870208705,0.6001410671409143,0.4480411198799562,134.73833333333332,131.3673076923077,134.38111209180823,133.33292990478736,0.3799529582051742,0.6596707074362217,-0.2797177492310475,0.03402701919050209,25.19416692113348,0.38800000000000523,11.400198726139342,-19.70585916372459,31.106057889863933,138.655,134.45,136.5525,135.63,96.43231692057624,19.89506840108559,51.66600349088362,40.949648547885104,43.96567137493247,139.77,126.78,76.0,44.0,32.0,132.53868114840674,133.9,0.0,0.0,34346.433647989936,5505.779999999997,5.2299916452636355,14.302467921710354,1877790.055248633,-1609475.4285901187,79.62881912914078,135.5177978835534,49.99487556584909,49.64021873417886,131.682,140.70766474006138,122.6563352599386,13.70827408463023,0.6738376114321892,0.0,0.0,136.91133333333335,134.96133333333333,138.86133333333333,-2.8485589213456923,1.0362393162393166,0.0,1.0,128.69,140.21,134.45,8.748348293616449,0.5321180555555547,3.576463711282007,2.946960197079626,52.780510605858964,0.4259774211381834,0.5328596487633114,0.6025727028364176,6.986404827352791,0.9092674551726306,39.37007874015742,51.11525772820056,-60.62992125984258,2.18182352941173,3.3737156877779526,0.7861390188975628,0.44837617837102445,0.3377628405265383,0.6959841965885769,0.4367364895695429,0.259247707019034,133.29904220100866
142.84,2022-02-18,143.65,134.94,135.3,3914200,1.0151227128522748,0.6831373962831865,0.33198531656908836,134.9775,131.32346153846154,134.46709484691465,133.45197213406237,0.3836037574722456,0.7026473099914597,-0.3190435525192141,0.047746923424380555,25.781299421855536,-0.8894999999999982,19.391793976116126,-11.469036067145854,30.86083004326198,138.72500000000002,134.45,136.5875,135.63,93.7230270593837,19.300476495836552,50.684096427552284,40.17140470409334,73.95580767647157,139.77,127.34,72.0,40.0,32.0,132.99896027950234,133.9,0.0,0.0,34346.433647989936,5648.619999999997,5.075694734259013,14.707943932894683,-18150903.108373016,-2652879.3662959933,79.75595753590535,136.13457706845426,50.523412922634655,49.64021873417886,132.1395,140.846116966422,123.43288303357801,13.17791722599524,0.6608259563272642,0.0,0.0,137.565,135.049,140.081,-3.657907171155441,1.0216613672496044,0.0,1.0,128.69,140.21,134.45,8.718059323669312,0.5425347222222218,4.101817340153808,2.6678100002434575,52.984590441554474,0.3517951294963274,0.4106246435864562,0.5104790614737315,6.856193230340707,-9.158551812013062,17.398119122256833,32.8405566948788,-82.60188087774317,2.383441176470626,2.1730900280154497,0.7606652015846638,0.5108339830137523,0.2498312185709115,1.0336438327935324,0.5561179582143408,0.4775258745791916,133.37395497931485
139.79,2022-02-22,142.84,139.22,142.32,4096200,1.3190775668472554,0.8103254303960002,0.5087521364512552,135.64166666666668,131.53307692307692,135.1983110243124,133.87923345746515,0.38934221482098247,0.7075770191507071,-0.3182348043297247,0.06497937792526984,26.171554746662757,-3.609499999999997,26.510008364496006,-3.227374075395638,29.737382439891643,139.78,135.505,137.64249999999998,135.63,95.32348580444562,20.31362545407708,61.32060920984692,30.556096728085247,126.4831326365925,139.77,128.60500000000002,100.0,36.0,64.0,133.4316226627322,133.9,0.0,0.0,34346.433647989936,5788.409999999997,5.680977344033733,98.07840908533831,-1155018.2416482056,-2198703.2897374053,84.18978886834938,136.81732299491406,50.91254226301165,51.21469728896087,132.9195,141.21901197360347,124.61998802639654,12.488027676305531,0.8795705108950191,0.0,0.0,138.20999999999998,135.939,140.481,-3.2863034512698084,0.2776309995596643,1.0,1.0,128.69,142.32,135.505,10.25432686701349,0.7725605282465153,4.481635606138427,2.4303474884830476,59.67827337180273,0.7420299130525019,0.5066008212290042,0.48336170452625726,8.863020059105263,8.989675426182501,63.48645465253237,40.08488417164886,-36.51354534746763,3.2866764705882474,6.072380952380952,0.9852742152623247,0.6057220294634669,0.37955218579885786,1.1070872444895024,0.6663118154693732,0.4407754290201291,133.63038918306034
136.2,2022-02-23,141.25,135.98,139.48,2019300,1.2837250727766616,0.9050053588721325,0.3787197139045291,136.1975,131.85923076923078,135.31857086672588,134.03484579394922,0.4536652835408024,0.6882780082987545,-0.23461272475795214,0.07889930955900504,26.57495671880559,0.5150000000000148,28.249852176121927,4.023226480414343,24.226625695707583,139.78,135.505,137.64249999999998,135.63,97.17127847987064,20.71093017381016,60.768750177968386,35.78468740117466,72.55097045214086,137.66,128.60500000000002,96.0,32.0,64.0,134.14269284971363,133.9,0.0,0.0,34346.433647989936,5652.209999999997,5.794191662592574,21.026064930289806,2878524.229074911,-1927129.946244554,81.0200718736647,137.19265975551005,43.94041719853848,50.022802308238035,133.285,141.4464471755925,125.12355282440748,12.246610159571615,0.6651055224654039,0.0,0.0,138.36033333333336,136.32233333333335,140.3983333333333,-2.9459310351473307,1.0839875695126007,0.0,1.0,128.69,142.32,135.505,10.22620700003751,0.5348495964783562,4.236472045524584,2.528730082524523,53.47191850746106,0.3802058511127535,0.49134363122052765,0.469523032011996,8.57669806948441,0.017565057432649103,25.323910482920873,35.40282808590334,-74.67608951707912,3.6205882352940932,5.158147088392226,0.9577547280131337,0.6761285691734003,0.2816261588397334,0.9432781121941467,0.721705074814328,0.2215730373798187,133.6404806412496
136.13,2022-02-24,136.44,130.6,133.24,2745600,0.8122241150543914,0.8864491101085843,-0.07422499505419289,135.93083333333334,131.9696153846154,134.5926368872296,133.7804127721752,0.5516068695800036,0.7275973473898991,-0.17599047780989552,0.08191093717202046,26.671733767758365,2.466000000000008,23.569550159149284,9.78908703231336,13.780463126835924,139.38,135.505,137.4425,135.63,48.58563923993532,19.671701476230286,60.7687501779684,53.71459723815257,-36.31394312093305,136.17000000000002,128.60500000000002,92.0,28.000000000000004,64.0,134.79687742173653,133.9,0.0,0.0,34346.433647989936,5516.079999999997,4.208554177824598,-86.60328720260864,12987585.396312285,-1049595.3487617767,75.63413717738584,137.2376236199369,43.828268146692885,48.04366805012419,133.474,141.19079570806346,125.7572042919365,11.562994602789276,0.3137828116275729,0.0,0.0,137.615,135.474,139.756,-3.111579406314726,2.1382531527323643,0.0,1.0,128.69,142.32,135.505,10.211726628407028,0.14013206162875988,4.086824840972124,3.1014643877062777,45.08708471362944,0.0,0.37407858805508515,0.457341013501539,5.3801650026852155,-8.79322405470821,-38.044758539458485,16.921868865331565,-138.0447585394585,3.2351176470588427,-2.3916292974589064,0.6071323134856741,0.662329318035855,-0.05519700455018095,0.8001232049607,0.7373887008436024,0.06273450411709758,133.3792179108918
140.69,2022-02-25,140.91,135.48,136.54,2105300,0.8228461668098248,0.8737285214488324,-0.05088235463900759,135.8925,132.215,134.72915428919427,133.90630812238444,0.44845205891193257,0.7436128644424398,-0.2951608055305072,0.08452678832190076,26.908802490254374,6.186500000000024,24.15633528054408,14.477956025667051,9.67837925487703,139.38,135.505,137.4425,135.63,24.29281961996766,19.4018686577429,59.7649938330818,43.37230777920529,43.02604064917063,136.17000000000002,128.60500000000002,88.0,24.0,64.0,135.3987272279976,133.9,0.0,0.0,34346.433647989936,5656.769999999997,4.123129081903668,23.84963954062107,-12067275.570402997,-2035330.2972828527,80.89116014828936,137.6680140399838,50.798357285990974,48.04366805012419,133.8635,141.14745297897966,126.5795470210203,10.882657302370964,0.6109630996153441,0.0,0.0,137.49399999999997,135.117,139.871,-3.457605422782099,0.923643247791334,1.0,1.0,128.69,142.32,135.505,10.182013767755958,0.49816581071166505,4.709142356874912,3.1729642001039,52.38115259901342,0.38357247304913783,0.25459277472063047,0.3733383313320811,5.2734140281304045,1.1937014650363018,-16.326530612245048,-9.682459556260907,-116.32653061224505,3.7972941176470556,-0.338384581432991,0.6144939535318827,0.6527622451350606,-0.038268291603177906,0.9437788446826326,0.7786667296114085,0.16511211507122414,133.40051097351935
142.08,2022-02-28,146.22,139.7,140.7,3289300,1.158429299475074,0.9306686770540807,0.22776062242099326,135.86333333333334,132.67538461538462,135.49389978316438,134.3354704836893,0.42811915383508437,0.765577780975679,-0.3374586271405946,0.09280336239602899,27.262207994494048,2.530000000000001,28.22579007893595,18.487940005940402,9.737850072995549,139.38,135.505,137.4425,135.63,25.215345991062975,19.892772963105426,62.83662955640872,36.687209633424445,137.21482496662338,136.17000000000002,128.60500000000002,84.0,20.0,64.0,135.9524290497578,133.9,0.0,0.0,34346.433647989936,5798.849999999997,3.894318193200223,106.09649103481804,-18396114.864864897,-2860090.6807716875,85.31674030772248,138.18601344796386,51.14338004527388,48.04366805012419,134.56,141.25533568986552,127.8646643101345,9.951450193022456,0.883849312274231,0.0,0.0,137.901,135.16000000000003,140.642,-3.975315624977317,0.171835096680046,1.0,1.0,131.32,142.32,136.82,8.174791914387633,0.7618181818181814,5.312228121187422,3.1736671082183805,57.62319814803249,0.6592354373468196,0.34760263679865244,0.32542466652478935,7.097257092132231,11.367973391051747,55.442176870748185,0.35696257301486395,-44.557823129251815,4.587235294117647,-0.24991074616210118,0.8623405979850479,0.6946779157050581,0.16766268227998982,1.1249609935260227,0.8479255823943315,0.2770354111316913,133.48652616483025
139.71,2022-03-01,144.35,138.49,141.72,3386900,1.3116248672387485,1.0068599150910142,0.30476495214773425,135.98,133.16384615384615,135.95483827806217,134.64321341082342,0.49040731995277487,0.7497048406139303,-0.2592975206611554,0.10253301909074919,26.75039430887008,1.9254999999999995,30.21180582677131,21.85000666680773,8.361799159963581,139.38,135.505,137.4425,135.63,43.311493594547755,19.840091540430628,59.044031568843145,40.0603553047379,115.29656252467042,135.13,128.60500000000002,80.0,16.0,64.0,136.46183472577718,133.9,0.0,0.0,34346.433647989936,5659.139999999997,4.003724680816907,66.78997802984445,800050.103786408,-2274431.246591108,84.10665369354928,138.482321810547,43.90348177818253,47.62754179142233,135.0845,141.26587355285915,128.90312644714083,9.151862060945788,0.7754646658124087,0.0,0.0,138.3623333333333,135.40133333333333,141.32333333333332,-4.280066588450131,0.478441967803667,1.0,1.0,133.83,142.32,138.075,6.28495497262823,0.5488810365135462,5.24600530906868,3.1875990409319517,55.72885085527696,0.5596175715257192,0.5341418273072255,0.37877907960883617,7.856655542486858,6.534325607922305,34.863945578231515,24.659863945578195,-65.13605442176849,4.601323529411786,1.0212269312130757,0.974148517412993,0.7505720360466451,0.2235764813663479,1.116481811892268,0.9016368282939189,0.21484498359834903,133.57636188639344
139.92,2022-03-02,141.12,131.88,133.25,4692800,0.8894091454895943,0.9833697611707303,-0.093960615681136,135.55249999999998,133.48153846153846,135.32794008143722,134.43853093594763,0.6655649038461539,0.6775841346153835,-0.012019230769229616,0.10289559318915806,26.689340472422927,-0.14750000000000796,26.62678369408876,24.260235364706976,2.3665483293817857,139.38,135.505,137.4425,135.63,33.05836102884765,18.983307122339994,59.044031568843145,50.45380609875012,-49.09544646992519,134.5575,129.26500000000001,76.0,12.0,64.0,136.930487947715,133.9,0.0,0.0,34346.433647989936,5519.219999999997,4.001532204783229,-74.87590454584787,32904159.519725546,422317.1331471545,77.42840111213543,138.0862055107097,36.62083257336592,47.62754179142233,135.1575,141.14835261043757,129.16664738956243,8.864994706823627,0.22645796741103474,0.0,0.0,138.07833333333332,134.38833333333332,141.76833333333335,-5.344792207321949,1.3398825654923194,0.0,1.0,133.83,142.32,138.075,6.281560401753496,-0.2296819787985891,5.245404778161813,3.521215063344211,46.69743147951077,0.11036433039191028,0.44307244642148297,0.44160563684245363,5.222085161326805,-7.071283164859588,-77.55102040816337,4.25170068027209,-177.55102040816337,3.942970588235255,-3.7442522443617223,0.6615730916558048,0.7327722471684771,-0.07119915551267231,1.1089867527436672,0.9431068131838687,0.16587993955979852,133.5364656944772
146.48,2022-03-03,148.78,140.65,142.0,3280000,1.2480787749398417,1.0363115639245526,0.21176721101528906,136.0225,133.94230769230768,136.1467185304469,134.89863975550705,0.5056001947893841,0.7316776235695147,-0.2260774287801306,0.1096487289510996,26.949159307938775,1.42349999999999,29.03963500614724,26.2201727291523,2.8194622769949405,139.38,135.505,137.4425,135.63,41.74093999996995,19.615212139275364,66.16287444932773,37.35411869429067,163.2110153064635,134.5575,129.41,72.0,8.0,64.0,137.3616489118978,133.9,0.0,0.0,34346.433647989936,5665.699999999996,3.7761541733926216,119.33916753213057,-37977812.67067177,-2452764.275468893,87.16929889800137,138.4621871359435,44.16894708031925,47.62754179142233,135.5865,141.85396607489713,129.31903392510287,9.244970664331817,0.9039511294908058,0.0,0.0,138.82033333333334,134.54533333333333,143.09533333333334,-6.159040102194451,0.2860038986354777,1.0,1.0,133.83,142.32,138.075,6.261685344779886,0.8032979976442884,6.410864300345632,3.4756126338087108,56.71938083488882,0.797213742743537,0.4890652148870555,0.488759829538588,6.852150580248921,4.217205363505541,71.5986394557825,9.637188208616863,-28.401360544217496,5.850176470588252,4.17746833567885,0.92519744987932,0.7712572877106456,0.15394016216867434,1.4657430449221762,1.0476340595315303,0.4181089853906459,133.74708350958403
143.47,2022-03-04,147.16,141.62,145.29,2418100,1.5922435413189078,1.1474979594034238,0.44474558191548397,136.40666666666667,134.51153846153846,136.98876183345504,135.39651829213614,0.4882694541231126,0.7473867595818807,-0.2591173054587681,0.12157003978142597,27.07201048461957,-2.6049999999999898,32.6772700443451,27.696336736733297,4.980933307611803,140.865,136.99,138.9275,136.99,59.80045765564198,20.618112259900442,66.70175407581954,33.109473233220676,164.52280909786185,134.495,130.10000000000002,100.0,4.0,96.0,137.75831699894596,133.9,0.0,0.0,34346.433647989936,5809.169999999996,3.813815682868983,122.17155788468332,-1088345.9956785336,-2631635.280025032,88.15874717386345,138.9422111768829,51.52421671499647,47.95600759688042,136.105,142.56451546170348,129.6454845382965,9.49195909291134,0.9268896043903586,0.0,0.0,139.704,135.416,143.992,-6.138693237129926,0.2765858208955209,1.0,1.0,133.83,145.29,139.56,8.41996987619851,0.6797556719022693,6.420777870311068,3.4268543323275926,57.667439962633026,0.8621885127882757,0.5899221953079077,0.5073532855388154,8.40176371835321,8.907306126419078,58.531073446327795,17.526230831315623,-41.468926553672205,7.100470588235282,3.3647179038026525,1.1759855876673497,0.8522029477019865,0.3237826399653633,1.5541992480870725,1.1489470972426388,0.4052521508444338,133.96851496617808
140.86,2022-03-07,147.87,140.69,143.45,4305700,1.7695550415723744,1.271909375837214,0.49764566573516045,137.00583333333333,135.01153846153846,137.55818308984658,135.7886280482742,0.47924197612005703,0.7297622959798438,-0.25052031985978673,0.13480719270224878,27.281228755081084,-1.8540000000000134,35.96108457782072,28.746456315991598,7.214628261829123,140.865,136.99,138.9275,136.99,75.68933056853344,21.54937665762373,63.63070029335882,31.585060953258985,129.84638908642884,133.16250000000002,130.66,96.0,0.0,96.0,138.51148529905137,133.9,0.0,0.0,34346.433647989936,5668.309999999997,3.8043275216580468,86.00422104401414,1772895.0731222478,-2523949.663153149,87.23373799436901,139.44857473776298,51.23489255708308,47.641086773090706,136.674,142.62381814848035,130.72418185151966,8.706583766452063,0.8374893063770129,0.0,0.0,140.308,136.41299999999998,144.203,-5.5520711577387045,0.4509627727856221,1.0,1.0,136.44,145.29,140.865,6.475262302998372,0.48022598870056526,6.40370008327996,3.2937941484370232,56.39201340098687,0.7747777752859734,0.8113933436059287,0.6301269179336306,9.156946912794844,12.47175477334255,48.02259887005653,59.38410392405559,-51.97740112994347,7.155029411764701,5.385767790262171,1.3031688050808496,0.9423961191777592,0.3607726859030904,1.456764010912216,1.2105104799765543,0.2462535309356617,134.11980434388755
146.8,2022-03-08,151.28,143.35,143.54,4119900,2.1005021709268306,1.4376279348551373,0.6628742360716933,137.71666666666667,135.6876923076923,138.44923184525481,136.34872967432798,0.4866966844044208,0.7462136717151038,-0.25951698731068296,0.15195054930373358,27.488625572354785,-2.211500000000001,38.924507871081104,29.932529170987063,8.991978700094041,140.865,138.305,139.585,136.99,87.0633240675069,22.426227633654246,59.295747076974884,29.320906672521158,152.47790623887494,133.01999999999998,137.48000000000002,92.0,0.0,92.0,139.18933676914622,133.9,0.0,0.0,34346.433647989936,5815.109999999997,3.7850229840232528,129.50190375201208,-9226839.237057231,-3152191.4899880416,90.00925864260272,140.02509948428107,51.6580714194998,47.641086773090706,137.1515,143.61293412873533,130.69006587126466,9.422330967922822,0.9796535781765525,0.0,0.0,140.76766666666668,136.15066666666667,145.38466666666665,-6.559745017203272,0.22034510143671826,1.0,1.0,136.44,145.29,140.865,6.452718344312672,0.7807909604519775,6.822330074951964,3.24230278150879,59.17334011643712,0.9653946455498145,0.8674536445413544,0.7562563944850637,10.691779822001564,10.784208853848734,78.07909604519776,61.544256120527336,-21.92090395480225,7.510470588235279,6.326954457795581,1.5405366635566957,1.0620242280535466,0.47851243550314915,1.6999467286541246,1.3083977297120684,0.3915489989420562,134.2722051854942
147.75,2022-03-09,153.98,147.33,153.98,6167300,2.653346763202535,1.680771700524617,0.9725750626779179,138.74916666666667,136.43115384615385,139.81550386906179,137.16215710585925,0.45264337754530193,0.7759200448346718,-0.3232766672893699,0.1764334052421408,27.349934281398514,1.4989999999999952,45.63558545237028,32.38431087023384,13.251274582136439,147.445,143.905,145.675,141.33499999999998,93.53166203375345,24.38393048581538,67.99617400028171,22.76579369612174,223.1361607502019,133.01999999999998,137.48000000000002,100.0,12.0,88.0,139.7994030922316,133.9,0.0,0.0,34346.433647989936,5962.859999999997,3.720670482320816,195.0080603588679,0.0,-3202950.379387615,94.11142118184237,141.15297115110835,58.989892055558194,47.641086773090706,137.721,145.52354035554998,129.91845964445002,11.330937700931564,1.1157609933516772,1.0,0.0,142.05366666666666,137.61366666666666,146.49366666666666,-6.251158599684153,-0.0941816816816844,1.0,0.0,136.44,153.98,145.20999999999998,12.73589358195191,0.6208665906499441,7.203097067456767,2.9916786808868223,62.97812812409549,1.0,0.9133908069452626,0.8640792650308486,13.254224175324792,12.623523486904247,62.08665906499441,62.72945132674954,-37.913340935005586,10.202852941176445,9.181858603823931,1.9344597804442012,1.2365113385316775,0.6979484419125237,1.9217853505829434,1.4310752538862435,0.49071009669669996,135.00601141322664
148.75,2022-03-10,148.86,143.33,145.25,2537900,2.737161224236729,1.8920496052670395,0.8451116189696897,139.09166666666667,136.9276923076923,140.35619558151382,137.6190343572771,0.5160341555977229,0.8354838709677415,-0.31944971537001854,0.198521351828059,27.351483618237843,-1.9050000000000011,53.47117849911671,35.641515672297466,17.829662826819245,147.55,143.905,145.72750000000002,141.33499999999998,96.76583101687672,24.9892932614951,67.99617400028171,34.36221981182905,95.94734502316841,133.01999999999998,137.48000000000002,96.0,8.0,88.0,141.50107472116383,133.9,0.0,0.0,34346.433647989936,5814.109999999997,3.762564397183178,82.14976602188679,16806218.48739498,-2136634.0628057327,90.07286827340553,141.8623238947444,58.311774339434,47.641086773090706,137.885,146.0077692322253,129.7622307677747,11.781947611742098,0.8351689457333212,0.0,0.0,143.29233333333332,138.81133333333332,147.77333333333334,-6.25434717372645,0.49579706910659666,1.0,1.0,136.44,153.98,145.20999999999998,12.720745548826917,0.3928164196123157,6.6907873607110915,2.912136798912873,57.207764358876446,0.6774719264364732,0.8809555239954291,0.8872666584940153,13.478320114714059,8.620263747778916,39.28164196123157,59.81579902380789,-60.71835803876843,10.113205882352958,2.9521620456831013,1.9889408736372172,1.3869972455527855,0.6019436280844317,2.126725150455947,1.5702052332001841,0.5565199172557627,135.59066483171526
147.02,2022-03-11,149.82,146.38,148.63,1682500,3.014939947562823,2.1166276737261964,0.8983122738366265,139.95833333333334,137.47807692307694,141.2829347228194,138.26799477525657,0.5111585484183974,0.8197166699010281,-0.30855812148263073,0.22204967866114111,27.32424141212865,-7.749499999999983,60.52304139262671,39.230099151596434,21.292942241030275,147.55,143.905,145.72750000000002,141.33499999999998,98.38291550843836,25.908893953153576,67.51278825286818,30.42856514301761,121.46269601971599,133.4625,137.48000000000002,92.0,4.0,88.0,142.99854575462416,133.9,0.0,0.0,34346.433647989936,5961.129999999997,3.870870092118628,134.47279944733117,-1756427.696911971,-965600.1048442299,93.20138986693094,142.61394290916076,58.61834212950049,48.65486835864799,138.34949999999998,147.26145483606066,129.4375451639393,12.883248347208612,0.950546493318502,0.0,0.0,144.35566666666665,140.19266666666664,148.51866666666666,-5.767698762547151,0.2568660421170622,1.0,1.0,136.44,153.98,145.20999999999998,12.678036422249445,0.5667046750285064,6.67070862463998,2.7494202305643074,60.20208494456824,0.8448361498076017,0.8407693587480249,0.8783718965629056,14.646924257069774,18.733527716776383,56.67046750285064,52.679589509692185,-43.32953249714936,10.095558823529387,7.648183556405358,2.180504571910053,1.545698710824239,0.634805861085814,2.1644261677602863,1.6890494201122046,0.4753767476480817,136.23739855138763
151.08,2022-03-14,151.45,146.7,147.08,2601200,3.2237416259799545,2.3380504641769484,0.8856911618030061,141.29999999999998,138.0723076923077,142.11632938084716,138.8925877548672,0.5396587847949716,0.7957697296218694,-0.2561109448268978,0.24547980812322442,27.280648339311888,-3.3540000000000134,64.91220156163806,43.08569867769275,21.82650288394531,147.55,143.905,145.72750000000002,141.33499999999998,99.19145775421919,26.762808881122165,66.43112155768092,29.94104912791451,110.16952500602511,133.4625,137.48000000000002,88.0,0.0,88.0,144.31632026406925,133.9,0.0,0.0,34346.433647989936,6112.209999999997,3.8276654623405295,122.16891381199801,-115700.29123644848,-891363.1083862472,93.5316644946123,143.13063896612087,58.99967961256251,48.65486835864799,138.834,148.42937888777644,129.23862111222357,13.822808372266785,0.9098848045500576,0.0,0.0,144.976,140.928,149.024,-5.5843725858073086,0.28705533596838084,1.0,1.0,136.44,153.98,145.20999999999998,12.633792874944172,0.5849486887115163,6.51063776217598,2.7472321833789386,60.51426729298377,0.8622852354340388,0.794864437226038,0.8388631066564973,15.6602039698922,10.84312563337542,58.49486887115163,51.48232611174459,-41.50513112884837,10.196705882352973,12.327718223583457,2.3210321573600208,1.7007654001313957,0.6202667572286251,2.3920852272482405,1.829656581539412,0.5624286457088286,136.63202234342398
151.06,2022-03-15,152.46,149.47,150.86,3323200,3.571563549230092,2.584753081187577,0.9868104680425147,142.46583333333334,138.8476923076923,143.24766332225528,139.6760997730252,0.49365140438630206,0.8086764140053863,-0.3150250096190842,0.2712818470579601,27.085345109559185,0.14300000000000068,71.70224155861091,48.09408288486187,23.60815867374904,150.57,145.20999999999998,147.89,141.33499999999998,99.5957288771096,27.946995640723742,68.70356367041083,27.15646336910083,131.5032288627925,133.4625,137.48000000000002,84.0,48.0,36.0,145.47596183238093,133.9,0.0,0.0,34346.433647989936,6263.269999999998,3.3180863089380725,164.49281183885566,-2536740.368065671,-1278167.7224677172,96.3839903296498,143.99814836614237,66.04444012635264,49.57357309861701,139.557,150.02985462517194,129.08414537482804,15.008712748442498,0.9732711545605578,0.0,0.0,145.917,141.972,149.86200000000002,-5.40718353584573,0.04968314321926788,1.0,1.0,136.44,153.98,145.20999999999998,12.568341251245007,0.7428734321550745,6.435573985958385,2.6351543641198316,63.20488884115375,1.0,0.9023737950805467,0.8460025303515365,17.34106779894668,14.81430276010309,74.28734321550745,63.150893196503226,-25.712656784492548,10.457147058823523,10.326247416592862,2.557032702827407,1.872018860670598,0.6850138421568088,2.538623082864082,1.971449881804346,0.5671732010597361,137.4907663696202
152.08,2022-03-16,153.37,149.12,151.74,1687800,3.7754517962297314,2.8228928241960083,0.9525589720337231,143.25083333333333,139.43692307692308,144.15109973421602,140.3756479379863,0.418854642313546,0.7947108066971075,-0.37585616438356145,0.2964115359900327,26.717910447991027,-1.6724999999999852,81.77380446392199,53.953435046836844,27.820369417085146,150.57,145.20999999999998,147.89,141.33499999999998,99.7978644385548,29.13411081463955,67.15221191548264,25.74920260811389,121.6736125827033,133.51999999999998,137.48000000000002,80.0,44.0,36.0,146.49644641249523,133.9,0.0,0.0,34346.433647989936,6111.189999999998,3.2151454633257623,133.38983871901928,-959264.8605996774,-2274371.312247143,96.02787873534996,145.2575227743017,72.73861272163754,49.57357309861701,140.1625,151.3520895813915,128.97291041860848,15.966595318136473,0.9002604355970522,0.0,0.0,147.5163333333333,144.19533333333334,150.83733333333333,-4.502552259749766,0.25855665964067,1.0,1.0,136.44,153.98,145.20999999999998,12.514046196379198,0.7229190421892824,6.182016587362547,1.9224500322104372,62.624221085377826,0.9648239130318654,0.9423697161553014,0.879869316153962,18.526317480384215,17.411165010198477,62.81560826319826,65.19927344995243,-37.18439173680174,9.558911764705897,6.743020758768801,2.689534724639427,2.035522033464364,0.6540126911750632,2.677279017801551,2.112615709003787,0.5646633087977637,139.72111417887234
155.13,2022-03-17,155.29,150.17,151.45,1941900,3.9759288923550287,3.0535000378278125,0.9224288545272161,144.22416666666666,139.98423076923075,145.07708439049048,141.10115549813545,0.4540503069914833,0.7864923747276683,-0.332442067736185,0.32083534919204204,26.502167899815703,-9.116000000000014,91.08590427847354,60.44328329507333,30.642620983400207,150.925,145.20999999999998,148.0675,141.33499999999998,99.8989322192774,30.236432047561372,63.51401911195169,24.35415453816489,121.11899845420412,134.0075,137.48000000000002,76.0,40.0,36.0,147.3944728429958,133.9,0.0,0.0,34346.433647989936,6266.319999999998,2.8421838594938906,137.6036474734447,-2017404.7573002898,-1556523.3970255214,97.12019700251732,146.31213121916912,73.125550042968,49.57357309861701,140.996,152.55369250326316,129.43830749673685,16.394355163640324,0.8968785290580202,0.0,0.0,148.36566666666664,145.33866666666665,151.39266666666668,-4.080458866269621,0.20196013654884226,1.0,1.0,136.44,153.98,145.20999999999998,12.44006922182189,0.7827822120866589,6.180814928626291,1.7132559558602953,63.701604787630366,1.0,0.9882746376772884,0.9443393829710455,19.816852824009718,15.653862852355944,70.37325038880243,69.15873395583604,-29.626749611197564,10.136323529411783,8.433821936601904,2.817786203322458,2.191974867435983,0.6258113358864748,2.9172379293977047,2.2735401530825707,0.6436977763151339,141.00108702517022
157.17,2022-03-18,157.8,152.8,154.06,2675000,4.29748868114433,3.302297766491116,0.9951909146532136,145.9675,140.4746153846154,146.26522525349196,141.96773657234763,0.47890058240523103,0.777459895780116,-0.29855931337488495,0.34676591097769227,26.398354334428358,-1.2449999999999761,99.39351479170014,67.4913310966155,31.902183695084645,151.46,145.25,148.35500000000002,141.375,99.9494661096387,31.534140695793727,63.831890071166676,22.192392543160125,140.43997827267793,135.04,136.11,100.0,36.0,64.0,148.1847361018363,133.9,0.0,0.0,34346.433647989936,6423.489999999998,2.8285307619709927,176.99699783438172,-6091747.789018314,-677640.034465051,99.8727913955386,147.2461915012319,73.49095307020033,49.57357309861701,141.89499999999998,154.16633815033978,129.62366184966018,17.29636442487727,0.9443280702723551,0.0,0.0,149.38533333333334,146.17133333333334,152.59933333333333,-4.302965931505991,-0.031217589711679764,1.0,0.0,136.44,154.06,145.25,12.417632756615813,0.9284903518728723,6.325733435763665,1.7119535249662994,66.3203813625452,1.0,0.9882746376772884,0.9729729971699594,21.69004451169605,13.871245582986816,90.26275115919636,74.48386993706566,-9.737248840803641,10.663794117647058,15.862905671822883,3.0270882560378802,2.3589975451563627,0.6680907108815175,3.1764558737180857,2.454123297209674,0.7223325765084119,142.6530406417917
154.96,2022-03-21,157.22,153.86,157.17,2909500,4.585007163174197,3.5588396458277325,1.0261675173464644,147.06833333333333,141.1196153846154,147.43365213757014,142.84864497439594,0.4403932814420319,0.7742728390004092,-0.33387955755837734,0.37327675143564176,26.192882778895044,-1.2209999999999752,106.84030161073473,75.03753040102146,31.80277120971327,153.015,146.805,149.91,142.93,99.97473305481935,33.0398535890718,64.54320418515243,20.04032409773246,137.83596923342824,135.6975,135.63,100.0,32.0,68.0,149.00727304757922,133.9,0.0,0.0,34346.433647989936,6578.449999999998,9.849892670643255,175.17708385804153,-40816.985028403265,-737701.9693803946,100.9477756887323,148.28790985003818,80.27241681283822,49.91747354026972,142.84099999999998,155.72369831983906,129.9583016801609,18.037815920973785,0.927666616357499,0.0,0.0,150.5933333333333,147.81633333333335,153.37033333333335,-3.688078268183631,-0.08816468611211101,1.0,0.0,136.44,157.17,146.805,14.512639928311893,0.8403280270139906,6.135160092187297,1.685870736350049,67.34301919117769,1.0,1.0,0.992183091784859,23.546216699980437,21.301781658338996,79.37694704049858,80.00431619616576,-20.62305295950142,11.443029411764712,9.392108069676507,3.2096959435604098,2.5291372248371724,0.6805587187232374,3.220694194850071,2.6074374767377533,0.6132567181123179,144.69761999474122
156.7,2022-03-22,157.47,155.01,155.59,1839400,4.849758029001833,3.817023322462553,1.0327347065392805,148.18416666666667,141.81192307692305,148.5992441164055,143.74948608740365,0.34923445474429754,0.7842933027809602,-0.43505884803666267,0.39978386803082455,26.120227407667084,-2.9405000000000143,111.69722586320717,82.37771266889222,29.31951319431495,153.015,146.805,149.91,142.93,99.98736652740968,34.43801556140143,61.98073854641216,19.244692047263676,120.47249153314999,136.325,135.63,96.0,28.000000000000004,68.0,150.31330935996655,133.9,0.0,0.0,34346.433647989936,6735.149999999998,9.263775448623479,175.8953575926065,797830.2488832049,-3031011.2030119905,102.11900277829423,149.72318391916073,78.8674356995615,49.91747354026972,143.6305,157.43141515081462,129.8295848491854,19.217248635651345,0.9122733846142189,0.0,0.0,151.59,149.399,153.781,-2.8906919981529158,-0.28046554084892367,1.0,0.0,136.44,157.17,146.805,14.43286767086377,0.8958031837916065,5.882644082968566,0.7771693915161481,68.46185782347153,1.0,1.0,0.9960915458924294,25.426773590546432,21.686400301216132,78.42157842157843,82.6870922070911,-21.578421578421565,11.714823529411774,9.454879254342597,3.3737567771567867,2.6980611353010953,0.6756956418556914,3.3080660793053247,2.7475631972512677,0.560502882054057,146.42574577670618
155.15,2022-03-23,157.0,152.85,156.5,1249600,4.829608330957939,4.01954032416163,0.8100680067963086,149.1975,142.49807692307692,149.2532065600354,144.42359822907747,0.41454993834771897,0.7543773119605424,-0.3398273736128234,0.4211345373423576,26.05030168835334,-1.1239999999999952,116.56991852757237,89.38868378316506,27.181234744407305,153.495,146.805,150.15,142.93,99.99368326370484,35.82750045429948,61.94852838260492,18.561192468105933,101.47313604726857,136.325,135.63,92.0,24.0,68.0,151.4103798623719,133.9,0.0,0.0,34346.433647989936,6579.999999999998,9.795422148223537,102.89259222223424,-70899.1298743148,-323374.52152645815,99.95705193641307,150.55558208964663,71.4713133604308,49.22189426895186,144.474,158.36331589387987,130.5846841061201,19.227426241233555,0.8015267297538665,0.0,0.0,151.95866666666666,149.71766666666667,154.19966666666667,-2.9494862638085793,0.30113044771679576,1.0,1.0,136.44,157.17,146.805,14.348602516715806,0.791606367583213,5.4933796746717105,0.8617929083880159,64.02494179823672,0.6323965852476633,0.8774655284158878,0.9591551761386293,25.853846459459195,16.173930307071142,56.84315684315687,71.54722743507794,-43.15684315684313,11.892941176470572,8.643116070793942,3.3440576125914383,2.827260430759164,0.5167971818322745,3.254267230450568,2.8489040038911275,0.40536322655944046,146.80758464017867
156.85,2022-03-24,157.07,154.05,154.89,1767200,4.854509754644823,4.1865342102582686,0.6679755443865547,150.08916666666667,143.15346153846153,149.99117478156842,145.1366650269236,0.4090851414795078,0.7180560842532671,-0.30897094277375925,0.4388786647094811,26.058864374317746,1.6835000000000093,121.73992855585905,96.19056013463532,25.549368421223733,154.31,146.805,150.5575,142.93,99.99684163185242,37.117736426276245,58.86591022828609,17.637569738690846,93.19550446011668,135.74,135.63,88.0,20.0,68.0,152.3319190843924,133.9,0.0,0.0,34346.433647989936,6736.8499999999985,9.69925257635762,115.0822219047726,1070194.4532993482,-169193.06088518086,101.18845527301761,151.3057839310631,64.20099156484903,49.22189426895186,145.6465,158.57926656404126,132.71373343595874,17.759117540127995,0.8248918148482401,0.0,0.0,152.911,150.81300000000002,155.00900000000001,-2.7440798896089866,0.22855100095328973,1.0,1.0,140.91,157.17,149.04,11.164016986333342,0.8081180811808132,5.366041707204539,0.8775440225613849,65.36778402154866,0.7436525531216468,0.7920163794564367,0.889827302624108,26.580745766017706,14.176382076230459,66.451612903226,67.23878272265375,-33.548387096774,11.749205882352953,7.4642483432159175,3.3447852434423013,2.930765393295791,0.4140198501465102,3.2625262710430722,2.9316284573215166,0.3308978137215557,148.4390493659498
156.41,2022-03-25,158.0,155.73,156.96,1618700,4.9527144626086965,4.339770260728354,0.6129442018803424,150.78916666666666,144.00846153846152,150.87407096901944,145.92135650641075,0.37433015292118665,0.7465690759377857,-0.372238923016599,0.45483462637718836,25.97779624189728,-3.3290000000000077,125.02896817259521,102.87020086918614,22.15876730340908,154.815,146.805,150.81,142.93,99.99842081592621,38.534372850048044,59.73712049574059,16.38505151375886,103.52013393250539,135.735,135.63,84.0,16.0,68.0,153.10601203088962,133.9,0.0,0.0,34346.433647989936,6893.259999999998,9.754435403924269,136.1803044898046,-997378.6842273531,-367069.7578387238,102.8941923713623,152.19636573369962,70.90636411697754,49.7586861051858,146.65900000000002,159.41908134770244,133.8989186522976,17.40102052748542,0.855444442430349,0.0,0.0,153.773,151.69,155.856,-2.709188218998132,0.030244839174269053,1.0,1.0,141.12,157.17,149.14499999999998,10.943753878043612,0.9102803738317757,5.224437536484084,0.8598144096049646,67.21296249655708,0.8890274609106967,0.7550255330933355,0.8081691469885532,27.71187655136907,19.187711994740074,82.6714801444043,68.65541663026238,-17.328519855595694,11.324058823529356,5.701486458969645,3.394098424784798,3.0234319995935923,0.37066642519120574,3.206754732941619,2.9866537124455372,0.22010102049608182,149.9571761816922
158.76,2022-03-28,158.85,155.55,156.41,1621300,4.958855308305658,4.463587270243815,0.49526803806184283,151.8075,144.80576923076924,151.59344466609338,146.63458935778772,0.37514484356894523,0.741309385863267,-0.36616454229432177,0.4676326874369786,25.410889626665135,-1.0715000000000146,127.23238673635709,109.04021700004681,18.192169736310277,155.26999999999998,146.805,151.0375,142.93,99.9992104079631,39.849820957836144,58.68830882360223,16.097377231275757,94.74493662832803,136.5525,135.63,80.0,12.0,68.0,153.7562501059473,133.9,0.0,0.0,34346.433647989936,6734.499999999998,9.725963572713242,112.64357527697587,-230536.65910807435,275523.28344335884,102.71069015598955,152.96601582847418,71.21386122348386,49.7586861051858,147.4515,160.3523484604689,134.55065153953112,17.498429599521053,0.81387470462953,0.0,0.0,154.62566666666666,152.73566666666665,156.51566666666668,-2.4446135505748483,0.25546737213403603,1.0,1.0,141.12,157.17,149.14499999999998,10.884935046438986,0.899065420560749,5.0139937828356755,0.8603691599897808,66.80228836723502,0.8525363716360231,0.8284054618894556,0.7918157914797425,28.54924403009285,17.260050177292793,80.5054151624551,76.54283607002846,-19.4945848375449,10.763558823529422,8.525779669294634,3.3817773350911593,3.095101066693106,0.2866762683980535,3.2470186386796565,3.0387266976923613,0.2082919409872952,151.03507452856013
158.61,2022-03-29,159.89,155.99,158.76,1625500,4.942255055694375,4.559320827333927,0.38293422836044755,152.60833333333332,145.6153846153846,152.26983779438672,147.32758273869234,0.37115537848605584,0.7047011952191229,-0.33354581673306705,0.47735548640646863,25.07717502886676,-1.6265000000000214,127.63241310968651,114.13561796068731,13.496795148999198,157.02499999999998,147.6,152.3125,143.725,99.99960520398156,41.318388912756745,59.878134519575624,14.778332665746605,103.93264848011022,136.5875,135.63,100.0,8.0,92.0,154.30245008899573,133.9,0.0,0.0,34346.433647989936,6893.109999999998,9.815061912674675,106.52140738026499,-1207584.6415736615,189267.23761666878,103.15934589369448,153.43365454632448,71.4459035322399,49.8994371298485,148.3265,161.05005653895495,135.60294346104507,17.156147470553055,0.8011540042494065,0.0,0.0,155.35399999999998,153.51100000000002,157.197,-2.3726456994991945,0.327455236028215,1.0,1.0,141.12,158.76,149.94,11.892682696618598,0.8429705215419511,4.946594404552106,0.8603691599897808,67.32780620068314,0.8992320770787918,0.8802653032085038,0.8212320993970983,29.395475423213906,12.941770920160085,72.02020202020213,78.39903244235383,-27.979797979797862,10.699176470588242,6.565104522475758,3.354602691378035,3.147001391630092,0.20760129974794328,3.2313482702815226,3.0772510122101937,0.1540972580713289,151.80595243646482
160.32,2022-03-30,160.62,157.4,158.6,1876400,4.985405797315764,4.644537821330295,0.3408679759854687,153.5,146.31461538461537,153.05909351832722,148.07368772101145,0.24272588055130176,0.6272588055130169,-0.3845329249617152,0.4855225208448979,24.868911336255955,-0.13249999999999318,129.56973941058934,118.41159964203351,11.158139768555827,157.88,147.6,152.74,143.725,99.99980260199078,42.682059156611594,55.86947564102424,13.788968268775228,109.7390493942217,137.64249999999998,135.63,96.0,4.0,92.0,155.1048090729765,133.9,0.0,0.0,34346.433647989936,7053.429999999998,9.802563674032669,123.59709204022707,-359094.31137726095,-1036826.5337242056,104.60848494106929,154.35734638235164,78.23954907851832,49.8994371298485,149.6025,160.45350893926377,138.7514910607362,14.50645402217714,0.859298386152148,0.0,0.0,156.10033333333337,154.21833333333333,157.98233333333334,-2.411269674845885,0.15471130003542413,1.0,1.0,147.16,158.76,152.95999999999998,7.753881118296817,0.8827586206896564,4.914934964096895,0.46230024981107165,69.02022813413217,1.0,0.917256149571605,0.8753089715565214,30.576420512831902,15.86824009953912,84.78747203579435,79.10436307281718,-15.212527964205655,10.732500000000016,7.293796864349024,3.3668411140734635,3.1909693361187665,0.175871777954697,3.2682231248317777,3.1154454347345104,0.15277769009726727,152.9348406235561
160.15,2022-03-31,162.13,159.65,160.32,2938900,5.141886796622401,4.744007616388716,0.3978791802336854,154.34833333333333,147.225,154.07307913089227,148.93119233426987,0.25055083412023915,0.6282656594271326,-0.3777148253068935,0.49433690135033403,24.632395297559967,-1.4324999999999761,130.86292064479156,121.908200292377,8.954720352414554,158.66,148.38,153.51999999999998,144.505,99.99990130099539,44.12888963997164,56.09597925114248,12.759766346505682,125.1357410359081,137.64249999999998,135.63,100.0,0.0,100.0,155.76274343984073,133.9,0.0,0.0,34346.433647989936,7213.579999999997,9.782917342328668,157.41715032019465,-1825257.5710271585,-1041742.9533038618,106.89779561451276,155.23160534632225,78.49216254392641,50.61273912185714,150.55249999999998,161.4288686495071,139.67613135049285,14.448605834519027,0.9182232274929503,0.0,0.0,156.94,155.26100000000002,158.619,-2.13967121192811,-0.3070279928528926,1.0,0.0,147.16,160.32,153.74,8.74113681273974,0.9490881458966575,4.896441467687205,0.42897886298761184,71.55256539440175,1.0,0.9664106923595973,0.9213107150465687,32.31809066292683,17.913227822672443,92.44644870349507,83.08470758649717,-7.553551296504929,11.149441176470617,6.810731250418149,3.452525099699498,3.2432804888349134,0.20924461086458468,3.248719769884985,3.1421003017646054,0.10661946812037959,154.40342772090975
159.43,2022-04-01,161.6,159.17,161.2,1528900,5.167598271331343,4.828725747377241,0.3388725239541017,155.18583333333333,148.32384615384615,154.8572208030627,149.68962253173135,0.23353194306521058,0.6352201257861638,-0.40168818272095325,0.5014308791662648,24.199425263517025,-1.2600000000000193,130.31094084348433,124.51604909601585,5.794891747468483,159.1,151.055,155.0775,144.945,99.9999506504977,45.56234580361791,56.123733101341514,12.237611851688728,114.11806163214669,137.4425,135.63,100.0,0.0,100.0,156.6741947518726,133.9,0.0,0.0,34346.433647989936,7054.149999999997,10.080441995255176,123.99664313159501,-43906.416609170075,-1036614.8194019134,106.41845706142787,156.09604485326085,71.20961241340979,50.46056803022862,151.43,162.11221512608603,140.747784873914,14.108452916972885,0.8622844095836857,0.0,0.0,157.517,156.172,158.86200000000002,-1.7077521791298882,-0.11449814126392614,1.0,0.0,147.87,161.2,154.535,8.802747143894859,0.8477119279819952,4.601797320918483,0.4212111425590526,70.23360518347708,0.8522726985795572,0.9507575661931856,0.9448081360414626,33.45704417225232,21.07631173336702,76.77345537757431,84.6691253722879,-23.226544622425692,11.265794117647062,6.73953862660943,3.452208766333091,3.2850661443345492,0.16714262199854169,3.15792642673917,3.1452655267595184,0.012660899979651585,155.10589048929225
156.77,2022-04-04,159.5,156.18,159.36,1913700,4.890334061814627,4.841047410264719,0.04928665154990863,155.68666666666667,149.12,155.0607252948992,150.1703912330846,0.2865975631933085,0.6310238225131846,-0.3444262593198761,0.5018877560889448,23.56505246267036,0.5955000000000155,127.6472425390927,126.28827317111424,1.3589693679784602,159.1,151.16,155.13,144.945,49.99997532524885,45.95132712425444,55.82217594003187,18.110522698664127,72.5720075264145,137.4425,135.63,96.0,8.0,88.0,157.57935580149808,133.9,0.0,0.0,34346.433647989936,6897.3799999999965,12.280882524737939,39.31965125565331,175926.5165528934,-842852.8990720159,103.47354093401695,156.61149532937,64.16908977674535,49.51266893862604,152.2045,161.8560956711821,142.5529043288179,12.682405147261866,0.7059504011274597,0.0,0.0,157.74333333333334,156.38933333333335,159.09733333333332,-1.7167128034993362,1.0773018217626846,0.0,1.0,148.86,161.2,155.03,8.107513246980199,0.5931928687196116,4.174617588826637,0.7175347459565687,62.50444951780481,0.0,0.6174242328598524,0.8448641638042118,32.380176874764075,10.582279954602104,35.887611749680815,68.36917194358338,-64.11238825031919,10.991235294117644,4.0021309182926155,3.2565234875256954,3.279357612972779,-0.02283412544708341,2.91440506103388,3.099093433614391,-0.18468837258051085,155.13503769605867
155.74,2022-04-05,158.67,155.02,156.17,1778000,4.524838352799378,4.777805598771651,-0.2529672459722727,155.87166666666667,149.70923076923077,155.05445986491475,150.52962151211537,0.3428518103770074,0.6136618141097437,-0.27081000373273634,0.4953009608410443,23.21467082223292,1.0720000000000027,122.78460019653228,126.97879335655423,-4.194193160021953,159.135,151.16,155.14749999999998,144.945,24.999987662624424,45.95593530282922,55.82217594003187,20.638261939937795,37.75029070765823,137.4425,135.63,92.0,4.0,88.0,158.30348464119845,133.9,0.0,0.0,34346.433647989936,6741.639999999997,12.292245016660791,7.894215361988628,3226531.3984846845,-543867.4519945615,102.31680895809176,156.97131093098412,57.254286139770365,49.14492213385715,152.788,161.60255523551703,143.973444764483,11.538282110528339,0.6266087704009424,0.0,0.0,157.803,156.387,159.219,-1.7946426874013761,1.482697740112992,0.0,1.0,148.86,161.2,155.03,8.07655051443829,0.49918962722852583,4.006155829943971,1.0543684392664887,59.75689329967966,0.0,0.28409089952651906,0.6174242328598524,30.6975576390976,3.4652040743000634,-4.568527918781421,36.030846402824544,-104.56852791878143,10.064941176470569,1.4528795811518316,3.005945479265818,3.224675186231387,-0.21872970696556937,2.637870360564088,3.0068488190043303,-0.36897845844024246,155.13455244245148
156.06,2022-04-06,156.53,154.0,155.0,2046900,4.105548685020466,4.6433542160214145,-0.5378055310009486,155.88333333333333,150.30576923076922,154.89223527031248,150.78668658529202,0.4112837285363866,0.606909239574818,-0.1956255110384314,0.48194910557718235,22.700004940354383,1.888499999999965,117.30612413191848,126.48614842056084,-9.180024288642358,158.865,151.16,155.0125,144.945,12.499993831312212,45.083320605285266,55.82217594003187,27.65689657094405,6.435916364278235,137.4425,135.63,88.0,0.0,88.0,158.30348464119845,161.2,0.0,1.0,34346.433647989936,6585.579999999996,12.37522276709884,-15.97370111829569,1622549.0196078315,-283870.75364398136,101.2899659700902,157.17287927204944,50.33337664621779,49.14492213385715,153.12150000000003,161.58242967704973,144.66057032295032,11.051262790724625,0.5519150987853562,0.0,0.0,157.77566666666667,156.2566666666667,159.29466666666667,-1.9255187217293641,1.7428132543340034,0.0,1.0,148.86,161.2,155.03,8.058959714997549,0.41653160453808724,3.756540246949573,1.4164381996658981,57.368868657165365,0.0,0.0,0.3005050441287905,28.600314757273786,-0.4311300377470769,-54.17558886509653,-7.618835011399064,-154.17558886509653,8.768588235294118,0.0909918107370248,2.722752769488157,3.124290702882741,-0.4015379333945841,2.4075907734799387,2.8869972098994525,-0.47940643641951386,155.11860104183762
158.61,2022-04-07,159.29,155.79,156.0,2624800,3.873050527244743,4.489293478266081,-0.6162429510213379,155.94833333333335,151.22538461538463,155.03035292103365,151.1573023937889,0.4169171318162314,0.5931730356376145,-0.17625590382138306,0.4661512244068588,22.356332996408916,-0.894500000000022,114.22429980520177,125.28562971307267,-11.061329907870899,158.865,154.18,156.5225,144.945,6.249996915656106,44.465157351473195,55.438030915239246,25.832104718488612,39.93189973109447,137.4425,135.63,84.0,4.0,80.0,158.30348464119845,161.1066,0.0,0.0,34346.433647989936,6744.189999999996,12.295000206214313,26.86709904146066,-3899628.0184099167,-127290.77002909586,103.13354973632396,157.32535384875922,50.41392287581757,49.14492213385715,153.74450000000002,160.9752882696135,146.51371173038655,9.406239923526979,0.6414437765102283,0.0,0.0,157.94466666666665,156.31466666666668,159.57466666666664,-2.0640139795793226,1.1609406952965324,0.0,1.0,149.82,161.2,155.51,7.401890799345664,0.5246045694200353,3.9098862222546145,1.5568710300205724,60.3624761176854,0.2110597481022651,0.0703532493674217,0.11814804963131359,27.559128233082735,2.879237944833718,-15.84582441113514,-24.863313731671052,-115.84582441113514,7.426852941176435,0.5031933423650095,2.5622649160242537,3.011885545511044,-0.44962062948679016,2.3297649000620653,2.7755507479319754,-0.44578584786991016,155.1322740498578
162.92,2022-04-08,163.9,158.02,158.51,2315400,3.824648260870674,4.356364434786999,-0.5317161739163252,156.3791666666667,151.89346153846154,155.49029862549003,151.66565036461935,0.3892977919236129,0.6439228167893392,-0.25462502486572625,0.4514707891893003,22.51267063724698,-0.27649999999999864,110.38286400877178,123.41346052111875,-13.030596512346975,158.865,154.18,156.5225,144.945,3.124998457828053,44.340124009470095,58.684470774719856,23.555795511864698,113.24944824491523,137.4425,135.63,80.0,0.0,80.0,158.30348464119845,161.01506799999999,0.0,0.0,34346.433647989936,6907.109999999996,12.069749511154304,74.93059917839527,-11777805.05769707,-965647.0609340006,105.46560956044618,157.61985084610936,50.684635633509274,49.14492213385715,154.3265,160.93998705298344,147.71301294701658,8.57077307265237,0.7792399811483576,0.0,0.0,158.26933333333335,156.20433333333335,160.33433333333332,-2.6094758302303034,0.5603712671509268,1.0,1.0,151.45,161.2,156.325,6.317774329100964,0.6738461538461561,4.329897600029154,1.5806027503805575,63.77526718042219,0.4516733995332923,0.22091104921185245,0.09708809952642472,27.592237571044915,5.702053227505408,31.905781584582723,-12.705210563883,-68.09421841541727,6.748735294117608,3.3824010467778978,2.521763004131679,2.9138610372351708,-0.3920980331034918,2.460304163011376,2.7125014309478557,-0.25219726793647945,155.20934088479373
165.49,2022-04-11,166.14,162.75,162.97,2172000,4.120462459456576,4.309184039720915,-0.18872158026433894,157.10416666666666,152.70615384615385,156.60717576003003,152.48671330057346,0.344468784227821,0.7247170500182563,-0.38024826579043525,0.44355141124680075,22.655975751330992,0.6009999999999707,108.50123772080178,121.28777436679823,-12.78653664599645,159.75,155.42000000000002,157.585,145.82999999999998,11.32150010741719,44.875043074619484,63.31109091588556,20.08680369120379,200.72941506522693,138.9275,136.99,100.0,0.0,100.0,156.53,161.01506799999999,1.0,0.0,34346.433647989936,7072.599999999996,12.018033971924718,176.05018501005287,-6417004.04858296,-1480992.3678958695,110.41920847197635,158.20433733854958,58.01853024060325,49.14492213385715,155.12900000000002,161.74115214585836,148.51684785414167,8.524714458106924,1.0762874047577344,1.0,0.0,158.971,156.83300000000003,161.10899999999998,-2.6897987683287856,-0.3837698783910284,1.0,0.0,152.46,162.97,157.715,6.775006607404153,0.9790675547098002,4.708907840026237,1.5806027503805575,69.72878889415416,0.8714174073209251,0.5113835183188274,0.2675492722993672,29.492014063557548,13.333569271284343,96.58385093167703,37.547936035041516,-3.416149068322965,7.12741176470584,5.6475170399220955,2.7021780260517163,2.87152443499848,-0.16934640894676356,2.661408475619357,2.702282839882156,-0.04087436426279911,155.88288198054533
167.18,2022-04-12,169.07,166.19,166.47,1862700,4.579684837728024,4.363284199322337,0.21640063840568757,157.97583333333333,153.68692307692308,158.0814564123331,153.50177157460507,0.30840805278294786,0.750972762645916,-0.4425647098629681,0.4440687127112683,22.612390044133654,-0.41499999999999204,109.06937315713145,119.00995589419179,-9.940582737060339,161.5,157.66500000000002,159.5825,147.57999999999998,35.54026270010503,45.779571164821085,66.58843811381647,17.947678483388195,235.8569900637651,138.9275,136.99,100.0,8.0,92.0,156.6588,161.01506799999999,0.0,0.0,34346.433647989936,7239.779999999996,11.890345321422604,233.05718715147384,-4999999.999999994,-1833071.001476275,113.95284410945716,159.07232407946387,65.26143176552793,49.14492213385715,155.965,163.64544660159672,148.2845533984033,9.848936109507536,1.1656513957062267,1.0,0.0,159.874,157.589,162.159,-2.8585010695923,-0.882056892778996,1.0,0.0,153.37,166.47,159.92000000000002,8.399320360337251,0.9786259541984732,4.870017056023612,1.536102308009557,73.18097162663058,1.0,0.7743636022847391,0.5022193899384729,32.28876280762194,21.51971602693212,97.18309859154928,75.22424370260299,-2.8169014084507165,8.391382352941179,6.716753355165999,2.9834736047343933,2.8939142689456627,0.08955933578873054,2.869370420389849,2.735700355983695,0.13367006440615414,157.14685744799633
171.07,2022-04-13,171.53,166.78,167.5,3755200,4.934349836798532,4.477497326817576,0.4568525099809557,158.91166666666666,154.58807692307693,159.4196938873588,154.48534405056026,0.2937074547567662,0.8115557031379728,-0.5178482483812066,0.4499437465976198,22.860278854010172,-0.8580000000000041,111.05308884716419,116.8088634722332,-5.755774625069009,162.015,158.18,160.0975,149.41,57.7098998803956,46.72929342080745,67.05572166815669,17.25096871910691,218.8471080480627,139.585,136.99,100.0,4.0,96.0,157.05124800000002,161.01506799999999,0.0,0.0,34346.433647989936,7410.849999999996,11.691011220690674,214.1820604155491,-4110802.5954287844,-2203142.2192425705,114.56016885823868,160.05848109620084,72.46682459974251,49.14492213385715,156.848,165.2081760746995,148.48782392530052,10.66022655653817,1.0940066280456295,1.0,0.0,160.847,158.36100000000002,163.333,-3.0911362972265444,-0.693282381335482,1.0,0.0,155.29,167.5,161.39499999999998,7.784606753034789,0.9410319410319412,4.917015350421251,1.5271587363751506,73.7342354560076,1.0,0.9571391357736417,0.7476287521257361,34.695098451326146,24.915230257963852,93.43664539653602,95.73453163992076,-6.563354603463983,10.121529411764698,7.219543555126961,3.194056929558061,2.953942801068142,0.24011412848991887,3.1878357859830175,2.8261274419835596,0.36170834399945795,158.24503379897536
173.05,2022-04-14,174.3,170.61,170.97,2298800,5.461516433371742,4.67430114812841,0.7872152852433318,160.13,155.48346153846154,161.14127944314976,155.67976300977801,0.284326018808778,0.8239811912225719,-0.5396551724137939,0.4631457481511083,23.084826560550756,-0.46999999999999886,114.0263336354217,114.99946267133734,-0.9731290359156475,163.75,159.91500000000002,161.8325,152.4,73.8248464125142,47.950554679142456,68.9145462374751,15.216356280147394,224.89623943845658,145.675,141.33499999999998,100.0,0.0,100.0,157.67817312000003,161.01506799999999,0.0,0.0,34346.433647989936,7583.899999999996,11.610550576954006,278.26769464189954,-6003813.926610838,-2560744.7365556764,118.53415554729013,161.1865361988552,72.86044755377078,49.14492213385715,157.87,167.60005652604227,148.13994347395774,12.326669444533174,1.1546724556995998,1.0,0.0,161.973,159.33499999999998,164.611,-3.257333012292178,-1.1370356330553473,1.0,0.0,156.53,170.97,163.75,9.146766326724519,0.9750692520775633,5.177313815379128,1.5271587363751506,77.04479804005416,1.0,1.0,0.910500912686127,37.920719954614135,30.815354523260236,97.50692520775634,96.04222306528054,-2.4930747922436653,12.122176470588272,9.372395666388874,3.508173655832654,3.0647889720210446,0.44338468381160956,3.4913073009417617,2.9591634137752,0.5321438871665616,159.85638395971048
172.03,2022-04-18,174.35,171.65,172.72,2195200,5.895262155092951,4.918493349521318,0.9767688055716324,161.31750000000002,156.5726923076923,162.75800568266519,156.86274352757223,0.2814343371623727,0.8391803787643607,-0.5577460416019879,0.480913161853201,23.286223479791637,0.8374999999999773,116.7025216371072,113.78338257111675,2.91913906599045,164.625,161.26999999999998,162.9475,153.275,85.4328539012285,49.237840797100596,69.7576135887696,14.301598909776006,192.23232806765557,145.72750000000002,141.33499999999998,100.0,0.0,100.0,158.74151927040003,161.01506799999999,0.0,0.0,34346.433647989936,7755.929999999996,11.598823264528567,264.0739096930566,-852758.2398418776,-2605189.1351795197,119.58281154635232,162.36809757782527,73.21492798367139,49.4444984718163,158.81250000000003,169.9461191330572,147.67888086694285,14.021086668942532,1.0765196315133392,1.0,0.0,163.198,160.43699999999998,165.959,-3.3836198973026748,-1.0306048533140135,1.0,0.0,156.53,172.72,164.625,10.1944116489571,0.9339098208770851,5.033582433841213,1.5268462704508794,77.86080312772495,1.0,1.0,0.9857130452578806,40.787237026604735,32.86503126379689,93.39098208770851,94.77818423066692,-6.609017912291497,13.70361764705882,9.053367217280812,3.7582296614981257,3.203477109916461,0.5547525515816645,3.633004760603445,3.093931683140849,0.5390730774625956,161.68555594314367
171.87,2022-04-19,173.62,170.4,171.68,2016700,6.06819384983072,5.148433449583199,0.9197604002475215,162.21333333333334,157.49653846153845,163.9336971161013,157.8655032662706,0.33376309427880796,0.8296535052377133,-0.49589041095890535,0.49817353631671624,23.352717763811,-0.4695000000000107,120.02394427008747,113.47664302373397,6.5473012463534985,164.625,162.08499999999998,163.355,153.275,92.71642695061425,50.12548146006429,69.69346150506071,16.526243910335086,144.28862197767774,145.72750000000002,141.33499999999998,96.0,0.0,96.0,160.13936734336002,161.01506799999999,0.0,0.0,34346.433647989936,7584.059999999996,5.267843892696847,195.65799402261993,998952.6968057138,-2447579.3252952783,118.3312094490613,163.37095489423126,65.63876188431233,49.08443075792309,159.6395,171.60488085478173,147.67411914521827,14.990501542264575,0.9496513788652112,0.0,0.0,164.55333333333334,161.61233333333334,167.49433333333332,-3.5745249767046,-0.49399297291171396,1.0,0.0,156.53,172.72,164.625,10.141600293160526,0.8567016676961091,4.7272241904570915,1.5392007814255935,74.43584528578774,0.8328631273510174,0.9442877091170058,0.9814292363723353,42.112089070729866,29.578944810468823,85.67016676961092,92.18935802169192,-14.32983323038909,14.45158823529411,6.7334794863764476,3.8439011210673066,3.331561912146631,0.5123392089206757,3.6904555290109684,3.213236452314873,0.47721907669609553,163.6164024365063
174.08,2022-04-20,177.15,172.26,172.26,2727200,6.282904506963405,5.375327661059241,0.9075768459041642,163.30416666666665,158.47961538461539,165.21466679054728,158.93176228358388,0.32382733364500627,0.858500857098334,-0.5346735234533277,0.5156142264649908,23.63189283370561,-4.322000000000003,124.60912979945769,114.288088097905,10.321041701552687,166.005,162.59,164.2975,153.275,96.35821347530712,51.00920791672702,67.46556045549123,15.570175367178141,140.63720980840128,145.72750000000002,141.33499999999998,92.0,0.0,92.0,161.397430609024,161.01506799999999,0.0,0.0,34346.433647989936,7758.139999999996,5.215279754044118,213.962394876531,-5772604.549632349,-2834258.628027785,120.2313784631458,164.47847037977243,66.07392456541595,49.08443075792309,160.502,173.4543613291159,147.54963867088412,16.13981299811328,0.9538940700167514,0.0,0.0,166.28033333333332,163.10033333333334,169.46033333333335,-3.824866039479522,-0.44019916142557114,1.0,0.0,156.53,172.72,164.625,10.087101718358648,0.9715873996294003,4.929501771411383,1.5392007814255932,76.11918985243615,0.9150098162869423,0.91595764787932,0.9534151189987753,43.74498503357942,30.274139898418973,97.15873996294005,92.07329627341979,-2.841260037059963,14.735058823529442,8.223911541119561,3.9532088593800037,3.4558913015933057,0.49731755778669795,3.79572160370688,3.3297334825932747,0.4659881211136052,166.1476177807868
173.06,2022-04-21,177.19,172.65,175.12,2683100,6.410636167030731,5.582389362253538,0.8282468047771925,164.67666666666668,159.37115384615387,166.35856420738617,159.94792804035544,0.34969706384961996,0.877582724871836,-0.527885661022216,0.5317242784070759,23.870049651844663,-6.472000000000008,130.1704931334036,116.05988735659409,14.110605776809507,169.51,164.245,166.8775,155.78,98.17910673765357,52.10688750721038,70.30979758576933,14.20899406132883,130.16941655881027,147.89,141.33499999999998,100.0,0.0,100.0,162.52968754812161,161.01506799999999,0.0,0.0,34346.433647989936,7931.199999999996,4.625496624188623,193.03825275131265,-1734369.5828036496,-2827766.6288689626,120.62318967875014,165.52434606621327,66.47609630615436,49.19555886657043,161.49200000000002,174.96966389252887,148.01433610747117,16.691432259838074,0.9139441408011838,0.0,0.0,168.26133333333334,165.02733333333333,171.49533333333335,-3.8440204126913793,-0.17851989280560507,1.0,0.0,156.53,175.12,165.825,11.511406137765338,0.8671328671328672,4.9295515942702455,1.5392007814255932,76.46906819117142,0.9320837699069839,0.8933189045149813,0.9178547538371024,45.17484406981428,24.17354925922572,86.71328671328672,89.8473978152792,-13.286713286713278,15.158205882352917,10.545524394928927,4.007951991358903,3.566303439546425,0.44164855181247775,3.782279961167298,3.4202427783080798,0.3620371828592184,168.45342046489182
167.49,2022-04-22,172.7,167.12,172.16,2078600,5.996515545521845,5.6652145989072,0.33130094661464504,165.68499999999997,160.06346153846152,166.4757081754806,160.47919262995876,0.4229852169766337,0.9160705770147843,-0.4930853600381506,0.5379315407408949,23.877118264415625,-8.145499999999998,130.11210451875115,118.25202519103625,11.8600793277149,170.63,165.20499999999998,167.9175,155.78,96.99231858680656,51.35724998167638,70.30979758576933,28.98943747662853,73.87906270371735,147.89,141.33499999999998,96.0,0.0,96.0,164.040525042347,161.01506799999999,0.0,0.0,34346.433647989936,7763.709999999996,5.530327061369824,33.144259501125134,1200967.221923682,-2738847.0832594736,115.25846509143476,166.22797156355983,65.96527644283724,47.619819274724875,162.1455,175.38171467791966,148.90928532208034,16.32634230110569,0.687912485595234,0.0,0.0,169.62466666666666,166.66566666666665,172.58366666666666,-3.4888793689597066,0.9232285682099778,1.0,1.0,156.53,175.12,165.825,11.465011363250909,0.5696611081226467,4.485596434843222,1.759399992186457,62.488802908363986,0.24985119187035976,0.6989815926880953,0.8360860483607989,41.985353474236945,7.7047002728900935,56.966110812264674,80.27937916283045,-43.03388918773533,14.34647058823532,7.805444458779507,3.736631177693498,3.60036898717584,0.13626219051765798,3.461923860312109,3.428578994708886,0.03334486560322336,168.3005286952354
169.85,2022-04-25,169.9,164.48,166.39,1627000,5.393127417040262,5.610797162533812,-0.21766974549355034,166.5583333333333,160.61384615384617,166.16867614848357,160.7755487314433,0.4694002447980425,0.8902998776009806,-0.42089963280293813,0.5328019235527734,23.918488723382893,-6.793000000000035,128.1389227889811,120.43399019861174,7.704932590369353,172.095,165.825,168.95999999999998,155.78,85.8591864030598,49.741911707092584,70.30979758576932,38.915656114280466,29.061844574963004,148.0675,141.33499999999998,92.0,52.0,40.0,165.37006203726537,161.01506799999999,0.0,0.0,34346.433647989936,7593.859999999996,5.455610761417165,-35.648348999035946,8855078.010008873,-2118907.6908697607,112.5753391938761,166.80682953460197,65.36867669579618,47.619819274724875,162.58300000000003,175.51706370789844,149.6489362921016,15.910720933798018,0.5733334875581881,0.0,0.0,170.30266666666665,167.53166666666667,173.07366666666667,-3.2542062367392965,1.5506435703115617,0.0,1.0,156.53,175.12,165.825,11.434159783003144,0.4276492738031193,4.3150367913589,2.0874736262402607,57.11995671026633,0.0,0.39397832059244786,0.6620929392651749,37.518581815613544,0.7460694349519811,42.764927380311924,62.148108301954416,-57.23507261968807,12.6071470588235,6.805194805194799,3.354445038187273,3.551184197378127,-0.19673915919085383,3.28367162331095,3.399597520429299,-0.11592589711834922,168.11851716252858
168.24,2022-04-26,170.15,167.85,168.64,2021000,5.127759197665341,5.514189569560118,-0.386430371894777,167.56333333333333,161.1926923076923,166.42734135640916,161.29958215874382,0.4174204843886788,0.8937846512985126,-0.4763641669098338,0.5236020114732701,24.04252372308916,-5.177999999999997,127.06542536994019,122.43355155559045,4.631873814349731,172.51,165.825,169.1675,155.78,47.01971899234526,48.613056672144054,68.08635391976685,33.58215509373693,45.069019629953395,148.35500000000002,141.375,88.0,48.0,40.0,166.54005459279352,161.01506799999999,0.0,0.0,34346.433647989936,7762.099999999996,5.462239197463746,50.43981514368358,-1121909.1773656823,-2429510.5891447864,116.0223771316193,167.6300056429888,71.91128731307839,48.59549285787068,163.198,175.903618599658,150.49238140034203,15.570801847642718,0.6830686150190756,0.0,0.0,170.7953333333333,168.1903333333333,173.40033333333332,-3.0504346332647705,1.0653230966090823,0.0,1.0,156.53,175.12,165.825,11.391070969006975,0.6089295320064546,4.450533112223011,2.0757883833995168,61.6495562577735,0.21839029402842378,0.15608049529959453,0.4163468028600459,35.18108047298749,1.5494296203216442,60.89295320064546,53.54133046440733,-39.10704679935454,11.309529411764714,7.7411900635470845,3.1790281965013585,3.4767529972027735,-0.29772480070141505,3.029684835242155,3.3256149833918704,-0.2959301481497154,168.10853652617186
166.09,2022-04-27,169.91,165.91,168.71,1951100,4.706655787070616,5.352682813062218,-0.6460270259916019,168.22083333333333,161.6561538461538,166.34775037850005,161.64109459142944,0.38182081343175645,0.8998407873787819,-0.5180199739470255,0.5085786890113703,24.106834098687866,-0.9439999999999884,124.81578371787967,123.96273987455885,0.853043843320819,172.51,165.825,169.1675,155.78,23.50985949617263,47.485372500806946,66.07038124005692,33.4141184190362,32.731090633037844,149.91,142.93,84.0,44.0,40.0,167.5696480416583,161.01506799999999,0.0,0.0,34346.433647989936,7596.009999999996,5.451391344003729,-2.796529876842584,61412.48720572673,-2541020.3414592226,114.1027191036181,168.4916054575051,71.23963377829932,48.033829133448464,163.694,176.003696015742,151.38430398425797,15.039886636947012,0.5900103462005122,0.0,0.0,170.88866666666667,168.42366666666666,173.35366666666667,-2.8849192261628467,1.509871534820824,0.0,1.0,156.53,175.12,165.825,11.356555524331988,0.5045723507261966,4.211479801000711,2.121996379842842,57.860399815936546,0.03569975355716188,0.08469668252852856,0.21158516614019032,32.02123652494897,-6.475627724522632,41.81933038534428,48.49240365543386,-58.18066961465572,9.779647058823542,4.993038855841024,2.9117940576728647,3.363761209296792,-0.4519671516239274,2.6939852007325396,3.1992890268600047,-0.5053038261274652,168.09712994179927
167.11,2022-04-28,167.6,164.68,166.9,1351000,4.224974701424344,5.127141190734644,-0.9021664893103001,168.38166666666666,162.02807692307695,166.09117339719234,161.866198695768,0.4406779661016955,0.9007482058329525,-0.46007023973125694,0.487794556663596,24.1740659958307,2.1319999999999766,120.74164418400098,124.70888549106768,-3.9672413070667005,171.36,165.825,168.5925,155.78,11.754929748086315,45.6861750473377,63.731022232243006,40.49267324900738,7.93482464786127,149.91,142.93,80.0,40.0,40.0,167.5696480416583,175.12,0.0,1.0,34346.433647989936,7428.899999999996,5.704460497182823,-31.76063989443626,862904.6735682952,-2200839.4348893506,112.86382271400929,169.11105812826452,64.50865842802139,48.033829133448464,164.05800000000002,176.02755237258165,152.0884476274184,14.591854554586343,0.5259825923576218,0.0,0.0,170.66766666666666,168.53566666666666,172.79966666666667,-2.498422860803556,1.904237023139456,0.0,1.0,156.53,175.12,165.825,11.33135842202148,0.438407746100054,3.9593318209006396,2.368007888431531,55.53001090573547,0.0,0.08469668252852856,0.10849128678555055,28.72168559270446,-8.019460671848998,6.951871657754022,36.55471841458123,-93.04812834224597,7.404676470588214,1.1858678955453192,2.610164898828137,3.2130419472030614,-0.6028770483749244,2.4490218360350013,3.049235588695004,-0.6002137526600029,168.0484919864113
162.45,2022-04-29,166.94,162.05,165.89,1583600,3.589640805816316,4.819641113750979,-1.230000307934663,168.03666666666666,162.3819230769231,165.46945441300892,161.8798136071926,0.499496981891349,0.8573105298457422,-0.3578135479543932,0.4598598930208417,24.16364232404465,2.602000000000004,111.54089092450204,124.13537096744489,-12.594480042942848,171.03,165.825,168.4275,155.78,5.877464874043158,43.80750385939348,60.89314672870903,41.11842884496163,-13.23829365339346,150.15,142.93,76.0,36.0,40.0,167.5696480416583,174.9696,0.0,0.0,34346.433647989936,7266.449999999996,6.023518098978884,-88.25819133808811,539704.5244690785,-1321017.3218774828,110.26943663191066,169.44312330629026,57.89546128619605,47.26671126472749,164.178,176.01577445299472,152.34022554700528,14.420658618078818,0.4101182401958316,0.0,0.0,169.96766666666667,168.06366666666668,171.87166666666667,-2.2404261202620845,2.579219187675073,0.0,1.0,156.53,175.12,165.825,11.323076173421533,0.2969338353953744,3.7893986388105745,2.8680082948864576,50.81707077744054,0.0,0.011899917852387294,0.060431094303148136,24.400639117027286,-26.35237492168167,-45.54565701558983,1.075181675836132,-145.54565701558982,5.696088235294127,-2.4911246164029044,2.2174727817062556,3.0139281141037,-0.7964553323974446,2.006902516461207,2.840768974248245,-0.833866457787038,167.50829513402337
163.38,2022-05-02,164.28,160.15,163.0,1443100,2.899397545088476,4.4355924000184785,-1.5361948549300024,167.48416666666665,162.61653846153845,164.65107681100756,161.75167926591908,0.6102325581395356,0.8392558139534891,-0.22902325581395355,0.42517396480081393,24.18938312136158,6.38300000000001,101.64182068813905,122.09291279167282,-20.451092103533767,169.7,165.825,167.7625,155.78,2.938732437021579,41.26432106310215,58.6837033025884,49.78599400399843,-47.9997143405507,150.5575,142.93,72.0,32.0,40.0,167.5696480416583,174.64841600000003,0.0,0.0,34346.433647989936,7103.069999999996,5.749479010212173,-119.99587828978994,2174072.7139184675,-707368.9816988092,108.35384267942686,169.3460894259138,51.21122450465296,47.26671126472749,164.227,175.98932306986907,152.46467693013093,14.32446926494312,0.32669239844109377,0.0,0.0,168.92466666666664,167.0556666666667,170.79366666666667,-2.2128207050874584,2.8474228642768176,0.0,1.0,156.53,175.12,165.825,11.319697735451543,0.19472834857450264,3.633458774929516,3.459721048700432,47.66941983073356,0.0,0.0,0.03219886679363862,19.80519357523822,-42.28206991266585,-38.09963099630991,-25.5644721180486,-138.0996309963099,4.372294117647073,-3.9752967981772365,1.792499192742153,2.769642329831391,-0.9771431370892378,1.6820257812242327,2.6090203356434425,-0.9269945544192097,166.50619891005013
164.9,2022-05-03,166.81,163.1,163.77,1277800,2.5608947334630727,4.060652866707398,-1.4997581332443248,166.85833333333332,162.89999999999998,164.41244960931408,161.851554875851,0.609724533185432,0.7916435570345729,-0.18191902384914094,0.390399336220724,24.287017742098957,7.076999999999998,93.74236294085068,118.6632720296054,-24.920909088754712,169.7,165.825,167.7625,155.78,1.4693662185107894,39.08881411639519,53.83499989398434,43.33375507217402,-26.22704048401275,150.81,142.93,68.0,28.000000000000004,40.0,167.5696480416583,174.02631104000002,0.0,0.0,34346.433647989936,7267.969999999996,3.621449447691614,-33.36003853410594,-3041843.54154033,-567500.6632374044,111.39133877683552,169.16099493798288,51.11074694681806,47.26671126472749,164.573,175.76123328322996,153.38476671677006,13.596681452279471,0.43417191245878406,0.0,0.0,168.1906666666667,166.21166666666667,170.16966666666667,-2.3532815931125772,1.7861714670709146,0.0,1.0,156.53,175.12,165.825,11.29589908429694,0.35341581495427604,3.9361128974365642,3.7623321519061896,52.58060230129237,0.16266834885462897,0.05422278295154299,0.022040900267976764,17.407728016182595,-10.176532592760068,-10.88560885608862,-31.51029895599615,-110.88560885608861,3.1504117647058933,-4.401852177480816,1.5822490772037494,2.532163679305863,-0.9499146021021134,1.481349443586085,2.383486157231971,-0.902136713645886,166.30278717235643
165.81,2022-05-04,166.78,161.92,165.67,2003800,2.172370938218563,3.682996481009631,-1.5106255427910678,166.04749999999999,163.14499999999998,164.02899582326577,161.8566248850472,0.6208277703604813,0.7776082395575059,-0.1567804691970246,0.35487426104795616,24.36654141906312,5.482000000000028,83.28193147807133,113.45343184567957,-30.171500367608246,168.22,165.825,167.02249999999998,155.78,0.7346831092553947,37.51532498539438,55.6466235085469,39.42708149203467,-31.94165292638011,151.0375,142.93,64.0,24.0,40.0,167.5696480416583,173.44153237760003,0.0,0.0,34346.433647989936,7102.159999999995,3.906014855924392,-56.54514731494811,-625927.2661480004,-318580.99686020566,110.19173240037935,168.89425219299173,50.92436940365915,47.26671126472749,164.91799999999998,175.3033831898478,154.53261681015215,12.594602396157887,0.35566252370299306,0.0,0.0,167.28066666666666,165.67966666666666,168.88166666666666,-1.9141482777447871,2.1741619820945277,0.0,1.0,156.53,175.12,165.825,11.272268642598144,0.28994082840236607,3.9105016076929084,4.1126703890220195,50.537505260016374,0.09499682081703831,0.08588838989055576,0.04670372428069958,14.821015895489008,-7.6828840085140895,-21.77121771217724,-23.585485854858614,-121.77121771217725,2.131352941176459,-5.6685115059714635,1.342157566773316,2.2941624567993535,-0.9520048900260374,1.3510464420505799,2.176998214195693,-0.8259517721451131,165.83539152765866
161.44,2022-05-05,165.67,159.84,165.67,1705300,1.677289663446146,3.281855117496934,-1.604565454050788,165.1675,163.2930769230769,163.38453492737875,161.7072452639326,0.6802301685162362,0.6981093300452123,-0.017879161528976062,0.3171630526882284,24.26634423047247,7.050000000000011,69.97303191798935,106.77131266781716,-36.79828074982781,166.495,165.825,166.16,155.78,0.36734155462769735,35.7010197126365,48.74162438827512,38.20767257233779,-62.512719219488964,152.3125,143.725,60.0,20.0,40.0,167.5696480416583,172.89184043494402,0.0,0.0,34346.433647989936,6940.719999999996,3.792129412507876,-96.43801198424086,-0.0,110262.85504056847,108.1178984082845,168.31294941363544,43.822499511471975,46.65953019116874,165.20999999999998,174.63506233400997,155.78493766599,11.40979642153622,0.21512124749443157,0.0,0.0,166.15466666666666,164.76066666666665,167.54866666666666,-1.677954676767035,2.764945002391187,0.0,1.0,159.29,175.12,167.20499999999998,9.581744446462087,0.034744156664561654,3.8944514469236173,4.565771670173323,47.06585920845337,0.0,0.08588838989055576,0.0753331875775515,11.562187881068999,-26.299401028711184,-40.95940959409591,-24.538745387453947,-140.9594095940959,1.4535882352941485,-6.197183098591551,1.0372384123596539,2.0427776479114135,-1.0055392355517596,1.023123729900099,1.9462233173365744,-0.9230995874364754,165.02522464725234
164.39,2022-05-06,164.89,157.87,160.98,1936100,1.1131400645395786,2.8481121069054636,-1.734972042365885,163.96833333333333,163.31115384615384,162.53614493855125,161.42300487401167,0.7246347808685218,0.6277766659996005,0.09685811486892137,0.2766299865149377,24.407349012148483,7.336000000000013,59.0992396574475,99.10023676431342,-40.000997106865924,166.495,165.825,166.16,155.78,0.18367077731384868,33.7682362856527,46.838841564862726,39.38714702226575,-116.92571930123631,152.74,143.725,56.00000000000001,16.0,40.00000000000001,167.5696480416583,172.37513000884738,0.0,0.0,34346.433647989936,6776.329999999995,3.859292466797064,-128.92519598649213,6505170.630816953,635829.2029447707,106.09182045533156,167.47886823977845,36.59507545351188,46.65953019116874,165.314,174.35924051642485,156.26875948357514,10.94310284237857,0.08851287666244165,0.0,0.0,165.21333333333334,163.48233333333332,166.94433333333333,-2.095472520377704,2.6211245907952865,0.0,1.0,163.9,175.12,169.51,6.787083973529162,-0.537433155080214,4.010006302231254,5.106948321699237,43.98405873105781,0.0,0.03166560693901277,0.0678141289067081,7.86341694339745,-25.73416579297723,-59.132841328413235,-40.62115621156215,-159.13284132841324,0.5515588235294331,-8.353651457099726,0.6895795710210997,1.7721380325333507,-1.082558461512251,0.8968053830379059,1.7363397304768409,-0.839534347438935,164.29726020480928
161.53,2022-05-09,164.66,161.29,163.29,2041000,0.93127767149835,2.464745219824041,-1.533467548325691,163.02166666666668,163.37423076923076,162.34443033262028,161.41315266112193,0.6413579120277432,0.6232889213360109,0.01806899069173229,0.23965489265633005,24.5957308091075,1.6425000000000125,50.8548718420458,90.63239748343625,-39.77752564139045,166.495,165.825,166.16,155.78,0.09183538865692434,32.56024621702603,46.136041961971195,32.82591768071953,-88.29294296141418,153.51999999999998,144.505,52.0,12.0,40.0,167.5696480416583,171.88942220831655,0.0,0.0,34346.433647989936,6937.859999999995,3.9923984823896856,-31.588367988422135,-882065.2510369674,501470.7780988649,109.59110847712162,166.84774261530936,43.673118663390795,47.67033397436882,165.4775,174.0976783624223,156.85732163757768,10.418550391953357,0.25711059423929983,0.0,0.0,164.829,163.31199999999998,166.346,-1.8406955086787036,1.6664469347396105,0.0,1.0,164.28,175.12,169.7,6.550739526521735,-0.2758302583025838,4.288005672008127,5.397725465769778,50.093483821871324,0.18806905684650985,0.06268968561550328,0.0600812274816906,6.542693793763338,-10.470580370118356,-27.58302583025838,-42.558425584255865,-127.58302583025839,0.41914705882356884,-6.579785693599775,0.576952779959336,1.533100982018548,-0.9561482020592119,0.6492265577952758,1.518917095940528,-0.8696905381452522,164.230274034918
157.89,2022-05-10,164.85,157.4,163.13,2821700,0.4678666493549599,2.065369505730225,-1.597502856375265,162.21166666666667,163.30615384615385,161.5837487429864,161.11588209363143,0.684302325581396,0.5860465116279078,0.09825581395348826,0.2014380464947576,24.875742523397506,-0.7299999999999898,38.22613510380368,81.01132541520559,-42.78519031140191,165.59,165.825,165.70749999999998,158.015,0.04591769432846217,31.438541153301262,43.48754887373752,30.941507740136093,-108.38192454689404,155.0775,144.945,48.0,8.0,40.0,167.5696480416583,171.43285687581755,0.0,0.0,34346.433647989936,6779.969999999995,4.307022576637446,-114.81747256150437,-16340.49021470705,912632.4966286964,105.78310984112436,165.97294550122535,36.32751436341481,46.52061856014417,165.20999999999998,174.4610864226843,155.95891357731566,11.19918458045436,0.07788741542564684,0.0,0.0,164.12033333333335,162.58233333333334,165.65833333333333,-1.874234555539529,2.684763762462075,0.0,1.0,164.28,175.12,169.7,6.561346165486354,-0.634686346863468,4.215205104807315,5.891375453842949,44.18985000032889,0.006334961038683403,0.06480133929506442,0.05305221061652682,3.4486463317692424,-16.604997493293347,-63.4686346863468,-50.06150061500616,-163.4686346863468,-0.060264705882303815,-5.81617999042604,0.29039138989603913,1.2845590635940463,-0.9941676736980072,0.27037864590520916,1.2692094059334644,-0.9988307600282553,163.45980414452634
156.07,2022-05-11,161.64,155.11,157.72,2833500,-0.0832145406360496,1.63565269645697,-1.7188672370930196,161.43083333333334,163.26500000000001,160.58778739791157,160.67100193854762,0.793753682969948,0.5264191710862317,0.26733451188371626,0.16088143286551948,25.17968195360764,3.1939999999999884,24.759520574455617,70.34664501414501,-45.58712443968939,163.765,165.825,164.795,158.12,0.022958847164231085,29.340524194635822,43.02495932389786,41.28290282201989,-151.4927087658915,155.13,144.945,44.0,4.0,40.0,167.5696480416583,171.00368546326848,0.0,0.0,34346.433647989936,6623.899999999995,4.3696196499881,-149.472162195575,10825398.859486101,1809758.813935107,103.51245990465677,164.76256807045658,28.862148430988796,45.84379380472657,164.656,174.8816958687404,154.43030413125962,12.42067810312456,0.033234699988399,0.0,0.0,163.11833333333334,161.30833333333334,164.92833333333334,-2.2192477853501065,2.7122467771638994,0.0,1.0,161.64,175.12,168.38,8.186765134583627,-0.48442136498516053,4.217684594326582,6.2308336947745815,41.11773200845477,0.0,0.06480133929506442,0.06409745473521071,-0.11230361815578874,-18.94470022607933,-62.07224334600728,-51.041301287537514,-162.07224334600727,-1.455441176470572,-5.696741245136173,-0.05179188505208734,1.0172888738648196,-1.069080758916907,-0.1201948400233619,0.9913285567420991,-1.111523396765461,162.49013918625076
159.19,2022-05-12,162.23,156.78,157.13,2838400,-0.3808056206502499,1.2323610330355261,-1.613166653685776,160.50833333333333,163.3326923076923,160.00197395207903,160.38277957272928,0.6932568647897125,0.5020855057351415,0.19117135905457094,0.12224795207939178,25.636898817454085,1.7539999999999907,13.30602850029789,59.43166030034455,-46.125631800046655,163.65499999999997,165.825,164.73999999999998,158.12,0.011479423582115542,27.39236559016077,40.12350445119608,38.49892623181559,-124.6239885324827,155.14749999999998,144.945,40.0,0.0,40.0,167.5696480416583,170.254590626207,0.0,0.0,34346.433647989936,6783.089999999995,4.369846745793223,-90.14081045335031,-0.0,1723975.4409405584,105.2263874399543,163.9100992276789,35.85349869062165,45.84379380472657,164.156,174.88301524190092,153.4289847580991,13.069294137163325,0.15619513752583625,0.0,0.0,162.35033333333334,160.10033333333334,164.6003333333333,-2.771783653046583,1.7378518518518575,0.0,1.0,161.64,175.12,168.38,8.211701064840772,-0.3605341246290785,4.507916134893922,6.418517173769843,44.16617726190237,0.14847415487441395,0.05160303863769911,0.06040190574260931,-2.063792644095077,-15.980598540937848,-68.74115983026832,-64.76067928754082,-168.74115983026832,-2.762264705882359,-6.595174262734581,-0.2374354788367817,0.7663440033244994,-1.003779482161281,-0.2729516040902702,0.7384725245756253,-1.0114241286658956,162.0955069139697
159.4,2022-05-13,161.16,159.19,159.78,1838400,-0.4173706477764938,0.9024146968731221,-1.319785344649616,159.94833333333335,163.5323076923077,159.8770548825284,160.2944255303049,0.609232330064255,0.5184308420696663,0.09080148799458876,0.08925223674432725,25.727375255263677,1.0950000000000273,4.916544904923698,48.68440743554284,-43.76786253061914,163.415,167.20499999999998,165.31,158.12,0.005739711791057771,26.339422722161608,44.8170566273204,34.75079596079654,-94.29867718386494,155.0125,144.945,36.0,0.0,36.0,167.5696480416583,169.56542337611043,0.0,0.0,34346.433647989936,6942.489999999994,4.413666743128136,-22.38440896001464,-683939.7741530772,1042617.0277861335,107.67666170963156,163.41483374233758,42.980470621824686,45.84379380472657,163.58499999999998,174.09052711671217,153.0794728832878,12.844120324861313,0.29082439409401845,0.0,0.0,161.8586666666667,159.57566666666668,164.14166666666665,-2.8209796200800534,1.084464885384731,0.0,1.0,161.16,175.12,168.14,8.533789772900944,-0.14111747851002848,4.495124521404529,6.441989653781663,48.32401811910678,0.35098128754395136,0.16648514747278845,0.09429650846851732,-2.389739542403044,-6.681492677072362,-26.092715231788024,-52.30203946935456,-126.09271523178802,-3.3432058823528905,-4.050388764993068,-0.26037751867895537,0.5609996989238085,-0.8213772176027638,-0.3795802833386977,0.5148619629927607,-0.8944422463314583,162.04097567401863
161.45,2022-05-16,162.54,158.72,160.24,1840500,-0.47875497788646726,0.6261807619212043,-1.1049357398076716,159.45166666666668,163.645,159.6990464390625,160.17780141694897,0.6281239000351994,0.521999296022528,0.10612460401267132,0.0606900469786705,25.49430687774188,-0.8884999999999934,-1.2900378953536547,38.12525178707568,-39.41528968242934,163.415,168.14,165.77749999999997,161.14,0.0028698558955288856,25.48525392743153,44.7813929136893,33.520719467299074,-80.95865497767487,156.5225,144.945,32.0,96.0,-64.0,167.5696480416583,168.72488103849938,0.0,0.0,34346.433647989936,6781.0399999999945,4.420844614629304,-30.026850537155383,-1310622.483741089,1029137.5059021759,107.19998917995005,162.80276933350947,42.59498860190795,45.84379380472657,162.9385,172.95943064540293,152.91756935459708,12.300261319949463,0.289515557522832,0.0,0.0,161.661,159.276,164.046,-2.95061888767234,1.1165618448637344,0.0,1.0,161.16,175.12,168.14,8.567649757423817,-0.17478510028653269,4.3806120692640755,6.502969129709707,47.57987023522804,0.3859682519583613,0.29514123145890886,0.17107647252313216,-2.872610926504187,-6.024906314516561,-32.31788079470191,-42.38391861891944,-132.31788079470192,-3.9707941176470456,-3.619140150595098,-0.2988897173337082,0.3890218156723052,-0.6879115330060135,-0.35779561969552737,0.3403304464551031,-0.6981260661506304,162.0056904082121
156.35,2022-05-17,159.47,155.05,158.68,2975800,-0.8141557495921745,0.33811345961852857,-1.152269209210703,158.86833333333334,163.5307692307692,158.98380852536056,159.79796427495273,0.6865429652314902,0.5253107548189524,0.16123221041253777,0.03174286062470579,25.161823335321504,-2.0209999999999866,-10.992599241499198,27.650303929345636,-38.64290317084483,162.57,167.29500000000002,164.9325,161.14,0.0014349279477644428,23.67407263145996,44.7813929136893,44.66625966655348,-118.945414509159,156.5225,144.945,28.000000000000004,100.0,-72.0,167.5696480416583,167.96839293464944,0.0,0.0,34346.433647989936,6624.689999999994,4.805925476751273,-107.70937188899003,1169715.3821554077,1108301.9983985818,103.5847894571678,162.05757311234535,42.97516126146439,44.783771606746825,162.171,172.13963661690886,152.20236338309113,12.293981805512537,0.1428297933981617,0.0,0.0,160.97833333333332,158.81833333333333,163.13833333333332,-2.683590959445884,1.8722993827160468,0.0,1.0,159.47,175.12,167.29500000000002,9.650307391580498,-0.28242811501597354,4.017550862337668,6.606252970263651,42.12494893017822,0.06988602766447218,0.26894518905559495,0.2435238559957641,-4.9985343245766405,-10.80696482189667,-59.488559892328176,-39.299718639606056,-159.4885598923282,-4.946441176470586,-4.319654427645788,-0.5094906892501558,0.209319314687813,-0.7188100039379688,-0.589029080940522,0.15445854097597808,-0.7434876219165001,161.48038662013948
133.8,2022-05-18,144.77,128.02,144.77,9213300,-3.223895320021512,-0.37428829630947963,-2.8496070237120326,156.19083333333333,162.195,154.2201456753051,157.44404099532662,0.7769110764430581,0.6546021840873641,0.12230889235569398,-0.029063969164388408,24.75265848381656,3.140999999999991,-33.15717338125325,16.191392229429784,-49.34856561068304,154.03,159.945,156.9875,159.945,0.0007174639738822214,24.77164453265058,31.942882259403007,72.85673645867871,-344.47986878436234,157.585,145.82999999999998,24.0,100.0,-76.0,167.5696480416583,166.9485857824915,0.0,0.0,34346.433647989936,6490.889999999994,4.811945026243244,-608.9814616191344,-0.0,1046665.9502865606,80.25932025368506,160.3589235430085,44.079685458801244,36.976578143152075,159.959,177.0675509614338,142.8504490385662,21.39117018915321,-0.4334221253453053,0.0,1.0,158.418,156.369,160.46699999999998,-2.586827254478648,7.917764763299194,0.0,1.0,144.77,175.12,159.945,18.97361198807194,-0.5518945634266887,4.643795776103902,8.669701263870353,22.06248355451035,0.0,0.15195142654094448,0.23867928235181612,-17.66515915181815,-52.69224059476674,-79.30871212121221,-57.03838426941412,-179.3087121212122,-7.49197058823529,-20.062441461130188,-2.0476451821490063,-0.24207358467955084,-1.8055715974694555,-1.8994322045778802,-0.2563196081347936,-1.6431125964430866,153.70809325686074
135.57,2022-05-19,138.56,125.74,132.51,5238400,-5.257008712010077,-1.350832379449599,-3.9061763325604772,153.07750000000001,160.63923076923078,149.83858480218126,155.09559351419134,0.8337938657087599,0.6649626968775912,0.16883116883116867,-0.11135628937614711,24.66642810887836,4.3065,-55.41041912010404,3.4680968097018385,-58.87851592980588,150.925,156.84,153.8825,156.84,0.0003587319869411107,26.448663461422736,28.147197639773886,80.63405235267285,-324.746608362566,159.5825,147.57999999999998,20.0,100.0,-80.0,167.5696480416583,163.8435837729427,0.0,0.0,34346.433647989936,6355.319999999994,4.822348045251757,-566.1411956735441,41212473.2610461,3951863.717184919,77.84485688858584,158.2893604310435,45.201332984554924,36.976578143152075,157.6135,179.35453794670295,135.87246205329703,27.587786511565266,-0.23302618021587204,0.0,1.0,155.27233333333334,152.61833333333334,157.92633333333333,-3.418509843994525,6.063740266264767,0.0,1.0,138.56,172.16,155.36,21.31797085909519,-0.38154761904761936,5.233416198493511,10.485674532573718,21.147572409081235,0.0,0.02329534255482406,0.14806398605045448,-26.627372453330228,-42.70280720200641,-47.288823312430885,-62.02869844199045,-147.28882331243088,-11.565382352941185,-22.906192519926428,-3.3895280922530255,-0.8715644861942459,-2.5179636060587796,-2.8417728846669417,-0.7734102634412232,-2.0683626212257185,147.1912695319125
127.88,2022-05-20,136.19,124.76,135.43,4929500,-6.868171526679049,-2.4543002088954893,-4.41387131778356,149.98083333333332,159.0230769230769,145.98034098646107,152.84851251314012,0.7387096774193551,0.6228287841191075,0.11588089330024764,-0.20568764713236998,24.452153487518043,4.344500000000011,-75.4887270838208,-10.570080848727786,-64.91864623509302,149.66,155.655,152.6575,155.655,0.00017936599347055535,27.253347696231067,28.57718793984592,63.18436141265082,-238.4598298472439,160.0975,149.41,16.0,100.0,-84.0,167.5696480416583,159.79821036927189,0.0,0.0,34346.433647989936,6227.439999999994,5.017004976488453,-503.16708200589477,-163434.46981545343,3784898.9183467813,76.84817802744381,156.42859338372574,46.48877807022072,36.68838785700376,155.4955,181.04006535155725,129.95093464844274,32.855697240829805,-0.10160546043752285,0.0,1.0,152.36033333333333,150.02133333333336,154.69933333333333,-3.070352957134492,6.400028502208961,0.0,1.0,136.19,168.71,152.45,20.91378850191807,-0.3514760147601473,5.75507457864416,12.069601286372784,20.749278710431113,0.0,0.0,0.05841558969858951,-33.084480198783595,-36.31645643113121,-38.7720488466757,-55.12319476010629,-138.7720488466757,-15.744735294117675,-22.949604743082993,-4.493450026926892,-1.595941594340775,-2.897508432586117,-3.975409272395488,-1.4138100652320762,-2.561599207163412,142.04623107425863
129.99,2022-05-23,130.61,126.91,128.5,2612300,-7.880698842711126,-3.539579935658617,-4.341118907052509,147.23666666666668,157.34230769230768,143.04644237315935,150.92714121587048,0.8361950119062542,0.6418097505953133,0.19438526131094092,-0.3013805070255467,24.36494658774246,4.252999999999986,-94.37635087225182,-25.30369040162284,-69.07266047062897,145.425,152.865,149.145,152.865,8.968299673527767e-05,28.568208870263618,26.218803353087168,70.28278243359597,-197.40167015490542,161.8325,152.4,12.0,100.0,-88.0,167.5696480416583,155.54873250280295,0.0,0.0,34346.433647989936,6357.429999999994,5.07181757899248,-391.36057029076716,10153127.163628029,4727396.825858807,79.08830707521551,154.1060534425901,39.69854838603706,36.68838785700376,153.61700000000002,181.64719236466246,125.58680763533758,36.493607302137704,0.023602984015381964,0.0,0.0,148.91966666666667,146.5066666666667,151.33266666666665,-3.2406733831886756,5.060643735322593,0.0,1.0,130.61,168.71,149.66000000000003,24.80194249334383,-0.09711286089238891,5.764567120779745,13.299728686062995,24.1255366231982,0.11334202481463587,0.03778067493821196,0.020358672497678674,-36.69736696060605,-36.92125375395834,-10.553337136337763,-32.2047364318148,-110.55333713633776,-21.233058823529376,-20.601851851851855,-5.221525286455532,-2.3210583327637266,-2.9004669536918053,-4.736180136848168,-2.078284079555295,-2.6578960572928736,138.16334111435998
130.2,2022-05-24,130.72,126.27,128.2,2464100,-8.635235072164022,-4.558710962959698,-4.076524109204324,144.60333333333332,155.59692307692308,140.46545123882714,149.10068631099116,0.8507257257257262,0.6308808808808817,0.21984484484484457,-0.3945161449866172,24.369907003267347,9.751999999999981,-112.74614283954124,-40.58209744762249,-72.16404539191875,145.425,152.865,149.145,152.865,4.484149836763884e-05,29.78915138900813,25.438977586175206,68.19236190700346,-155.24696112737234,162.9475,153.275,8.0,96.0,-88.0,167.5696480416583,150.56098600224237,0.0,0.0,34346.433647989936,6227.229999999994,5.12961090995086,-347.35591739208616,183870.96774196153,4785239.556850947,78.43171579005279,151.66285494276462,32.42468455909295,36.68838785700376,151.538,181.15993011942305,121.91606988057697,39.09505222376307,0.07349166819768038,0.0,0.0,145.57999999999998,143.087,148.073,-3.424921005632655,4.372843963096657,0.0,1.0,130.61,168.71,149.66000000000003,25.142208554949907,-0.11391076115485613,5.56911040870177,14.41518138257305,23.800490864950874,0.1039800581727193,0.07244069432911839,0.036740456422443446,-39.53728119079531,-41.06283019621616,-12.37877923559618,-20.5680550728699,-112.37877923559618,-26.333705882352916,-20.01646924684868,-5.791546159722448,-3.015155898155471,-2.776390261566977,-5.288846893713436,-2.7203966423869232,-2.568450251326513,135.25453340670268
133.59,2022-05-25,135.32,129.22,129.8,3848000,-8.892661063078265,-5.4255009829834115,-3.467160080094853,141.93083333333334,154.01307692307694,138.73538181746912,147.62804288054738,0.7955878901666277,0.675193616521944,0.12039427364468369,-0.47806053624920053,24.456043610174405,7.696499999999986,-127.56728699870281,-56.23468805862257,-71.33259894008025,145.425,152.865,149.145,152.865,2.242074918381942e-05,30.499389233016654,27.041595406271547,62.69694351818873,-114.1274150275435,163.355,153.275,4.0,92.0,-88.0,167.5696480416583,146.5707888017939,0.0,0.0,34346.433647989936,6360.819999999994,4.928849850183363,-241.4350006217881,-12809342.016618002,3870286.555663947,81.55273028280642,149.4143847853077,39.04098005403151,36.68838785700376,149.70350000000002,180.0729736701179,119.33402632988214,40.57283052182197,0.16276168921302694,0.0,0.0,142.909,140.256,145.562,-3.7128522346388344,3.079909536373912,0.0,1.0,130.61,166.9,148.755,24.241250204571028,-0.03830256268944655,5.917199367831593,15.234979844428489,28.577223930729943,0.266762898860975,0.16136166061611004,0.09052767662781347,-40.2538540805073,-31.78855837474944,-4.253365973072263,-9.061827448335421,-104.25336597307226,-28.093205882352947,-19.88343976687953,-6.02369366250674,-3.6168634510257247,-2.406830211481015,-5.490335081122576,-3.274384330134054,-2.2159507509885223,134.2060738593611
162.8,2022-05-26,163.7,155.64,159.81,8885200,-6.885428878602795,-5.717486562107289,-1.1679423164955063,141.78416666666666,153.37384615384616,141.33609230708925,148.22152118569204,0.7640645442651549,0.7907544701264723,-0.026689925861317354,-0.5185847965772934,24.63618807199427,5.858500000000021,-128.69614466317637,-71.08054245507813,-57.61560220809824,145.425,152.865,149.145,152.865,50.00001121037459,29.986245262492748,57.544716667696996,35.7846306252664,37.83884546755675,164.2975,153.275,0.0,88.0,-88.0,130.61,146.5707888017939,1.0,0.0,34346.433647989936,6523.619999999994,4.701170455143686,407.50942803846704,-69759551.59705132,-1577193.603469501,114.83841361356016,149.28469701297212,47.536766574000616,36.68838785700376,149.2515,178.97820535057633,119.52479464942365,39.83438069376366,0.607453885734366,0.0,0.0,143.00933333333333,140.47733333333335,145.54133333333334,-3.5410276252365764,-1.9942074776197984,1.0,0.0,130.61,165.89,148.25,23.637953387403122,0.7094671201814057,8.773479431048433,15.091271145687601,55.48897183303506,1.0,0.4569143190112315,0.23023889131881994,-28.83747752944795,8.86314082395362,76.5911872705018,19.986347353944435,-23.408812729498198,-22.970088235294156,-1.1181702668360987,-4.645363793005959,-3.8225635194217715,-0.8228002735841877,-3.9774014305270535,-3.414987750212654,-0.5624136803143993,134.32492480860924
165.0,2022-05-27,166.35,159.04,161.8,4345900,-4.963119573060965,-5.566613164298024,0.6034935912370596,142.11166666666665,152.85038461538463,144.0597704136909,149.02288998675186,0.7413342329425654,0.7887323943661974,-0.04739816142363196,-0.5231082182247796,24.99332549981547,7.679000000000002,-128.45065365189495,-85.2094997613605,-43.24115389053445,146.205,151.385,148.79500000000002,152.865,75.0000056051873,29.680737108914315,55.39531869168539,32.73721106410022,53.26948570191801,166.8775,155.78,0.0,84.0,-84.0,131.19400000000002,146.5707888017939,0.0,0.0,34346.433647989936,6688.619999999994,4.3741993459726345,429.4366526044005,-6397575.757575753,-1971158.6396508433,118.44288547169431,149.25334145249167,47.613743899683904,36.68838785700376,149.101,178.59657654971306,119.60542345028692,39.564558989829806,0.6684828907013971,0.0,0.0,143.24466666666666,140.39566666666667,146.09366666666668,-3.977809528685192,-2.2720837720837657,1.0,0.0,130.61,165.67,148.14,23.5142621444524,0.8108956075299486,8.96713148794359,14.988485595034263,57.69797879786752,1.0,0.7555876329536583,0.45795453752699994,-19.790963852840346,22.72676950392087,87.4231242312423,53.25364850955726,-12.576875768757706,-17.4015,2.533685771388033,-3.3304410976744485,-3.724139035072307,0.3936979373978584,-2.639125999127801,-3.259815399995684,0.6206894008678829,134.4319537713709
160.33,2022-05-31,165.7,159.38,165.25,4263000,-3.3733545094819135,-5.127961433334802,1.7546069238528883,142.32833333333335,152.5526923076923,146.41672881158462,149.79008332106653,0.7189118106353249,0.7878688255116298,-0.0689570148763049,-0.5015071818367063,25.034638128370748,10.127499999999998,-128.59891945217768,-98.2768686736581,-30.322050778519582,147.93,149.66000000000003,148.79500000000002,152.865,87.50000280259366,29.689283921915173,55.40887964087589,29.96663976635429,58.53351327035538,167.9175,155.78,8.0,80.0,-72.0,132.41824000000003,146.5707888017939,0.0,0.0,34346.433647989936,6848.949999999994,5.511354498933635,375.87601651805767,-392939.562153047,-1998058.5733607244,118.785643268475,149.3958106699105,55.97938728342135,36.76682128174836,149.0625,178.50224515854347,119.62275484145653,39.4998677179619,0.675230796741558,0.0,0.0,143.539,140.875,146.203,-3.711883181574348,-2.4731606606606578,1.0,0.0,130.61,165.67,148.14,23.520335429769375,0.8205932686822591,8.73641833914923,14.801413307459054,57.92286370899857,1.0,1.0,0.7375006506549632,-13.233466878760328,26.39361064283435,83.054272517321,82.35619467302168,-16.945727482679004,-10.244558823529388,1.6583747927031471,-2.2520546318485715,-3.42972215442756,1.1776675225789885,-1.8182755720727313,-2.9715074344110937,1.1532318623383624,134.55491599597445
161.01,2022-06-01,162.55,159.0,160.41,2010500,-2.1196826846324655,-4.526305683594335,2.4066229989618693,142.3125,152.34192307692308,148.35261668672544,150.4722993713579,0.7100331674958537,0.8048922056384739,-0.0948590381426202,-0.46247474862300253,25.096820797413972,9.862499999999983,-126.27499124083117,-108.62329288027787,-17.651698360553297,147.93,149.66000000000003,148.79500000000002,152.865,93.75000140129683,29.22096089856222,54.58375160776418,34.07462151848637,44.95382178332937,168.95999999999998,155.78,4.0,76.0,-72.0,134.38814560000003,146.5707888017939,0.0,0.0,34346.433647989936,6687.939999999994,5.56294813720333,313.438899872621,5309794.422706688,-2392030.318844968,118.40175695902589,149.6102359350721,55.766175750576096,36.76682128174836,148.85750000000002,177.95854800518333,119.7564519948167,39.09920293593983,0.6742634835383499,0.0,0.0,143.831,141.03199999999998,146.63000000000002,-3.8920677739847753,-2.20971775634153,1.0,0.0,130.61,165.67,148.14,23.552726600943835,0.8097547062179123,8.179776505234308,14.661886390557438,57.554591845166335,0.9900931840755627,0.9966977280251875,0.9174284536596152,-8.443119321822646,29.61330295205164,81.95727482678983,84.14489052511769,-18.04272517321017,-3.6555588235293897,-0.11935423079339011,-1.4086863120242468,-3.0255149859468977,1.616828673922651,-1.1225200480698538,-2.6017099571428455,1.4791899090729916,134.80056785605683
159.1,2022-06-02,161.67,158.35,161.3,1969600,-1.1651570932588697,-3.854075965527242,2.6889188722683723,142.28166666666667,151.97653846153847,149.89067565799846,151.05583275125733,0.7091691777873436,0.8077486009470507,-0.09857942315970714,-0.41307418135139967,25.083140604913645,6.371000000000009,-111.7866013665589,-114.88731312988398,3.10071176332508,147.93,149.66000000000003,148.79500000000002,152.865,96.87500070064841,28.87058576138412,54.03445278275858,32.89656056534704,45.46151466158427,169.1675,155.78,0.0,72.0,-72.0,136.23985686400002,146.5707888017939,0.0,0.0,34346.433647989936,6528.839999999994,6.0395003516278525,253.88834274796076,-1162.790697673286,-2392113.3753233734,117.75134815399443,149.74213930372215,47.59379193198734,36.61651666644562,148.679,177.49981324320993,119.85818675679009,38.76917822047488,0.6677780553655688,0.0,0.0,145.95633333333333,143.12033333333332,148.79233333333335,-3.8860937860410476,-1.6850611189468627,1.0,0.0,130.61,165.67,148.14,23.581003369675592,0.7912150598973189,7.628798854710877,14.556574598037466,56.88831301707979,0.9721697357960324,0.9874209732905318,0.9947062337719065,-4.924437114287617,28.504367107918863,80.08083140877596,81.69745958429557,-19.919168591224043,2.365617647058855,-0.23311491935484158,-0.7713420078107983,-2.5746803903196778,1.8033383825088793,-0.6674422830555792,-2.214856422325392,1.5474141392698129,141.14235756648438
159.88,2022-06-03,162.0,158.13,158.13,1422300,-0.4215811217466978,-3.167576996771133,2.7459958750244353,142.53833333333333,151.6773076923077,151.1582640183064,151.5798451400531,0.7230982498700395,0.784006238086986,-0.06090798821694654,-0.3581261977730461,25.278171058296994,-20.573499999999996,-96.48330037226714,-117.22004349526689,20.736743122999755,147.93,148.755,148.3425,152.865,98.4375003503242,28.545237419718745,54.03445278275859,32.89656056534704,41.47166936252462,169.1675,155.78,0.0,68.0,-68.0,137.98046545216002,146.5707888017939,0.0,0.0,34346.433647989936,6368.959999999994,6.095275704148605,212.59377949825213,3437202.9021766405,-2097746.0412998223,117.52922248301242,149.69653687699113,39.39210793122859,36.61651666644562,148.5935,177.2912478384626,119.89575216153742,38.62584546223434,0.6661541535189488,0.0,0.0,148.6713333333333,146.05333333333334,151.28933333333333,-3.5218625424313976,-1.3064680417621612,1.0,0.0,130.61,165.25,147.93,23.311921450130715,0.7944572748267896,7.23091896923979,14.492633899103538,56.649276413557814,0.965739454629145,0.9760007915002468,0.986706497605322,-2.205868054302823,28.468036165762335,79.44572748267896,80.49461123941491,-20.55427251732104,2.3973235294117785,1.986455981941299,-0.2781247872084679,-2.1153692696974358,1.837244482488968,-0.26446444257087703,-1.8247780263744893,1.5603135838036122,146.7788478580619
161.45,2022-06-06,161.58,158.38,161.0,1198400,0.18574000831836202,-2.496913595753234,2.682653604071596,145.06833333333333,151.435,152.26930032318234,152.08356031486397,0.7231648199445979,0.7893005540166199,-0.066135734072022,-0.30068006925605684,25.376531586666655,-22.879000000000005,-80.8074530451899,-115.71238818114891,34.90493513595901,147.985,148.25,148.1175,152.865,99.21875017516211,28.5373400045038,56.22468147129901,31.329060664519044,46.84966751218762,168.5925,155.78,0.0,64.0,-64.0,139.61663752503043,146.5707888017939,0.0,0.0,34346.433647989936,6530.4099999999935,6.494977241229432,187.98931099850182,-440074.32641685987,-2035564.0300623775,117.7844713288987,149.68254472503753,39.38644237525498,36.61651666644562,148.619,177.35056027785447,119.88743972214554,38.66472022803876,0.6698654703330454,0.0,0.0,151.49066666666667,148.89066666666665,154.09066666666666,-3.432554700839667,-0.8248717948717919,1.0,0.0,130.61,165.25,147.93,23.307921598180574,0.8016743648960737,6.852827072315813,14.44725148032315,56.871051234828705,0.9717053796611116,0.9698715233620964,0.9777644293842916,0.05971608931658435,28.243846357124053,80.16743648960737,79.89799846035407,-19.83256351039263,2.200470588235305,23.715044524293067,0.1221302341514217,-1.6678693689276642,1.789999603079086,0.13343038379715172,-1.4331363443401612,1.566566728137313,151.0365037597148
161.94,2022-06-07,162.51,156.11,158.11,1952300,0.4783620901833672,-1.9018584585659137,2.380220548749281,147.59916666666666,151.20653846153846,152.8601771965389,152.38181510635553,0.6993271656854496,0.7730866274179976,-0.07375946173254799,-0.2462458268098732,25.641862292140765,-23.60000000000001,-67.94540824025891,-110.73452878122865,42.78912054096973,150.285,148.14,149.21249999999998,152.865,99.60937508758106,28.530006690375636,56.22468147129901,31.329060664519044,40.5689695041822,168.4275,155.78,8.0,60.0,-52.0,141.1546392735286,146.5707888017939,0.0,0.0,34346.433647989936,6368.469999999994,6.387272973416578,108.61886657014487,2662714.585649003,-1928921.2298128349,115.46344720969175,149.79565338480893,39.25106007661436,36.61651666644562,148.36,176.72100139275736,119.99899860724267,38.232679149039285,0.6366312827370607,0.0,0.0,154.51433333333335,151.68533333333335,157.34333333333333,-3.6617962087659524,0.2179804406739701,1.0,1.0,130.61,165.25,147.93,23.348611485575617,0.7361431870669749,6.580544365084231,14.372933092228754,54.16162040618534,0.898819462719074,0.9454214323364436,0.9637645823995955,1.2446547167911246,3.5441193240143116,73.61431870669749,77.74249422632792,-26.38568129330251,1.5304117647058888,24.15301415619534,0.3139233443632971,-1.271510826269472,1.5854341706327693,0.46663801947010397,-1.0531814715781083,1.5198194910482123,152.47858954696545
161.26,2022-06-08,163.36,160.09,161.11,943600,1.01966586269657,-1.317553594313417,2.337219457009987,150.54333333333332,151.20423076923078,153.97245762784058,152.952791765144,0.6028307586087853,0.7185639078277373,-0.11573314921895195,-0.19060849064580215,25.72552599340901,-21.58449999999999,-51.218461579424414,-102.25132595686438,51.032864377439964,163.41500000000002,148.14,155.7775,152.865,99.80468754379052,28.839583667483673,56.556231069808504,28.577733218626715,55.40504947887283,167.7625,155.78,4.0,56.00000000000001,-52.00000000000001,142.6003609171169,146.5707888017939,0.0,0.0,34346.433647989936,6529.729999999994,6.082972924504576,184.7897142029811,-2685879.945429757,-2120769.797343532,119.57474565309701,151.36444511848342,46.49414709090118,37.550049023965656,148.4945,177.0505553823525,119.93844461764748,38.46075832081662,0.7030304929154529,0.0,0.0,157.82666666666668,155.0246666666667,160.62866666666667,-3.5507307594829673,0.09612181774922783,1.0,1.0,130.61,165.25,147.93,23.32746330672179,0.851039260969977,6.6474899285758084,13.173379255976583,57.94473170310169,1.0,0.9568416141267285,0.9573781899417563,3.3691502198407353,10.296273009389909,85.1039260969977,79.62856043110084,-14.896073903002305,2.0481764705882313,28.318371272843855,0.6666539727252883,-0.88387786647052,1.5505318391958083,0.6859839120498568,-0.7053483948525153,1.3913323069023722,154.89047442707295
159.85,2022-06-09,162.98,159.76,160.74,1607600,1.4058193498485707,-0.7728790054810195,2.1786983553295904,153.28083333333333,151.07576923076923,154.86284876201896,153.45702941217039,0.5563666605063754,0.7292552208464229,-0.17288856034004751,-0.13657399313778254,25.83925663600714,-22.457000000000008,-26.998524659517397,-90.95159040090226,63.95306574138486,163.41500000000002,148.14,155.7775,152.865,99.90234377189526,29.047593487233744,55.869326542398944,28.940687410044585,52.12805583328432,167.7625,155.78,0.0,52.0,-52.0,143.95933926208988,146.5707888017939,0.0,0.0,34346.433647989936,6369.879999999994,6.054298040023487,150.85539788826924,525492.6493587893,-5026982.698178339,119.24524037481604,153.3109813613959,45.38161586503289,37.472645587286856,148.727,177.56900762776377,119.88499237223623,38.785166953900465,0.6912661584171321,0.0,0.0,160.798,158.324,163.272,-3.077152700904227,0.709781729991919,1.0,1.0,130.61,165.25,147.93,23.290996254883098,0.8415127020785216,6.271740935718226,11.664597628819276,57.520834461627146,0.9886035198560945,0.9624743275250562,0.954912457996076,5.002057770827667,10.411750122229149,84.15127020785216,80.9565050038491,-15.848729792147838,2.5436176470587952,25.884485068158536,0.9160996763938908,-0.5238823578976379,1.4399820342915288,0.7774624117698059,-0.4087862335280511,1.186248645297857,156.33906335778818
156.0,2022-06-10,158.76,155.62,157.76,1448100,1.3620841121488922,-0.34588638195503724,1.7079704941039295,155.72666666666666,150.83346153846153,154.9793335678622,153.6172494557133,0.6244362032675148,0.7739801543550155,-0.14954395108750074,-0.09095953970064738,25.98852408700914,-19.449000000000012,-16.797624629793113,-78.5456982873354,61.748073657542285,162.005,148.14,155.0725,152.865,99.95117188594762,28.384224737106585,54.76725890229861,36.694100165373435,31.434381583174748,167.02249999999998,155.78,0.0,48.0,-48.0,145.2367789063645,146.5707888017939,0.0,0.0,34346.433647989936,6213.879999999994,6.272271796680726,37.04176961851681,2307692.307692313,-4850473.6426420715,115.2026765290474,154.85732665865086,44.34419989974233,36.501584290771035,148.669,177.45059960808265,119.88740039191735,38.71903303053447,0.6207542335146649,0.0,0.0,160.56433333333334,158.37933333333336,162.74933333333334,-2.7216505118405143,1.6314263920671337,0.0,1.0,130.61,165.25,147.93,23.300082734127482,0.7219976905311779,5.844566842146404,9.856450223399982,52.347032667662994,0.836057299912665,0.9415536065895865,0.9536231827471239,5.011065177173015,4.435723078570445,72.19976905311779,80.48498845265586,-27.800230946882216,2.599382352941177,23.243842559594526,0.8866739360162615,-0.24177109911485803,1.1284450351311195,0.6447917363172828,-0.19807063955898435,0.8428623758762672,156.33599995750927
155.01,2022-06-13,156.93,151.65,153.18,2704500,0.995601129767067,-0.07758887961061636,1.0731900093776834,157.59583333333333,150.5184615384615,154.46712840357569,153.47152727380862,0.6246367787463671,0.7599626400996254,-0.1353258613532583,-0.057880810854275364,25.996772901456257,7.347999999999985,-10.354102180650731,-65.40738525716574,55.053283076515015,159.115,147.93,153.5225,152.865,98.86256938068928,27.419468447484366,54.76725890229861,40.58160182281315,13.925043004368971,166.16,155.78,64.0,44.0,20.0,146.43757217198262,146.5707888017939,0.0,0.0,34346.433647989936,6058.8699999999935,6.2766691778375385,-56.162726041271284,7753532.030191562,-5021873.29503039,111.24823815351726,156.3469181806268,43.41932923522512,35.57039749193823,148.292,176.7076813045189,119.87631869548112,38.3239571986606,0.5590870928628057,0.0,0.0,159.71666666666664,157.61166666666668,161.82166666666666,-2.635917771052894,2.4160728424386466,0.0,1.0,130.61,165.25,147.93,23.359318102122828,0.6073903002309469,5.5041101579317635,8.108140363201327,47.89789460836669,0.705753097795947,0.8434713058549023,0.9158330799898483,3.7312056865140186,-5.001386381183576,60.61395887633944,72.32166604576979,-39.38604112366057,1.7373823529412107,17.357994118557503,0.6487204157360177,-0.06367279614468291,0.7123932118807006,0.4831590926972659,-0.06182469310773431,0.5449837858050002,155.8141336383299
156.02,2022-06-14,159.52,154.7,156.23,1754500,0.9404295494991004,0.12601480621132702,0.8144147432877734,157.5175,150.39653846153846,154.5029548030256,153.5625252535265,0.5823541127265478,0.7702648874726141,-0.18791077474606632,-0.03064566265726616,26.09950931064542,10.949000000000012,-2.346103756388551,-51.637508870005455,49.291405113616904,159.115,147.93,153.5225,152.865,97.65851618814256,26.938225752214834,55.88890436576378,36.73281489251233,31.81313039627867,166.16,155.78,60.0,40.0,20.0,147.56631784166368,146.5707888017939,0.0,0.0,34346.433647989936,6214.889999999994,6.26357725531767,19.840663393195662,-5946545.314703265,-5459760.172347905,114.38612803152581,158.02428390052592,49.45281256195671,35.57039749193823,148.09099999999998,176.2646258937323,119.91737410626766,38.04907238621162,0.6172905472822063,0.0,0.0,159.05400000000003,156.66500000000002,161.443,-3.0040112163164654,1.411259941398082,0.0,1.0,130.61,165.25,147.93,23.391023087155865,0.695438799076212,5.740699142138587,5.733938330569337,51.32099416348366,0.7744535358274602,0.7720879778453575,0.8523709634299488,3.6132868500565793,4.071070382048882,64.75108586702302,65.85493793216006,-35.24891413297698,1.5892058823529567,-0.6039578514520675,0.6124082343309236,0.0715434099504384,0.5408648243804852,0.4023462590706819,0.031009497327948943,0.37133676174273295,155.7645382628079
154.54,2022-06-15,157.03,152.68,155.53,1639700,0.7253472054202064,0.2458812860531029,0.4794659193671035,156.9875,150.0653846153846,154.22250021794474,153.49715301252454,0.6568836712913548,0.7580576307363917,-0.10117395944503682,-0.011036467767777816,26.114213281371818,11.40749999999997,5.550635727511111,-38.60003808177545,44.15067380928656,159.02,147.93,153.47500000000002,152.865,93.72870641001688,26.003796374231886,54.87323455854023,41.517172971827335,22.725536221876,166.16,155.78,56.00000000000001,36.0,20.000000000000007,148.62733877116386,146.5707888017939,0.0,0.0,34346.433647989936,6060.349999999994,5.985892447591737,-27.589545662974746,1548142.8756309038,-4434225.537187269,112.36821723643857,159.40979464593434,43.63283352282526,35.1059359345128,147.97250000000003,176.04781433483845,119.8971856651616,37.94666486656429,0.5838369954447578,0.0,0.0,158.49666666666667,156.17166666666668,160.82166666666666,-2.93381564281056,1.7508960573476755,0.0,1.0,130.61,165.25,147.93,23.409755190998315,0.6371247113163973,5.39962922792473,2.4837453473979028,49.02375079540339,0.11206075866669485,0.5307557974300341,0.7154383603767647,2.856836096926665,-1.5025026061642528,-51.08173076923081,24.761104658043866,-151.0817307692308,0.7814411764705937,-3.998993963782687,0.4725476604514105,0.15174426005063282,0.3208034004007777,0.2590053309183652,0.0766086640460322,0.182396666872333,155.57669444998052
151.17,2022-06-16,153.25,150.13,152.4,2672500,0.3451505289433783,0.26573513463115794,0.07941539431222033,156.21666666666667,149.78576923076923,153.5928847997994,153.24773427085603,0.6972737916039459,0.6591403244689735,0.03813346713497234,-0.0006324318384643814,25.841170785973386,9.921999999999997,15.314070315865576,-26.178108005316258,41.49217832118183,157.18,147.93,152.555,152.865,67.82175744949019,24.447758497980864,54.87323455854023,50.43020233642233,0.7907270237506078,165.70749999999998,158.015,52.0,32.0,20.0,149.62469844489402,146.5707888017939,0.0,0.0,34346.433647989936,5909.179999999994,6.266778368877274,-78.71725342540716,1942680.4260104382,687362.4644599992,109.84343664959025,158.87834297686751,36.64433132192477,34.519610701129196,149.078,175.62315518884725,122.53284481115276,35.61243803760078,0.5198152919528227,0.0,0.0,157.64533333333333,155.27233333333334,160.01833333333332,-3.0105553394116633,2.0835089197921115,0.0,1.0,130.61,165.25,147.93,23.236158252726753,0.5635103926096995,4.916666305132256,2.8385343618549004,46.21161318090585,0.0,0.2955047648313851,0.532782846702259,1.4033736927777414,-13.09095219938388,-26.00000000000004,-4.110214967402627,-126.00000000000004,-0.6012941176470292,-5.803739490525787,0.22522390336508713,0.16644018871352367,0.05878371465156346,-0.02886261217718742,0.055514408801388276,-0.08437702097857569,155.14417231459296
150.09,2022-06-17,152.97,147.77,151.04,4162800,-0.1449198076575442,0.18360414617341753,-0.3285239538309617,155.28083333333333,149.50346153846155,152.69705636906102,152.84197617671856,0.8089368258859776,0.6440677966101681,0.1648690292758095,0.00013354991915701472,25.396394307024295,8.170500000000004,16.24397717540948,-15.394615758582992,31.63859293399247,157.04000000000002,147.93,152.485,152.865,33.910878724745096,22.952939678583125,53.63387090513269,49.986140787160814,-15.200752044741032,164.795,158.12,48.0,28.000000000000004,19.999999999999996,150.56221653820037,146.5707888017939,0.0,0.0,34346.433647989936,5759.089999999994,6.308881403047169,-118.07370293606297,1054434.006262922,1219648.8761627616,107.48406543797365,158.05211576412327,29.405216519853127,33.97697244591928,150.1795,174.49414124761012,125.86485875238988,32.38077267218245,0.4504516645863155,0.0,0.0,156.76266666666666,154.58366666666666,158.94166666666666,-2.779998639131769,2.5634847789505835,0.0,1.0,130.61,165.25,147.93,23.06573134149467,0.4953810623556583,4.70899967461903,3.5052650071298213,43.71246592713078,0.0,0.03735358622223169,0.28787138282788366,-0.554798515799872,-36.73022716516041,-42.34527687296407,-39.80900254739833,-142.3452768729641,-1.4284705882353137,-7.062893081761,-0.09481675864357145,0.11418879924210466,-0.2090055578856761,-0.31071051136572425,-0.01773057523203423,-0.29297993613369,154.41317430566673
156.38,2022-06-21,156.49,150.0,152.26,2775800,-0.349334802912864,0.07701635635616122,-0.4263511592690252,154.585,149.2426923076923,152.2821246199747,152.63145942288756,0.7708410522415704,0.6482030381622818,0.12263801407928865,-0.0027378172939240167,25.300780236798335,6.688500000000005,18.4364271689636,-5.796634046447159,24.23306121541076,157.04000000000002,147.93,152.485,152.865,16.955439362372548,21.775149914156174,50.79834451701593,44.62996994372615,-7.124567527864349,164.73999999999998,158.12,44.0,24.0,20.0,151.44348354590835,146.5707888017939,0.0,0.0,34346.433647989936,5915.469999999994,5.150297582671255,-51.38783108805422,-6410730.272413393,789806.6825727371,109.84399911869367,157.29545403941856,28.93847831777002,33.97697244591928,151.4415,172.78646312950627,130.0965368704937,28.18905403011233,0.46623325158132206,0.0,0.0,156.02233333333334,153.47833333333332,158.56633333333335,-3.2610715987241288,1.6836346960167667,0.0,1.0,130.61,165.25,147.93,22.873518817497178,0.5597575057736719,5.1100997071571275,3.8889995562457638,46.64852437098369,0.206295925755547,0.06876530858518241,0.13387455321293307,-1.4110428775438493,-22.81891267180297,-35.65426170468181,-34.666512859215324,-135.6542617046818,-1.2919705882353298,-5.273129144300596,-0.22887470527617856,0.045576098338448015,-0.2744508036146266,-0.20461624968238548,-0.055107710122104483,-0.14950853956028098,154.1326963445363
155.03,2022-06-22,155.99,154.19,154.19,2022800,-0.17126296383469253,0.027360492317990474,-0.198623456152683,154.25666666666666,149.05038461538462,152.57564390920936,152.74690687304405,0.6799295774647887,0.6341549295774649,0.04577464788732377,-0.0025559208499905234,25.194561991985122,5.5745000000000005,23.834683021710763,2.54260424256786,21.292078779142905,156.85500000000002,147.93,152.3925,152.865,8.477719681186274,21.011604826852366,50.337898009623906,40.29119316694379,-2.9547012117171514,165.31,158.12,40.0,20.0,20.0,152.27187453315386,146.5707888017939,0.0,0.0,34346.433647989936,6070.499999999994,5.053908547904839,48.749816210239175,-830161.9041475935,351238.373511717,114.17450378536034,156.8727101571932,36.055891333484325,34.926062542908625,152.8055,170.95260497572497,134.65839502427502,23.751900259774644,0.5381465804560017,0.0,0.0,155.61033333333336,153.3263333333333,157.89433333333335,-2.935537699938547,0.8109311150029158,1.0,1.0,130.72,165.25,147.985,22.59735415282827,0.6796988126267014,5.198089736441416,4.0112873914061655,51.7420148858216,0.5641792448991173,0.25682505688488816,0.12098131723076742,-0.6924737868068881,-3.7387374032865606,14.645858343337299,-21.117893411436214,-85.3541416566627,-1.5489705882353348,-2.491620818314044,-0.11212205035159117,0.01403646860044018,-0.12615851895203134,-0.18865133258633682,-0.08181643461495096,-0.10683489797138586,154.13332369235718
155.51,2022-06-23,156.2,152.23,156.17,2298500,-0.18614955186365023,-0.015341516518337664,-0.17080803534531258,153.74416666666667,148.80076923076925,152.52246792317715,152.7086174750408,0.6688635553972208,0.654969718560741,0.013893836836479712,-0.002839300817465529,25.065687051678402,2.006500000000017,25.726803258716792,8.40097401126055,17.32582924745624,155.365,147.93,151.6475,152.865,4.238859840593137,20.63135185874638,52.67905209835979,38.39179930638756,-22.236046057767105,165.77749999999997,161.14,36.0,16.0,20.0,153.05056206116464,146.5707888017939,0.0,0.0,34346.433647989936,5914.989999999993,17.983045263504195,-1.757243248366592,-21124.043469873825,349812.56974227406,112.19772448709197,156.4718607830894,43.22224283563552,34.926062542908625,154.1035,167.58748646543302,140.61951353456698,17.49990943156128,0.4305287051124372,0.0,0.0,154.945,152.88299999999998,157.007,-2.661589596308383,1.15834141610087,0.0,1.0,135.32,165.25,150.285,19.422011829711856,0.5649849649181421,4.879280762797274,4.2169204816142924,49.36769803597612,0.3973529020511526,0.38927602423527236,0.23828879656844762,-0.7666541998023922,-0.9549595895493328,-9.090909090909186,-10.033104150751248,-109.0909090909092,-1.2726764705882374,-3.8830660436923887,-0.1218985247470236,-0.013150530069052578,-0.10874799467797103,-0.14930155405360326,-0.09531345850268143,-0.053988095550921836,154.02266939086766
157.21,2022-06-24,157.92,154.45,156.29,3454600,-0.018597453574500378,-0.01599270392957021,-0.0026047496449301683,153.60583333333332,148.7776923076923,152.81901131961143,152.83760877318593,0.5861120660020624,0.6500515641113788,-0.06393949810931632,-0.000575851574500891,25.1007203805172,4.724999999999994,24.577795423868825,12.998242906111875,11.57955251775695,154.63,147.93,151.28,152.865,3.497535813470001,20.298537693489603,47.990888581108265,34.772033166905416,-29.50475290163297,164.9325,161.14,32.0,12.0,20.0,153.78252833749477,146.5707888017939,0.0,0.0,34346.433647989936,6072.199999999993,17.959534324761062,48.35182007282861,-953883.3407544038,36163.552390056626,114.49034880555745,156.23870866910642,50.51237896507001,34.926062542908625,155.365,162.55100445310046,148.17899554689956,9.250480421073538,0.4363345788350272,0.0,0.0,154.451,152.45,156.452,-2.5911130390868364,0.50024987506247,1.0,1.0,152.97,165.25,159.11,7.903968075177807,0.12052117263843563,4.960352686517546,4.315672480365681,52.05150868188272,0.5859251707364258,0.5158191058955653,0.38730672900524193,-0.06437984091116038,-1.2854149517417692,18.181818181818024,7.9122558114153625,-81.81818181818198,-0.16476470588236225,-1.0633527640766285,-0.012168113413825631,-0.01295404673800719,0.0007859333241815591,-0.02944878324121375,-0.0821405234503879,0.05269174020917415,154.03590086406763
157.13,2022-06-27,159.58,156.08,157.39,1640700,0.24291598472697729,0.03578903380173929,0.207126950925238,153.27166666666668,149.85692307692307,153.32070188582506,153.07778590109808,0.5618108920815233,0.6291346475108589,-0.06732375542933555,0.005383614593891061,24.829211816899722,4.3729999999999905,22.02709795911848,16.596154032752896,5.4309439263655825,155.18,147.93,151.555,152.865,11.652003862214032,20.18258281917561,47.26653061985544,32.39045379850263,3.483261895720067,156.9875,159.945,28.000000000000004,8.0,20.000000000000004,154.47057663724507,146.5707888017939,0.0,0.0,34346.433647989936,6229.329999999994,17.93895861552959,78.03326006242506,-1923375.5489085836,-69786.53493078078,116.14863239247882,156.04122217446832,50.351876424920306,35.2946574405774,155.387,162.57892908752441,148.1950709124756,9.2567963697406,0.5481790067425814,0.0,0.0,154.48133333333334,152.36133333333333,156.60133333333334,-2.744668179974285,0.12295597484276648,1.0,1.0,152.97,165.25,159.11,7.902849015683423,0.2532573289902291,4.977317417865794,4.36406563348911,53.98030874904891,0.7214482207923545,0.5682420978599777,0.49111240933027184,1.0724498468187122,6.360688431526961,38.206388206388304,15.765765765765698,-61.793611793611696,1.2621176470588011,-2.5048410269223504,0.15868793979285978,0.021374350568166202,0.13731358922469358,0.06053040826869424,-0.05360633710657148,0.11413674537526572,154.04742847203067
153.57,2022-06-28,160.24,152.75,156.9,1647800,0.17939613171844826,0.06451045338508109,0.11488567833336717,152.6875,150.89576923076922,153.23290159569814,153.0535054639797,0.5483386208048088,0.6511938554015704,-0.1028552345967616,0.009290680429260812,24.8505814735472,0.5474999999999852,18.092933030514843,18.867158120186605,-0.7742250896717628,155.18,147.93,151.555,152.865,18.946895665711033,20.074910435884046,46.31374309582901,31.73753470602742,-14.098303305929695,153.8825,156.84,24.0,4.0,20.0,155.11734203901037,146.5707888017939,0.0,0.0,34346.433647989936,6075.759999999994,18.058311012586646,-6.1697913750644915,-184866.83597058465,-273185.20790360845,112.87218377638449,155.8694962601223,50.60099627545657,34.54163841650563,155.07250000000002,162.1471077629774,147.99789223702263,9.124258347517959,0.335856624295551,0.0,0.0,154.75233333333335,152.67333333333332,156.83133333333336,-2.686873865122148,0.9815616482283114,1.0,1.0,152.97,165.25,159.11,7.918876654468071,-0.01791530944625398,4.895585676079214,4.499547517552887,49.59136847403231,0.41306863147730083,0.5734806743353604,0.5525139593636345,0.8176994325027698,3.926167112118187,-2.702702702702684,17.895167895167862,-102.70270270270268,2.2600882352941483,-4.387831747621427,0.11721138380634358,0.04054175721580168,0.0766696265905419,-0.05225831710027369,-0.05333673310531192,0.0010784160050382324,154.03681381347369
156.25,2022-06-29,156.59,153.2,154.42,1623300,0.16348290065226934,0.08430494283851875,0.07917795781375059,152.48583333333332,151.98961538461538,153.22783981174456,153.0643569110923,0.6597025495750715,0.6030453257790377,0.05665722379603377,0.012212140732928192,24.87277562568855,-3.1134999999999877,13.563468993737038,19.75747292754504,-6.194003933808004,155.18,147.93,151.555,152.865,26.09390519753934,19.041098082524826,44.35286188167437,39.64754746152352,-52.25818711598211,152.6575,155.655,20.0,0.0,20.0,155.72530151666973,146.5707888017939,0.0,0.0,34346.433647989936,6232.009999999994,16.803677313126833,4.756250249944467,4256672.0000000475,222711.35962709182,113.33249474201459,155.36888678296282,43.168852487392535,34.54163841650563,154.7635,161.59420208690003,147.93279791309996,8.827277861899004,0.38555349215137813,0.0,0.0,154.54433333333333,152.5773333333333,156.5113333333333,-2.5455478794650066,0.8417217420776119,1.0,1.0,152.97,161.3,157.135,5.382406058276023,0.027611044417765837,4.790027108471293,4.631441720711738,50.180854540505536,0.46843974342191746,0.5343188652305243,0.5586805458086208,0.7691946183173832,7.921045325213635,2.9601029601028244,12.821262821262799,-97.03989703989717,2.5926470588235304,-1.5550700424110113,0.10680664261192349,0.05379473429502604,0.05301190831689745,-0.002534606037908175,-0.04317630769183117,0.040641701653923,154.027782053251
155.85,2022-06-30,157.07,152.54,154.63,1915500,0.09650264382662499,0.08674448303613999,0.009758160790484999,152.56,152.97538461538463,153.1220183022454,153.02551565841878,0.636964845109642,0.6063348416289605,0.030630003480681567,0.013479288102616428,24.884759752333487,0.25950000000000273,8.866316534559221,19.041055840733225,-10.174739306174004,155.18,147.985,151.5825,152.865,38.04958649465486,18.12684145558445,43.23807029757559,38.15774609885181,-46.40915593705237,149.145,152.865,16.0,0.0,16.0,156.29678342566956,146.5707888017939,0.0,0.0,34346.433647989936,6076.1599999999935,16.847198988225834,-10.617642642904665,-540134.7449470622,146595.11717667384,112.66107829292844,154.89755241747167,50.55586020012031,34.39282979147369,154.4405,161.04658651169362,147.83441348830635,8.554862891137537,0.3561553805997044,0.0,0.0,154.511,152.45,156.572,-2.6677712266440667,0.9781659388646281,1.0,1.0,152.97,161.3,157.135,5.393662931679199,-0.051620648259304465,4.698024397624164,4.670616152577042,49.27078573147497,0.5413327707431587,0.4742803818807924,0.5273599738155591,0.4855205049244696,4.033533756344331,-8.977035490605585,-2.906545077735165,-108.97703549060559,2.638294117647064,0.5868776788658004,0.06306310644431136,0.05564840872488311,0.007414697719428251,0.01591267380646445,-0.03135851139217205,0.0472711851986365,154.02081678050283
156.27,2022-07-01,156.5,152.3,154.0,1572400,0.023780190258634093,0.07415162448063882,-0.05037143422200473,152.35999999999999,153.97653846153847,152.9955539480538,152.97177375779518,0.5797711208347361,0.5844833389431177,-0.004712218108381516,0.013250663272854435,24.691698318277,-1.4579999999999984,5.078333214435168,17.800428733958302,-12.722095519523133,156.69,150.285,153.4875,152.865,65.52632248710735,17.130427770907378,41.522543562408195,38.19279415195626,-53.32872450743206,149.145,152.865,12.0,0.0,12.0,156.29678342566956,165.25,0.0,1.0,34346.433647989936,5919.889999999993,16.1189796090188,-14.458665122489283,959877.1357266179,50322.6048934099,112.41520966830541,154.67366134723179,50.622740738048904,34.39282979147369,154.138,160.5515687413468,147.7244312586532,8.32185280897223,0.3567100413104775,0.0,0.0,154.74499999999998,152.519,156.971,-2.876991179036479,1.0491913746630714,0.0,1.0,152.97,161.11,157.04000000000002,5.280981977189281,-0.08230958230958062,4.6242219578617485,4.655827317808278,48.92332626891143,0.5074931932788599,0.5057552358146454,0.5047848276419874,0.1574877989387335,-2.8035220466131814,-15.158371040723742,-7.058434523742183,-115.15837104072374,2.397588235294137,-1.5513897866838897,0.01554547592308499,0.04762782216452349,-0.032082346241438506,0.05170845174028704,-0.014745118765680233,0.06645357050596727,153.9906856839547
164.84,2022-07-05,165.07,156.71,157.09,3334900,0.31832778144885765,0.1229868558742826,0.19534092557457505,152.69583333333333,155.03384615384613,153.56700718681478,153.24867940536592,0.42236559139785024,0.6447311827956999,-0.22236559139784962,0.017644730083922113,24.85469183977305,-3.937000000000012,9.9995331612603,16.862996066435713,-6.863462905175412,156.69,159.11,157.9,152.865,82.76316124355367,16.902539892498073,44.34874463600766,33.49704370789311,94.12088668594248,149.145,152.865,8.0,60.0,-52.0,156.29678342566956,165.075,0.0,0.0,34346.433647989936,6084.729999999993,16.100069212082655,91.45605846643767,-28223368.114535257,-2519455.9768727915,117.18831800711038,155.1015461543402,58.03784671735423,34.39282979147369,154.067,160.33194405401844,147.80205594598158,8.13275270371777,0.7109356426179688,0.0,0.0,155.648,152.81699999999998,158.47899999999998,-3.637695312500004,0.31243376898621955,1.0,1.0,152.97,161.11,157.04000000000002,5.283415656824637,0.45945945945945976,5.438799762075572,4.437501264553648,55.1781675576955,1.0,0.6829419880073395,0.5543258685675925,1.5781671093240202,11.215721201108085,84.61538461538505,20.159992694685226,-15.38461538461494,2.898647058823485,2.6395074665968044,0.20771975503086232,0.07964620873779127,0.12807354629307105,0.5163123397564136,0.09146637293873852,0.42484596681767506,154.26396866820335
165.79,2022-07-06,166.91,163.59,164.3,1544600,1.0943029280343808,0.31725007030630226,0.7770528577280785,153.8175,155.33961538461537,155.10900608115097,154.01470315311659,0.40968368479467293,0.6721698113207556,-0.26248612652608266,0.03370744853615373,24.840916274025126,-6.5575000000000045,19.074828538293275,16.334123346055993,2.7407051922372823,160.25,159.11,159.68,152.865,91.38158062177683,17.94392622060162,53.131546810358124,27.68798381294505,211.90885890753813,149.145,152.865,4.0,56.00000000000001,-52.00000000000001,156.29678342566956,164.90349999999998,0.0,0.0,34346.433647989936,6250.519999999993,15.643354541495857,241.33879297123218,-7123620.2424753895,-2603532.757427943,124.46695497986258,155.72376036133957,58.39199641182259,34.39282979147369,154.32750000000001,161.63470158473686,147.02029841526317,9.46973363105972,1.133792560160605,1.0,0.0,156.84966666666668,154.18066666666664,159.51866666666666,-3.40325874669802,-0.7627076308230284,1.0,0.0,152.97,164.3,158.635,7.341530187426098,0.9373345101500435,5.914919785868014,4.345310479868191,62.82642574428727,1.0,0.8358310644262866,0.6748427627494239,5.325319775582659,18.586405598665362,93.73345101500435,54.39682152988854,-6.266548984995651,4.181676470588229,8.965563178578572,0.7105184801391716,0.20582066301806734,0.5046978171211043,0.9189597704132851,0.25696505243364787,0.6619947179796373,155.60794965871048
168.79,2022-07-07,170.19,165.38,165.84,1774900,1.8325819981166376,0.6203164558683694,1.2122655422482682,155.285,155.58346153846153,156.6891589917431,154.85657699362648,0.34852652259332045,0.7012442698100858,-0.35271774721676535,0.05910468426392438,25.0555497022469,-4.790999999999997,26.27923035416293,16.395504134438898,9.883726219724032,161.17000000000002,159.405,160.28750000000002,151.385,95.69079031088842,19.130119507875435,53.93485102056257,26.235490986277032,217.72680463272457,148.79500000000002,152.865,100.0,52.0,48.0,156.5,164.90349999999998,1.0,0.0,34346.433647989936,6419.309999999993,15.576034342457895,250.02383683248456,-6210972.213993703,-3157755.2638297006,126.3138533232821,156.64298971208353,65.84582889066724,34.39282979147369,154.791,163.52781612488099,146.054183875119,11.288532440362797,1.1059987899850783,1.0,0.0,158.08433333333332,155.16033333333334,161.00833333333335,-3.6992913065389237,-0.7475490196078372,1.0,0.0,152.97,165.84,159.405,8.31443688586546,0.9642579642579636,5.9834278072812115,4.165502516074553,64.52261314254062,1.0,1.0,0.8395910174778752,8.953152093283952,19.57979539911355,96.42579642579635,91.59154401872858,-3.5742035742036347,6.420735294117634,11.917168572782016,1.1834059835844508,0.4013377271313441,0.7820682564531067,1.3705847060365806,0.4796889831542344,0.8908957228823462,156.80770013045307
167.36,2022-07-08,169.76,166.39,169.48,1369000,2.470691446208292,0.9903914539363539,1.4802999922719382,156.65083333333334,155.8530769230769,158.1815960699365,155.7109046237282,0.2830588822355293,0.6883732534930145,-0.4053143712574852,0.09080605121173922,25.082401566400836,-0.9159999999999968,35.537218569367326,17.613217817272062,17.924000752095264,162.99,161.225,162.10750000000002,150.04500000000002,97.84539515544421,20.709998752953986,57.18724325211848,23.786745176206765,209.67888502300153,148.79500000000002,152.865,100.0,48.0,52.0,156.6868,164.90349999999998,0.0,0.0,34346.433647989936,6586.669999999993,16.673124231490842,238.45380299927228,-268522.9445506686,-3315698.3617269224,127.33594547469097,157.86124321905768,72.90981476091977,34.60287186481622,155.106,164.9663517178638,145.2456482821362,12.714339507000124,1.0721905426333316,1.0,0.0,159.452,156.503,162.401,-3.698918796879327,-0.6763309596473311,1.0,0.0,152.97,169.48,161.225,10.644333552538258,0.8128407026044818,5.823085026553089,3.819243470877828,65.47973376608172,1.0,1.0,0.9452770214754288,12.221578288324352,24.080198009457103,81.28407026044817,90.48110590041627,-18.715929739551818,8.44385294117646,10.926666666666659,1.5867170331960123,0.6384135883442777,0.9483034448517346,1.6332352969744068,0.710398245918269,0.9228370510561379,158.6751581373755
166.17,2022-07-11,167.56,164.58,166.54,1482700,2.7980912537306892,1.3519314138952212,1.446159839835468,157.51666666666668,156.0676923076923,159.16596590533086,156.36787465160018,0.30194929290355477,0.720219136195694,-0.41826984329213923,0.12282647807767082,25.139337501531624,-3.1170000000000186,43.229516769856446,19.969042129576284,23.26047464028016,162.99,161.225,162.10750000000002,150.04500000000002,98.9226975777221,21.546968102137473,56.97771065750705,29.07342025389439,148.34005313858574,148.79500000000002,152.865,96.0,44.0,52.0,157.198528,164.90349999999998,0.0,0.0,34346.433647989936,6420.499999999993,16.79964963605308,161.42215971366258,1577541.0723957513,-3278333.5712888637,125.52833864735763,158.97070502127912,71.88034435271796,34.226459832390496,155.347,165.86430022391582,144.8296997760842,13.540396948657921,0.938943445724057,0.0,0.0,160.45266666666666,157.56466666666665,163.34066666666666,-3.5998155219192434,-0.21456602031394503,1.0,0.0,152.97,169.48,161.225,10.627820299072392,0.7032101756511218,5.3577765238977815,3.2312387721493385,62.23916889517134,0.8279152016782344,0.9426384005594115,0.980879466853137,14.064259603546022,21.976019541758745,63.67679762787262,80.46222143803904,-36.32320237212738,9.87694117647058,6.738439587521898,1.7894284615462446,0.8686165629846712,0.9208118985615734,1.7590420783245126,0.9201270123995178,0.8389150659249949,159.35437918158615
164.13,2022-07-12,168.43,163.13,165.57,1368600,2.907044478955015,1.66295402690718,1.244090452047835,158.42499999999998,156.25153846153847,159.77581730451072,156.8687728255557,0.3393099701168163,0.7195055691388212,-0.38019559902200495,0.15153788169592525,25.104654843085722,-1.272500000000008,50.649765726834374,23.586467984722898,27.063297742111477,162.99,161.225,162.10750000000002,150.04500000000002,99.46134878886105,22.324153926379285,55.53153604033238,28.335495863453918,116.2675760496206,148.79500000000002,152.865,92.0,40.0,52.0,157.68978688,164.90349999999998,0.0,0.0,34346.433647989936,6256.369999999993,16.636700712420136,104.36349404028184,87126.05861207125,-2814200.976215616,124.08230328461609,159.88556352778645,64.55685271792876,33.9249142815522,155.7225,166.77463621884834,144.67036378115165,14.194655517151789,0.8351162098132316,0.0,0.0,161.25533333333334,158.30033333333333,164.21033333333332,-3.6649950595949257,0.18279751833051253,1.0,1.0,152.97,169.48,161.225,10.60219300358008,0.6153846153846155,5.206998871508003,2.8067169299366284,59.69061411724788,0.6503396253188817,0.8260849423323721,0.9229077809639278,14.899957852716033,19.723497525828147,52.92809488510005,65.96298759114028,-47.07190511489995,10.143588235294118,7.160218091046447,1.8531696440232652,1.0655271791923902,0.7876424648308751,1.7357742151016684,1.083256452939948,0.6525177621617204,159.604173034598
165.94,2022-07-13,167.07,162.37,163.82,1749400,2.8986511998121784,1.91009346148818,0.9885577383239985,159.085,156.4146153846154,160.17492233458597,157.2762711347738,0.38130501606818534,0.7089562665921477,-0.3276512505239624,0.17548436343967172,25.24424168452516,-0.17849999999998545,58.7621796911451,28.608546951101573,30.153632740043527,162.99,161.225,162.10750000000002,150.04500000000002,99.73067439443052,22.640465966958313,54.4933907205871,31.490524468095355,83.9836492010401,148.3425,152.865,88.0,36.0,52.0,158.1613954048,164.90349999999998,0.0,0.0,34346.433647989936,6090.429999999993,16.58971333645092,71.43808060595609,3045528.504278668,-2537365.9470423115,123.30921188511876,160.5696165530577,57.34275623659027,33.9249142815522,156.2585,167.5066701178449,145.0103298821551,14.396874560865353,0.7716664104459218,0.0,0.0,162.03433333333334,159.0883333333333,164.98033333333333,-3.636266387987746,0.4430300973070806,1.0,1.0,152.97,169.48,161.225,10.565825219108074,0.5693519079345858,5.080298984357203,2.7063678120021826,58.342139388673296,0.5688923228889881,0.682382383295368,0.8170352420623838,15.22807718369362,17.161979204503947,46.46084337349409,54.355245295488906,-53.53915662650591,9.055999999999983,5.127873098090007,1.8430314877749452,1.2210280409089012,0.622003446866044,1.786152416412354,1.2238356456344293,0.5623167707779246,159.96699396072938
168.76,2022-07-14,169.25,163.83,163.83,2488200,2.9755094432209432,2.123176657834733,0.8523327853862104,159.73083333333332,156.62423076923076,160.7372419754189,157.76173253219795,0.3970434327577188,0.7085295656724232,-0.3114861329147044,0.19668169856361845,25.36788995076333,-3.9650000000000034,66.02842720467363,34.95989258111428,31.06853462355935,162.99,161.225,162.10750000000002,150.04500000000002,99.86533719721527,22.935959109594524,52.29482294704684,30.20384848296027,87.96158604131911,148.1175,152.865,84.0,32.0,52.0,158.614139588608,164.90349999999998,0.0,0.0,34346.433647989936,6259.189999999993,16.48198865011902,96.43115480510541,-3516769.3766295672,-2787054.899410861,124.8266695435532,161.33766550855503,57.79384347027366,33.9249142815522,156.715,168.40548758606667,145.02451241393334,14.919423904625168,0.8043072390102889,0.0,0.0,163.12433333333337,159.85333333333332,166.39533333333333,-4.010437845978426,0.39213288494853454,1.0,1.0,152.97,169.48,161.225,10.535047698050596,0.6577831617201708,5.260269085921482,2.4024331829844443,60.202170051403385,0.6812373870611519,0.6334897784230072,0.7139857013502491,16.015000183534394,16.024229320392255,56.47149460708797,51.953477621894024,-43.52850539291203,7.670411764705904,4.965402357765248,1.8860780719517418,1.3540380471174693,0.5320400248342725,1.9420510560173396,1.3674787277110114,0.5745723283063282,160.5166533590457
167.96,2022-07-15,171.7,167.19,170.3,2145900,3.269851264202515,2.3525115791082896,0.9173396850942255,160.93416666666667,157.05038461538462,161.72997397920062,158.4601227149981,0.39824472144492545,0.7667260239124907,-0.3684813024675652,0.2189561233493673,25.38404864457521,-4.240499999999997,76.22608091329234,42.8651978809873,33.36088303230503,167.685,161.635,164.66,150.455,99.93266859860763,24.210230343486135,60.079211726424376,25.275274400449444,121.29656980485387,149.21249999999998,152.865,100.0,28.000000000000004,72.0,159.04877400506368,164.90349999999998,0.0,0.0,34346.433647989936,6427.149999999993,16.466759263073797,163.27607554723284,-3717551.7980470886,-2984459.789217481,128.27137197900458,162.30927994581967,58.244407986093094,34.62068252904054,157.4405,169.81995794451348,145.0610420554865,15.725887487036044,0.8937773383818044,0.0,0.0,164.6226666666667,161.45566666666667,167.78966666666665,-3.847586804571246,0.09467424481633285,1.0,1.0,152.97,170.3,161.635,11.00733292894777,0.8205424120023075,5.521242177329331,2.2102348747877976,64.16743444477122,0.9207376768459707,0.7236224622653703,0.6798315413279151,17.8540324699518,11.610482736225604,77.46376811594195,60.13203536550799,-22.53623188405805,6.8158235294118015,9.453355155482814,2.0635168067385488,1.4959337990416852,0.5675830076968635,2.0012277802274028,1.4942285382142897,0.5069992420131131,161.83960282334786
169.5,2022-07-18,171.24,168.31,168.56,1718700,3.5525424200803286,2.5925177473026975,0.9600246727776311,162.19333333333333,157.36653846153845,162.74228567470823,159.1897432546279,0.4374516378643285,0.7470982718596854,-0.30964663399535686,0.24190853493050507,25.404601382449748,-5.809500000000014,86.43122231342375,51.35760778678324,35.073614526640505,168.60500000000002,161.635,165.12,150.455,99.96633429930381,25.24841816787046,57.92386325706097,25.57308690761879,103.08945154010837,155.7775,152.865,96.0,24.0,72.0,159.72384756475986,164.90349999999998,0.0,0.0,34346.433647989936,6596.649999999993,16.13803983764638,167.07092189762827,1739233.0383480783,-2722844.89012772,129.40684658873005,163.1488765905196,51.00353783151153,34.62068252904054,158.3495,171.11219481731726,145.58680518268275,16.119652815218554,0.8902193127146213,0.0,0.0,166.13299999999998,162.948,169.318,-3.834277356094217,0.15824175824175965,1.0,1.0,152.97,170.3,161.635,10.9441457030177,0.8851702250432771,5.374117959596399,2.1064137813226163,65.40478352373758,0.9954730371092307,0.8658160336721178,0.7409760914534984,19.75218965194181,10.85219269971664,85.57971014492749,73.17165762265245,-14.420289855072518,7.146264705882373,9.862924281984343,2.231640272450185,1.6430750937233851,0.5885651787268,2.0981065119969005,1.615004132970812,0.48310237902608844,163.24086538734932
170.21,2022-07-19,171.03,168.12,170.0,1580900,3.718382585852652,2.817690715012689,0.9006918708399629,163.49166666666667,157.68807692307695,163.56962634013772,159.85124375428506,0.4268068331143237,0.7562417871222074,-0.32943495400788364,0.2635313065413681,25.412938447726933,-7.067000000000007,94.16160995699572,59.7005834999724,34.461026457023316,168.685,161.635,165.16,150.455,99.9831671496519,26.415376516904388,59.16500128134498,24.409745102903795,96.52872429893007,155.7775,152.865,92.0,20.0,72.0,160.35841671087428,164.90349999999998,0.0,0.0,34346.433647989936,6426.439999999993,16.078883479466025,138.58366162653857,-372157.92256623897,-2736222.8248845525,129.21470173696844,164.06706233588412,57.981737298412014,34.62068252904054,159.36700000000002,171.83506015384816,146.89893984615188,15.646978551203375,0.8510169140986402,0.0,0.0,167.14233333333334,164.65233333333333,169.63233333333335,-2.979496516940662,0.3036813922356103,1.0,1.0,155.99,170.3,163.145,8.979274253766464,0.847658979734451,5.108706163636759,1.7135791553560715,64.99475608982755,0.9707075537771667,0.9623060892441228,0.8505815283938704,21.218299769142387,10.38064430359518,84.2028985507246,82.41545893719801,-15.797101449275399,7.659852941176496,10.213714435557895,2.3261518012136047,1.7796904352214291,0.5464613659921755,2.1826687548338426,1.7285370573434182,0.45413169749042437,164.06500564576797
173.32,2022-07-20,173.68,169.88,170.59,2277200,3.9463384697386346,3.043420265957878,0.9029182037807564,164.95666666666668,158.23653846153846,164.5404530570396,160.59411458730096,0.3482395271138526,0.7828321768182984,-0.43459264970444583,0.2849575288258321,25.3522437111357,-3.6510000000000105,100.31250889230319,67.92650333754354,32.38600555475965,168.82999999999998,161.78,165.305,150.60000000000002,99.99158357482595,27.5826548617731,56.80781227001662,22.778762814957677,105.46052816549785,155.0725,152.865,100.0,16.0,84.0,160.95491170822183,164.90349999999998,0.0,0.0,34346.433647989936,6599.759999999993,15.973689666602,162.36359567988998,-2888183.706438968,-3246569.6610587677,131.02913904365414,165.23956099715113,64.87977569513316,34.62068252904054,160.36100000000002,172.85327265152242,147.86872734847762,15.580188015193716,0.8809955268163284,0.0,0.0,167.78733333333332,165.24933333333334,170.32533333333333,-3.025258164104557,0.08773312319411705,1.0,1.0,155.99,170.59,163.29000000000002,9.104458066487483,0.9513698630136981,5.153835547273084,1.316065717218513,67.05508048051851,1.0,0.9887268636287992,0.9389496621816799,23.06123448815195,15.95709369693129,94.96096522356275,88.24785797307159,-5.039034776437245,8.801970588235292,11.543007222586988,2.457336920397139,1.9152197322565714,0.5421171881405678,2.371324355837781,1.8570945170422908,0.5142298387954902,164.66791202676202
171.68,2022-07-21,174.0,164.8,172.8,3263200,3.67472170104827,3.169680552975957,0.5050411480723129,165.63083333333336,158.7423076923077,164.58038335595657,160.9056616549083,0.3332906366081721,0.790060202382477,-0.4567695657743049,0.2983037817831364,25.16698236624301,2.6984999999999957,102.38007632467139,75.35348753257733,27.02658879209406,169.935,162.885,166.41,151.705,99.99579178741297,28.972565478059966,58.287724983164345,20.992972289576176,88.31106038268271,153.5225,152.865,100.0,12.0,88.0,161.7257187715641,164.90349999999998,0.0,0.0,34346.433647989936,6428.079999999993,16.596279810705536,14.57816772562039,-884203.1686859193,-3271145.977040115,125.89531281337396,166.32647118550418,57.825235667696894,33.585404290004014,160.8915,173.19011175092436,148.59288824907566,15.288081410048823,0.6589000481987832,0.0,0.0,168.127,165.904,170.35,-2.644429508645249,1.2483130904183504,0.0,1.0,156.2,172.8,164.5,10.31751211219985,0.5180722891566272,5.050451992545776,1.4153859813382308,56.684510544485576,0.42804376151347817,0.7995837717635483,0.9168722415454901,21.721047704472955,7.83913778448306,50.92024539877304,76.69470305768678,-49.07975460122696,9.823382352941167,5.162401888839259,2.283774022153046,1.9889305902358663,0.29484343191717954,2.4111560986402143,1.9679068333618757,0.44324926527833863,164.6688422375379
172.01,2022-07-22,175.68,170.49,172.45,1798700,3.8739425039142645,3.310532943163619,0.5634095607506455,166.20583333333332,159.3496153846154,165.4895551473479,161.61561264343362,0.2882692081421345,0.7376161901400162,-0.4493469819978817,0.3121887863912132,25.147699169655414,3.575499999999977,106.83584587595463,82.42085743325491,24.414988442699723,169.935,162.885,166.41,151.705,99.99789589370648,30.263196764612054,47.730303804173104,17.190599657534637,109.19957801230679,153.5225,152.865,96.0,8.0,88.0,162.8331468944077,164.90349999999998,0.0,0.0,34346.433647989936,6600.089999999993,4.176265846672614,152.31512947910312,-1248735.5386314671,-3428904.025208549,131.83425031337396,167.604112821775,64.53012962335191,33.585404290004014,161.80450000000002,174.1066745638718,149.50232543612825,15.206220548713754,0.8530066962920118,0.0,0.0,168.56,166.04199999999997,171.078,-2.987660180351228,0.11675933280381064,1.0,1.0,156.5,172.8,164.65,10.07388546054035,0.858282208588957,5.633406793291198,1.2587170370251755,63.4947119191314,0.7002277793461456,0.7094238469532078,0.8325781607818518,22.669627046788296,18.612631216230966,70.11642949547223,71.99921337260265,-29.88357050452777,10.066382352941162,4.217861727489459,2.3970100663858487,2.070546485465863,0.32646358091998584,2.429092676779994,2.0601440020454995,0.36894867473449455,164.84381070525617
168.42,2022-07-25,171.35,167.4,171.31,1927200,3.739383959106533,3.396303146352202,0.343080812754331,166.37416666666667,159.91576923076926,165.7834697400636,162.04408578095706,0.3869731800766286,0.7214012041598244,-0.33442802408319583,0.3212866597871524,25.077727930454152,3.937999999999988,104.2372181200442,88.37501881027822,15.862199309765984,169.935,162.885,166.41,151.705,99.99894794685324,29.93509354595812,46.75278453853114,27.653003496848633,69.91647843672824,153.47500000000002,152.865,92.0,4.0,88.0,163.82983220496692,164.90349999999998,0.0,0.0,34346.433647989936,6431.669999999993,14.023744156485359,56.210425267802606,64956.655979086936,-1408309.398743239,128.7817674698054,168.3339459641927,57.52968753590543,32.97669469263107,162.452,174.498188774877,150.405811225123,14.830459181637664,0.7053761605628883,0.0,0.0,168.93933333333334,166.51933333333332,171.35933333333332,-2.8649337632049394,0.8180440771349827,1.0,1.0,156.5,172.8,164.65,10.033733041144469,0.6687116564417177,5.156066113962077,1.3487040684390486,58.148049370771645,0.14112424247783603,0.42313192777915326,0.6440465154986365,21.7160439314503,11.411910142225068,8.319185059422884,43.118619984556034,-91.68081494057712,10.021058823529415,1.2214294352400594,2.307633716519122,2.1179639316765146,0.18966978484260721,2.2442458134585817,2.096964364328116,0.1472814491304657,164.89066468936903
157.82,2022-07-26,164.65,157.11,162.68,3233700,2.7704918347232024,3.2711408840264022,-0.5006490493031999,165.60083333333333,160.18423076923077,164.4490897800538,161.6785979453306,0.5352071005917164,0.7331360946745558,-0.19792899408283937,0.3133292528711541,25.027833452799275,2.07650000000001,93.82612950638413,92.27101323419366,1.5551162721904745,168.72500000000002,162.885,165.805,151.705,49.99947397342662,27.880249016639603,43.532817487393686,42.52825232122684,-47.011865118391945,152.555,152.865,88.0,0.0,88.0,163.82983220496692,172.8,0.0,1.0,34346.433647989936,6273.849999999993,14.23419844751655,-183.81503548474043,9567893.803066771,-216058.39549022753,119.08064560600613,168.11375601066297,50.88489719233703,30.94963263536002,162.5035,174.44866517256972,150.5583348274303,14.701425104775856,0.2742392038083595,0.0,0.0,168.51633333333334,166.18533333333335,170.84733333333332,-2.766497411724666,2.946660946660956,0.0,1.0,156.5,172.8,164.65,10.030553188085186,0.037423312883436394,5.112459502565869,2.4936581434084957,44.66104073650965,0.0,0.2804506739413273,0.47100214955789604,15.649207240154514,-13.776115206401942,-92.51533742331272,-4.693240956139216,-192.51533742331273,8.581205882352975,-5.577258248692814,1.7135798243747797,2.037087110216168,-0.3235072858413881,1.5688414726405309,1.991339785990599,-0.42249831335006816,164.65229255028729
161.13,2022-07-27,162.0,155.15,157.86,2252100,1.8234624855941206,2.981605204339946,-1.1581427187458253,164.815,160.46807692307692,163.01846058312245,161.19499809752833,0.6359083320685996,0.6730915161633024,-0.03718318409470278,0.2913699631368322,24.984129232807465,0.5065000000000168,80.73696698118621,93.90529543158395,-13.168328450397738,167.4,164.395,165.8975,151.705,24.99973698671331,26.359539945713067,42.669686612745984,48.6906253745357,-93.65603692881,152.485,152.865,84.0,4.0,80.0,163.82983220496692,172.637,0.0,0.0,34346.433647989936,6112.719999999993,14.152461651081273,-202.67214470120626,9596536.957735956,913049.4024904623,117.07049475628298,167.5121293772563,44.05096626000619,30.94963263536002,162.62349999999998,174.21737816910166,151.0296218308983,14.258552016285083,0.1776962854449663,0.0,0.0,167.908,165.488,170.328,-2.882530909783932,3.1359504132231377,0.0,1.0,156.5,172.8,164.65,10.02315163552624,-0.08282208588957014,5.090213552309281,3.464239268105138,42.63266526882508,0.0,0.047041414159278754,0.25020800529325304,10.241448689762562,-20.34463307457424,-63.4259259259258,-49.207359429938556,-163.4259259259258,6.1513823529411695,-5.7297362984566815,1.1312153026552756,1.8559127487039895,-0.7246974460487139,1.1787409486466425,1.8288200185218078,-0.6500790698751653,164.3005953944246
163.34,2022-07-28,164.93,159.01,160.27,2503100,1.3686279529648289,2.6590097540649227,-1.2903818011000938,164.47166666666666,160.8146153846154,162.40177433956515,161.03314638660032,0.6020479730677516,0.6662926076588581,-0.06424463459110652,0.2653066847209418,25.139423683062233,-0.5440000000000111,69.75487241878358,93.18627226552742,-23.431399846743844,167.4,164.395,165.8975,151.705,12.499868493356654,24.537821371659597,43.22953722101178,42.4961710102756,-60.166977693466734,152.485,152.865,80.0,0.0,80.0,163.82983220496692,172.21152,0.0,0.0,34346.433647989936,6276.059999999993,14.0980486856766,-83.64863831532001,-7617362.556630341,388132.28734191426,121.13425498831648,167.01204475892192,43.787048605618125,30.94963263536002,162.91400000000002,173.819569953009,152.00843004699104,13.388131103538035,0.32100889651701037,0.0,0.0,167.48466666666667,165.14066666666668,169.82866666666666,-2.7990622027090963,2.307736063708767,0.0,1.0,156.5,172.8,164.65,10.005278858784395,0.15398773006134903,5.559192197078353,3.9037876781366263,47.67301994670269,0.2063823186276962,0.06879410620923214,0.13209539810327933,7.598993989302231,-9.663965624278012,-27.68518518518524,-61.20881617814127,-127.68518518518525,3.980647058823564,-2.5255930852694197,0.8499044971021651,1.6547110983836246,-0.8048066012814595,0.9657412215720071,1.6562042591318478,-0.6904630375598406,164.19050614544634
165.36,2022-07-29,165.46,162.16,162.16,2242100,1.2479612626944174,2.3768000557908215,-1.1288387930964041,164.45416666666668,161.12115384615385,162.36457828732435,161.11661702462993,0.5546558704453444,0.6630534151756563,-0.10839754473031193,0.24103158218456971,25.44974940300867,0.4350000000000023,58.2435253629652,90.0543059376987,-31.8107805747335,167.4,164.5,165.95,151.705,6.249934246678327,23.240745964012,44.533250345056146,39.19257607685814,-43.07365912492567,152.3925,152.865,76.0,0.0,76.0,163.82983220496692,171.8030592,0.0,0.0,34346.433647989936,6441.419999999993,13.980423301926598,2.713167158297267,-2414731.49492017,102969.96110506276,124.41004896353817,166.80263458968417,50.77502234842141,30.94963263536002,163.395,173.2233131818218,153.56668681817823,12.030127215424931,0.43717131428594275,0.0,0.0,166.83766666666668,164.30366666666666,169.3716666666667,-3.0376833368963685,1.4229807945277513,0.0,1.0,156.5,172.8,164.65,9.975825453655258,0.34723926380368053,5.648272977370519,4.106116339245606,51.423850488855216,0.3599637932541956,0.188782037293964,0.1015391858874916,6.759278892888308,-5.108302700017047,1.4814814814814483,-29.876543209876544,-98.51851851851855,1.8722941176470442,-0.12933423662007018,0.774570175156819,1.4786829137382635,-0.7041127385814445,0.8853037263563392,1.5020241525767462,-0.6167204262204069,164.14590469718624
166.69,2022-08-01,170.8,165.71,166.53,1718500,1.4223909354148248,2.1859182317156223,-0.7635272963007975,164.61083333333335,161.63961538461538,162.87925855081292,161.4568676153981,0.510693215339233,0.7069813176007865,-0.19628810226155358,0.22289729262668853,25.794605708612487,3.124500000000012,49.859306318919984,85.13182775569028,-35.2725214367703,167.4,164.65,166.025,151.705,3.1249671233391636,22.850954088865784,50.30497340222125,35.11430041766171,25.858728795001312,151.6475,152.865,72.0,20.0,52.0,163.82983220496692,171.410936832,0.0,0.0,34346.433647989936,6608.109999999992,13.895444846234716,86.8612147071122,-12436768.85236071,-791593.9611072788,128.05921953581247,166.9416451336527,57.825763593154825,30.94963263536002,164.0655,172.50644183133443,155.62455816866554,10.289721887093195,0.5974121154285955,0.0,0.0,166.66866666666667,163.97566666666665,169.36166666666668,-3.231561221265359,0.6779923257828917,1.0,1.0,162.0,172.8,167.4,6.5827367728133055,0.3435185185185189,5.947445679633469,4.140950985021669,55.3116064695327,0.5191518156908966,0.36183264252426284,0.2064695953424863,7.401427299633205,8.09829652059998,34.35185185185189,2.7160493827160175,-65.64814814814811,1.0332647058823738,1.1475309772324942,0.880972705851734,1.3591408721609577,-0.47816816630922365,0.8763052722760543,1.376880376516608,-0.5005751042405537,164.16316674945583
164.75,2022-08-02,166.99,164.2,166.99,892000,1.4223869361454717,2.0332119726015923,-0.6108250364561205,164.36166666666668,162.01461538461538,163.08244954299556,161.6600626068501,0.5177890724269375,0.7176620076238882,-0.1998729351969507,0.20733575505056928,25.85742248124978,3.8700000000000045,46.470531203652314,79.14938579028463,-32.67885458663231,167.4,164.65,166.025,151.705,1.5624835616695818,21.62549060635309,48.70625946409586,43.457997784995285,-14.84468339307115,151.28,152.865,68.0,16.0,52.0,163.82983220496692,171.03449935872,0.0,0.0,34346.433647989936,6443.359999999992,13.841751681373543,38.913541177524294,-0.0,-1009131.7114128979,126.55796734825589,167.0583459421745,57.814743294908425,30.66761015464435,164.44,172.17766373009135,156.70233626990864,9.410926453528772,0.4844914428714017,0.0,0.0,166.303,163.71300000000002,168.893,-3.1147964859322914,0.9059845559845621,1.0,1.0,162.0,172.8,167.4,6.567745074191202,0.20370370370370244,5.480701111670122,4.207467551965334,53.35551784061998,0.43905782777212016,0.4393911455724042,0.330001941796877,7.274289188581159,-2.6481252468727727,20.370370370370242,18.734567901234513,-79.62962962962976,1.3472352941176382,-1.788384472755553,0.8798629130836427,1.2632852803454946,-0.38342236726185186,0.7656983948974062,1.2546439801927676,-0.48894558529536136,164.1637295909709
165.09,2022-08-03,167.63,163.58,166.21,1097500,1.3567155756222462,1.897912693205723,-0.5411971175834769,163.9675,162.30307692307693,163.15899576715012,161.80228019152787,0.5088372093023255,0.6869102990033219,-0.17807308970099645,0.19299245057973133,25.729192626961378,3.680499999999995,41.499383417672306,72.38486435617362,-30.885480938501317,167.225,164.65,165.9375,151.705,0.7812417808347909,20.48756022973416,46.22209559902705,41.24151085018341,-21.818044030161122,151.555,152.865,64.0,12.0,52.0,163.82983220496692,170.6731193843712,0.0,0.0,34346.433647989936,6278.269999999992,14.000604754879832,18.73220672359282,60209.58265189267,-753633.214321365,125.93460681232413,167.0725859403523,50.74228591814934,30.66761015464435,164.4395,172.17738465925743,156.7016153407426,9.411223774406292,0.44446156554093164,0.0,0.0,165.74533333333335,163.32233333333335,168.16833333333335,-2.923762559428523,0.9468289998624299,1.0,1.0,162.0,172.8,167.4,6.56776504428681,0.1462962962962973,5.27563100050311,4.325165702937455,52.534009028946535,0.40542033514280357,0.4545433262019402,0.4185890380995357,6.920890398287911,0.7169483102345202,14.62962962962973,23.117283950617274,-85.37037037037027,2.4792058823529715,-2.810290535321722,0.8385021360739051,1.1783286514911768,-0.3398265154172717,0.6867302856883155,1.141061241291877,-0.4543309556035615,164.14835567520112
162.16,2022-08-04,165.48,161.89,165.35,995800,1.1549876940086108,1.749327693366301,-0.5943399993576901,163.44833333333332,162.6546153846154,162.96376564912703,161.80877795511842,0.5704387990762122,0.6430427251732103,-0.07260392609699806,0.17763679080609987,25.48072109927942,5.614999999999981,37.49640020963201,64.68048150435999,-27.18408129472798,166.655,164.65,165.6525,151.705,0.39062089041739545,19.092624398939932,44.08957484964945,44.94291439840842,-52.47357317160607,151.555,152.865,60.0,8.0,52.0,163.82983220496692,170.32619460899636,0.0,0.0,34346.433647989936,6116.109999999992,16.606522707051088,-23.093879951206755,120652.442032557,-479475.7686013904,124.25927730993995,166.68413251096584,43.65141620526102,30.350772759110974,164.26500000000001,172.0673163227321,156.46268367726793,9.49966982952191,0.3478016077686792,0.0,0.0,165.116,162.8,167.432,-2.805300516000858,1.1964594127806627,0.0,1.0,162.0,172.8,167.4,6.574742032691085,-0.010185185185186438,4.938067900452797,4.530402215792227,50.26228879376842,0.31240249822999827,0.38562688704830744,0.4265204529408839,5.947100822291049,7.442736948318407,-1.0185185185186438,11.327160493827094,-101.01851851851865,2.7735294117647413,-3.7056864144658683,0.713797921599145,1.0854225055127704,-0.3716245839136254,0.4754999180506112,1.0079489766436238,-0.5324490585930126,164.1190055876277
164.97,2022-08-05,165.24,161.0,161.78,1102900,0.9127793799921449,1.5820180306914697,-0.6692386506993249,162.70833333333334,162.95461538461538,162.66164785695364,161.7488684769615,0.5844269466316707,0.637503645377661,-0.0530766987459903,0.16084153251009475,25.362646473968393,0.8045000000000186,29.19177580767316,56.34209902520765,-27.150323217534492,164.495,164.65,164.5725,151.705,0.19531044520869772,17.850456037513162,44.08957484964945,45.61661400352745,-79.40784518222421,151.555,152.865,56.00000000000001,4.0,52.00000000000001,163.82983220496692,169.9931468246365,0.0,0.0,34346.433647989936,5951.139999999992,15.530597795768854,-40.76951138674833,3995453.718857956,-318317.1485649706,123.35234482491927,166.204141071646,43.8627038866466,30.350772759110974,163.9955,171.8577222685429,156.1332777314571,9.588339031915991,0.3095004250906818,0.0,0.0,164.096,161.757,166.435,-2.8507702808112305,1.1618212911500654,0.0,1.0,162.0,172.8,167.4,6.585546554631079,-0.09259259259259249,4.7792611104075196,4.768403549867363,49.059132216863695,0.26313805953809305,0.32698696430363167,0.3890523925179597,4.7988211379211885,8.44774787782825,-9.259259259259249,1.4506172839505982,-109.25925925925925,2.3992647058823593,-5.227219213562512,0.5643188657744184,0.9812017775651001,-0.4168829117906817,0.44043085108637325,0.8944453515321737,-0.4540145004458005,163.92219105983582
166.29,2022-08-08,169.68,165.81,165.9,1580300,1.0963166908910011,1.4848777627313763,-0.38856107184037514,162.7925,163.465,163.14600972511462,162.04969303422362,0.5299168231821836,0.6593775154279581,-0.1294606922457745,0.14936452333543573,25.352763001986602,6.433000000000021,24.63835027187125,48.654567999150665,-24.016217727279415,164.495,164.65,164.5725,151.76,1.5640783217462941,17.339467260398497,49.24921520641151,39.73131238418046,16.235048899995867,151.5825,152.865,52.0,0.0,52.0,163.82983220496692,169.67342095165105,0.0,0.0,34346.433647989936,6117.429999999992,15.340649299148023,79.31969023993005,-9729027.60238139,-986664.9828374813,128.32038768206212,166.01305189056245,43.7032491089282,30.350772759110974,164.057,171.9557064763777,156.15829352362226,9.629222131792885,0.6109675365987219,0.0,0.0,163.80700000000002,161.094,166.52,-3.312434755535487,0.13085145595282083,1.0,1.0,162.0,172.8,167.4,6.583077832704494,0.35277777777777763,5.169334999366768,4.824415987888084,55.288435905076774,0.5182030739610112,0.36458121057636755,0.35906502064276885,5.6569537924139475,13.188024866497702,35.277777777777764,8.333333333333277,-64.72222222222224,1.759999999999991,0.6128640776698974,0.6765311740883506,0.9202676568697502,-0.2437364827813996,0.47174476568941726,0.8099052343636225,-0.33816046867420524,163.9389179415358
168.95,2022-08-09,169.03,165.56,166.49,1288500,1.2076770718984733,1.4294376245647957,-0.22176055266632244,162.38166666666666,163.97499999999997,163.51739284432776,162.30971577242929,0.5851800554016615,0.673130193905817,-0.08795013850415545,0.14132753686422939,24.976718407714344,3.221499999999992,25.373526612581383,42.50307462486124,-17.12954801227986,165.96,167.4,166.68,154.06,8.430618607568148,16.704521992980677,48.31757478514597,40.78794987520054,12.60816706000106,153.4875,152.865,48.0,64.0,-16.0,163.82983220496692,169.36648411358502,0.0,0.0,34346.433647989936,5948.479999999992,15.273032934849946,61.95437734851148,45102.101213378315,-777144.5680051708,128.0656533475829,165.68548037803444,36.14011476299094,30.350772759110974,164.1785,172.09117660150292,156.2658233984971,9.639114258569677,0.5872966297989223,0.0,0.0,164.36166666666668,161.59166666666664,167.1316666666667,-3.3706156139408305,0.28369434416365935,1.0,1.0,162.0,172.8,167.4,6.5782060379404195,0.3296296296296295,4.974401499430091,4.885924260927778,54.912577204896024,0.5886245075523613,0.45665521368382195,0.3827411295212737,6.240602050823219,7.187589123541714,32.96296296296295,19.660493827160476,-67.03703703703705,1.520323529411769,-2.891665200305007,0.7440571663570217,0.8850255587672046,-0.14096839241018289,0.6190270335603151,0.7717295942029612,-0.1527025606426461,164.07788455873467
165.97,2022-08-10,171.39,165.73,170.14,1713100,1.294723785543681,1.4024948567605728,-0.10777107121689178,162.2425,164.32192307692307,163.85779394520043,162.56307015965675,0.57475307806792,0.6777161412528748,-0.10296306318495485,0.13585740301746294,24.662480730501883,-7.236499999999978,27.52256499014537,37.810596021679224,-10.288031031533855,167.69,167.4,167.54500000000002,162.885,39.76283423856424,16.829707689644323,52.10336879756036,35.86663761397942,51.66393831427051,157.9,152.865,44.0,60.0,-16.0,162.0,169.36648411358502,1.0,0.0,34346.433647989936,6114.4499999999925,15.579712614595628,57.13445201300955,-2263210.218714211,-875645.0715786202,128.2360743429924,165.56970420170492,43.58277551343439,30.38193748107913,164.3465,172.24110898334877,156.45189101665122,9.607273636309596,0.5876230857613126,0.0,0.0,165.43666666666667,162.95566666666667,167.91766666666666,-2.999335092986232,0.44088405212951975,1.0,1.0,162.0,172.8,167.4,6.571481595288012,0.34537037037036905,5.0599613494870805,4.877531663313658,55.13592548515412,0.5993304696279861,0.5687193503804528,0.46331859154688076,6.780413994448324,2.962170313704149,35.69377990430616,34.64484021501561,-64.30622009569385,1.82829411764709,-0.9976105137395554,0.7964439797255949,0.8673092429588827,-0.07086526323328779,0.5834879801941848,0.7340812714012059,-0.15059329120702114,164.3105660120474
165.37,2022-08-11,168.72,164.52,167.31,1581000,1.2516438741768923,1.3723246602438368,-0.12068078606694455,162.85999999999999,164.35769230769228,163.95967179978499,162.7080279256081,0.6817631020902746,0.7365949712208416,-0.054831869130567035,0.13059706796403253,24.301567670764918,-9.230999999999995,28.374265684443863,34.49178939073241,-6.117523706288544,167.69,167.4,167.54500000000002,162.885,69.88141711928212,16.275133243813578,49.86800934064755,41.57783502440082,2.548686446215968,159.68,152.865,40.0,56.00000000000001,-16.000000000000007,162.1628,169.36648411358502,0.0,0.0,34346.433647989936,5949.079999999993,15.791021626176835,20.387001725437244,2344742.093487314,-618968.0978558502,127.02870271443994,165.1167838524165,36.019552695982455,30.160117989423394,164.381,172.27230889016337,156.48969110983663,9.6012421023882,0.5088071574649217,0.0,0.0,165.98133333333334,163.82533333333336,168.13733333333334,-2.5978824928104265,0.8388991960420568,1.0,1.0,162.0,172.8,167.4,6.570102384095493,0.23333333333333403,4.852965214538374,4.899156571198667,53.118962548220914,0.6758644974880268,0.6212731582227914,0.5488825740956886,6.6969085160508675,0.6446246375021397,27.067669172932433,31.908137346733835,-72.93233082706756,2.000352941176459,4.716440710330339,0.7692576021812259,0.8476989148033514,-0.0784413126221255,0.5200974152398573,0.6912845001689363,-0.17118708492907897,164.3236965128629
166.76,2022-08-12,166.79,164.0,165.23,967800,1.162146577531331,1.3302890437013357,-0.1681424661700046,163.5975,164.30461538461537,163.96587613827958,162.80372956074825,0.6544564733798003,0.7125908349399374,-0.05813436156013707,0.12481585474953939,24.15637649915393,-5.211500000000001,26.342382860670504,31.87879789537135,-5.536415034700845,167.69,167.4,167.54500000000002,162.885,70.79820050827992,15.307321773806938,48.85371247593933,46.261098947022795,-26.059102087947846,160.28750000000002,151.385,36.0,52.0,-16.0,162.32234400000002,169.36648411358502,0.0,0.0,34346.433647989936,5782.319999999992,15.651221408308682,5.086687193231683,1875629.6473974693,-489634.3127545371,126.5016227241652,164.77461643488888,36.12034826628213,30.160117989423394,164.2215,172.00750866939995,156.43549133060003,9.48232560218968,0.4857757671866899,0.0,0.0,166.18933333333334,164.20733333333334,168.17133333333334,-2.3852313024502165,1.0523040699630015,0.0,1.0,162.0,172.8,167.4,6.576483590760048,0.18518518518518498,4.594668693084534,4.883873087240879,52.23461234158321,0.7573145833519789,0.6775031834893307,0.6224985640308583,6.394470113533403,1.595211735250732,24.57002457002461,29.11049121575439,-75.42997542997539,2.2384411764705874,5.704157267160808,0.7138328960072687,0.8209257110441349,-0.10709281503686618,0.5314227299576899,0.6593121461266871,-0.12788941616899718,164.31759332694762
165.93,2022-08-15,167.43,163.57,165.34,1688900,1.0444817829796307,1.2731275915569946,-0.22864580857736394,163.9775,164.19615384615386,163.9049721170058,162.86049033402617,0.5580586634411844,0.6590565467190806,-0.10099788327789627,0.11817104937978044,24.15111003517552,-1.8245000000000005,22.98449807313558,29.269238658647268,-6.284740585511688,167.69,167.4,167.54500000000002,162.885,52.06426444133298,14.433341966979091,47.240149129914286,44.424571467110866,-19.92828259708613,162.10750000000002,150.04500000000002,32.0,48.0,-16.0,162.47869712000002,169.36648411358502,0.0,0.0,34346.433647989936,5616.389999999992,15.741934177043412,-5.832825262944433,-472337.73277890135,-1206793.7081720852,126.06656235831153,165.04765369803468,43.1260329536149,30.081039631280394,163.9845,171.54353294079152,156.42546705920847,9.219204181848314,0.472582471643747,0.0,0.0,165.966,164.202,167.73,-2.125736596652321,1.1791383219954668,0.0,1.0,162.0,172.8,167.4,6.585988309870756,0.1453703703703696,4.4782018237760814,4.425296456041893,51.47149508253172,0.6971268084446466,0.7101019630948842,0.6696261016023355,5.942713198276078,6.306950768368557,19.287469287469236,23.641721010142078,-80.71253071253076,1.7250882352940948,2.8677441670335218,0.6413352807899589,0.7850076249932998,-0.14367234420334085,0.4942542523722001,0.6263005673757898,-0.13204631500358965,164.2957298376169
168.22,2022-08-16,169.16,166.34,167.66,2068200,1.1613600005476599,1.2507740733551278,-0.08941407280746794,164.32583333333332,164.26384615384617,164.2795917913126,163.11823179076495,0.4540694195092747,0.699132256134051,-0.24506283662477624,0.11435358049193056,24.085056913036755,1.8145000000000095,24.023666857433152,27.327492374176252,-3.3038255167430997,167.69,167.4,167.54500000000002,162.885,45.37668586988719,14.13909174056671,48.33483326061343,39.296662094142995,35.61059429993475,162.10750000000002,150.04500000000002,28.000000000000004,44.0,-15.999999999999996,162.63192317760002,169.36648411358502,0.0,0.0,34346.433647989936,5784.609999999992,15.65290740175973,61.56749263176215,-1805671.1449292516,-2021237.1440767427,128.9153084608976,165.7075599140749,50.162406427146806,30.081039631280394,163.8955,171.29796573784517,156.49303426215482,9.033153122380025,0.6651139016761993,0.0,0.0,166.132,164.21800000000002,168.046,-2.3041918474465932,0.44566353187042845,1.0,1.0,162.0,172.8,167.4,6.589564692136155,0.40185185185185174,4.589381641398473,3.714919373736504,55.93730237904532,1.0,0.8181471305988751,0.7352507590610301,6.721697687023314,14.715319933017895,27.063339731286028,23.64027786292661,-72.93666026871396,1.5656764705882154,2.577701036013818,0.7119743684061999,0.7704009736758799,-0.05842660526968002,0.5695353437748643,0.6149475226556047,-0.04541217888074045,164.34869855634017
168.18,2022-08-17,169.79,166.2,167.15,1475100,1.2285282906587724,1.2463249168158568,-0.017796626157084328,164.36666666666665,164.3819230769231,164.57503920803373,163.34651091737496,0.506197322756568,0.690629647992067,-0.18443232523549902,0.11219094247251,24.044430245396338,0.4884999999999877,24.992033798063076,25.93811832844637,-0.9460845303832954,167.69,167.4,167.54500000000002,162.885,62.032449704055665,13.8658593874695,47.173487672721514,38.35247749551523,42.537382743567875,162.10750000000002,150.04500000000002,24.0,40.0,-16.0,162.782084714048,169.36648411358502,0.0,0.0,34346.433647989936,5616.429999999992,15.688069421249871,49.40853654151007,-94184.80199786251,-1483867.304460137,128.77375982557234,166.1550962924089,43.09776580840714,30.055721935306003,163.7115,170.6800271758078,156.7429728241922,8.51317980203931,0.678552794386679,0.0,0.0,166.32266666666663,164.28666666666666,168.35866666666666,-2.4482531945936437,0.5301244269810104,1.0,1.0,162.0,172.8,167.4,6.5969708908659515,0.38888888888888745,4.475443477258625,3.250004216239851,55.65851849814069,0.9594683070742454,0.885531705172964,0.804593599622241,7.304139196648435,4.50460665566979,19.59183673469355,21.98088191781626,-80.40816326530646,0.7253529411764816,0.2956973025164327,0.7520994992541928,0.7667406787915425,-0.014641179537349669,0.6198432897327262,0.615926676071029,0.003916613661697155,164.4134389824186
168.05,2022-08-18,168.9,166.15,168.13,1157700,1.263164092989058,1.249692752050497,0.01347134093856095,164.52916666666667,164.5273076923077,164.81734086833623,163.55417677534717,0.520084566596193,0.6756518675123323,-0.15556730091613935,0.11094213871946958,23.75612050800277,-0.19900000000001228,26.826695729253654,25.675331653066426,1.1513640761872281,168.46499999999997,167.4,167.9325,162.885,81.01622485202783,13.83835452136436,47.38276672699033,36.125228238599725,48.77010469741503,162.10750000000002,150.04500000000002,20.0,36.0,-16.0,162.92924301976706,169.36648411358502,0.0,0.0,34346.433647989936,5448.379999999992,15.274403796627517,41.14981703558047,-20618.86343350299,-1312859.2593539467,128.72320326720896,166.47426871990535,43.27250334832255,30.046679901029442,163.77900000000002,170.814228212359,156.74377178764104,8.591123663423254,0.668509103644625,0.0,0.0,166.67133333333334,164.57133333333334,168.77133333333333,-2.5199294419756177,0.6241269841269839,1.0,1.0,162.0,172.45,167.225,6.380549398885075,0.3971291866028718,4.297899129532764,2.976290179186539,55.55203244117352,0.9439865649166207,0.967818290663622,0.8904990421451537,7.7709042808961275,3.7551900243957523,18.571428571428587,21.74220167913604,-81.42857142857142,0.4528529411764737,1.1875761266747973,0.7723215132097178,0.7678568456751776,0.004464667534540112,0.6457715897979227,0.6218956588164077,0.02387593098151497,164.5622497583231
167.68,2022-08-19,168.74,166.37,166.51,1688900,1.2934552305071918,1.258445247741836,0.03500998276535583,164.76166666666666,164.625,165.05621150397678,163.7627562734696,0.6081640702031146,0.5979096825083807,0.010254387694733857,0.11040085325472648,23.662351849836526,-1.6830000000000211,27.56447024791237,26.000456094848772,1.5640141530635994,168.46499999999997,167.4,167.9325,162.885,90.50811242601392,13.762799206219572,46.83639435807404,36.22115741665098,46.87652943364395,162.10750000000002,150.04500000000002,16.0,32.0,-16.0,163.0734581593717,169.36648411358502,0.0,0.0,34346.433647989936,5616.059999999992,15.236382634423725,40.54121460192609,1183623.5687023005,-339974.0864208745,128.94522914743766,166.44069379007632,36.050438047306706,30.086464851846333,163.573,170.02744374055362,157.1185562594464,7.891820460043668,0.7166724285182235,0.0,0.0,167.12466666666666,165.14766666666668,169.10166666666666,-2.3658985108920563,0.6908615747765982,1.0,1.0,162.0,171.31,166.655,5.691648377177164,0.46938775510204117,4.1271092165794885,2.880421646455149,55.95136153498893,1.0,0.967818290663622,0.9403894288334027,8.269097319951161,2.608467863056745,23.061224489795933,20.408163265306012,-76.93877551020407,0.41188235294117703,1.7055874801320405,0.7898347951271861,0.7722524355655794,0.017582359561606697,0.6408984750511854,0.6256962220633633,0.015202252987822074,164.81031123935438
167.42,2022-08-22,168.49,166.74,168.15,2140800,1.3319630421751754,1.273148806628504,0.05881423554667142,165.16583333333332,164.6076923076923,165.31525588798036,163.98329284580518,0.5357904946653723,0.6176527643064985,-0.0818622696411262,0.11057976336095393,23.46826876444151,-2.539999999999992,25.377040808570218,26.000846561069757,-0.6238057524995391,168.46499999999997,167.4,167.9325,162.885,95.25405621300696,14.089909187474277,49.45683610035639,34.12582170709021,70.12449823746299,164.66,150.455,12.0,28.000000000000004,-16.000000000000004,163.21478899618427,169.36648411358502,0.0,0.0,34346.433647989936,5783.479999999992,5.7131093971485924,43.59895537307962,-141142.03798829584,-350055.66056289565,129.31756430401637,166.56474923925228,43.21750424205282,30.153375905492922,163.54,169.92218457896445,157.15781542103554,7.805044122495359,0.7506978574818369,0.0,0.0,167.19099999999997,165.55800000000002,168.824,-1.9534544323558036,0.6380894060012274,1.0,1.0,162.0,170.14,166.07,4.977375565610852,0.5823095823095844,3.9263982949215404,2.7063969588130914,56.65664754864921,1.0,0.9813288549722069,0.972321812099817,8.871222777899709,7.915887769510317,30.612244897959325,24.081632653061266,-69.38775510204067,0.5859411764706124,2.995861387361803,0.8122553334915837,0.7802530151507804,0.03200231834080336,0.6172850747602918,0.624013992602749,-0.006728917842457216,164.8571939851272
166.11,2022-08-23,168.77,165.33,167.0,2696500,1.2344752816053415,1.2654141016238716,-0.0309388200185301,165.52666666666667,164.49307692307696,165.31752421290645,164.0830489313011,0.5649052841475564,0.6344965104685946,-0.0695912263210382,0.10931541382032625,23.428952730133716,1.8590000000000089,23.784871594223596,25.585547294856223,-1.8006757006326275,167.47,167.4,167.435,162.885,82.47567493866663,14.393654170067931,49.010849765202224,33.818085681955345,42.44778472104905,165.12,150.455,8.0,24.0,-16.0,163.3532932162606,169.36648411358502,0.0,0.0,34346.433647989936,5617.369999999993,5.526856533032086,3.911233176925471,463518.15062308614,-321247.9057078104,127.91289175993577,166.65179174921172,43.1760390013605,29.898390538893757,163.951,169.64559708846653,158.25640291153346,6.9467061359388325,0.6210796811940352,0.0,0.0,167.19166666666666,165.63566666666668,168.74766666666667,-1.861336789114287,1.0982219365895463,0.0,1.0,162.0,170.14,166.07,4.964898048807258,0.40909090909091134,3.7367584654293866,2.4904427167907066,53.16326233378499,0.54019372619769,0.8467312420658967,0.9319594625672419,8.566993048833917,4.949909668036299,1.8367346938776292,18.50340136054428,-98.16326530612237,0.41388235294115816,2.6894409937888275,0.7523478443664197,0.7746719809939082,-0.022324136627488556,0.5291031122756031,0.6050318165373199,-0.07592870426171672,164.86049161394072
165.98,2022-08-24,166.96,163.78,166.62,2764700,1.0203811639895832,1.2164075140970139,-0.19602635010743064,165.3575,164.32615384615386,165.08098202630543,164.06060086231585,0.5653568564554922,0.6240978348035281,-0.05874097834803593,0.10506455075816269,23.240612329601365,1.177500000000009,22.36357367292743,24.917692626909954,-2.554118953982524,167.47,167.4,167.435,162.885,51.87415983326102,14.037821637809845,46.75790119878512,38.71334829205957,-15.76858245881184,165.16,150.455,4.0,20.0,-16.0,163.4890273519354,169.36648411358502,0.0,0.0,34346.433647989936,5451.389999999993,6.291145660229531,-33.40022870549272,224304.1330280777,-313844.2134938446,126.35679788707543,166.75774868572017,43.078041772931485,29.618087476320206,164.3825,168.40717327866142,160.35782672133857,4.896717447004912,0.42514920363916114,0.0,0.0,166.86166666666668,165.39666666666668,168.32666666666665,-1.7559455437138418,1.551763367463033,0.0,1.0,164.93,170.14,167.535,3.1694371359481575,-0.2207293666026891,3.5260826188864476,2.1470722392659685,49.54660956182035,0.06416273263934148,0.5347854862790106,0.787615194439038,7.377643354981278,1.6001909807754946,-29.79591836734724,0.8843537414965574,-129.79591836734724,0.11391176470587538,-1.2242928653277856,0.6219538137897684,0.7441283475530803,-0.12217453376331189,0.4477673487649876,0.5735789229828534,-0.12581157421786582,164.81729445920595
149.01,2022-08-25,153.17,144.31,149.03,12366600,-0.7121470610824474,0.8306965990611216,-1.542843660143569,163.58666666666667,163.3426923076923,161.88544632995075,162.5975933910332,0.692395561357702,0.7256853785900788,-0.033289817232376784,0.07544663189959194,23.425263760760615,2.0825000000000102,11.242039451971529,23.239876692610068,-11.997837240638539,160.66,162.985,161.8225,162.885,25.93707991663051,15.351292512094895,33.22846539879335,65.11903191680953,-476.7926460431985,165.305,150.60000000000002,0.0,100.0,-100.0,163.4890273519354,170.14,0.0,1.0,34346.433647989936,5302.379999999993,6.390048609846709,-443.08943889042223,43592107.91222055,2514488.228889198,108.64264048079872,165.89710933997728,43.59941648003847,26.097119329025332,163.64749999999998,173.07328352180716,154.2217164781928,11.519618108198632,-0.5257767937944569,0.0,1.0,165.06033333333335,163.32233333333335,166.79833333333335,-2.105896631736677,6.469601074031458,0.0,1.0,153.17,170.14,161.65499999999997,10.369849829664371,-0.5220978196817906,4.648474356997803,3.9143833652543036,25.801929773795393,0.0,0.2014521529456772,0.5276562937635282,-4.345909056914515,-26.300144387344226,-52.20978196817906,-26.722988547216236,-152.20978196817904,-2.8243823529411998,-12.835225899975839,-0.4379813047846256,0.5077064170855392,-0.9456877218701648,-0.4399975702772207,0.3708636243308386,-0.8108611946080593,159.34845490110663
138.7,2022-08-26,149.48,137.85,149.21,7136600,-2.5767529689185835,0.14920668546518057,-2.725959654383764,161.26333333333332,162.30615384615385,158.18768535611215,160.76443832503074,0.7915873290635274,0.6408170330621433,0.15077029600138403,0.02229191038019066,23.369679366510713,2.087999999999994,-2.721367247735368,20.38366943473552,-23.10503668247089,158.815,160.96499999999997,159.89,161.14,12.968539958315255,17.05002308543071,29.04815433048987,66.40062006102116,-342.0056284954502,166.41,151.705,0.0,100.0,-100.0,163.4890273519354,169.80059999999997,0.0,0.0,34346.433647989936,5163.679999999993,9.989694844807607,-507.79123333464776,341636.6258110792,3233821.388045803,102.43377068660565,164.57432984488852,37.111980158170184,24.92888850049298,162.43200000000002,177.11516396421334,147.7488360357867,18.07915184718937,-0.33708116520093123,0.0,1.0,163.07766666666666,161.46866666666668,164.68666666666667,-1.9732928890732981,8.339548373731125,0.0,1.0,149.48,170.14,159.81,12.719168636721825,-0.562923523717328,4.700626921298022,6.018908861633945,22.029595655000918,0.0,0.021387577546447198,0.2525417389237116,-15.403282201246618,-43.11763692934089,-56.292352371732804,-46.09935090241972,-156.2923523717328,-5.959647058823492,-16.822542689917334,-1.6028127835765202,0.08560257695312729,-1.6884153605296475,-1.651828459971744,-0.03367479252967798,-1.618153667442066,152.99652985398373
137.4,2022-08-29,141.05,134.74,136.06,4639500,-4.25635300532673,-0.7319052526932015,-3.5244477526335283,158.78166666666667,160.93115384615385,154.58034914747952,158.83670215280625,0.9690043290043282,0.7281385281385283,0.2408658008657999,-0.0481028835695133,23.78169032882979,3.116500000000002,-19.686889189941926,15.526940985027178,-35.213830174969104,154.60000000000002,156.18,155.39000000000001,156.925,6.484269979157627,19.480720948550264,29.04815433048987,89.709129059181,-296.1447035533857,166.41,151.705,0.0,100.0,-100.0,163.4890273519354,168.98777599999997,0.0,0.0,34346.433647989936,5026.279999999993,10.073303861491986,-496.2944857154121,39186390.10189233,6029627.673808585,99.33392302610514,162.7324411043976,38.055805516729286,24.366473968490567,160.8835,179.78387594864117,141.98312405135883,23.495729454718685,-0.19161322692841884,0.0,1.0,160.2613333333333,158.36233333333334,162.1603333333333,-2.3698791973110422,7.219677022994602,0.0,1.0,141.05,170.14,155.595,18.081406732200612,-0.2169130285321419,4.550564229168222,7.870087027723101,20.477403762426604,0.0,0.0,0.07427991016404147,-24.301167130979866,-50.137499286023846,-21.69130285321419,-43.3978123977087,-121.6913028532142,-11.076029411764722,-18.101142718210554,-2.679703713082619,-0.467458681054022,-2.212245032028597,-2.672950404431352,-0.5615299149100128,-2.1114204895213393,147.41669987188774
137.98,2022-08-30,139.72,135.13,137.2,3784700,-5.492662401312316,-1.6840566824170244,-3.8086057188952918,156.37583333333333,159.69000000000003,151.58798774017498,157.0806501414873,1.0316344463971878,0.7172231985940251,0.31441124780316276,-0.12655998704670868,24.13271667985637,4.139999999999986,-38.39050524788459,8.484436646588545,-46.87494189447314,153.935,154.93,154.4325,156.26,3.2421349895788136,21.85056319255821,27.065603102035997,87.2764019930156,-208.65710642628775,166.41,151.705,44.0,100.0,-56.0,163.4890273519354,167.31150943999998,0.0,0.0,34346.433647989936,5164.259999999993,10.269919025040526,-417.7078163274964,173503.40629079138,6203678.647023228,99.73330108755681,160.69155054140032,36.48268493566733,24.366473968490567,159.43,181.321146155466,137.538853844534,27.461765232974976,-0.055018906443428515,0.0,1.0,157.22433333333333,155.22333333333333,159.22533333333334,-2.5454075174962374,6.020822921872385,0.0,1.0,139.72,170.14,154.93,19.08047418929937,-0.15088757396449723,4.593507806251399,9.330187560944292,21.226961999630007,0.020717907804608148,0.006905969268202753,0.009431182271549984,-30.519543875363624,-46.61394449771154,-16.144917340837154,-31.3761908552614,-116.14491734083715,-16.16735294117649,-17.603658536585368,-3.496714838119723,-1.0733099124671623,-2.4234049256525605,-3.4348938851419173,-1.1362027089563937,-2.2986911761855238,142.52328360248976
135.68,2022-08-31,137.83,135.42,137.14,3032900,-6.375552527496893,-2.6223558514329985,-3.7531966760638946,154.03,158.85576923076923,149.10060501091726,155.47615753841416,1.0104221868927752,0.7069422363540021,0.3034799505387731,-0.20665669011028534,24.137008285273414,8.318000000000012,-57.674737220036285,-0.9046114588881148,-56.77012576114817,152.99,153.985,153.4875,155.315,1.6210674947894068,24.2102747793467,25.53225526032915,87.65900518241577,-163.8101896355849,165.805,151.705,40.0,100.0,-60.0,163.4890273519354,165.1041886848,0.0,0.0,34346.433647989936,5299.939999999993,10.375502834630254,-352.4142425664256,495835.7900943555,6071613.911066589,100.02448143240991,158.75769341685202,37.42473393635986,24.41876640873968,158.022,182.17037352700953,133.87362647299045,30.563305776422954,0.03201817143667965,0.0,0.0,154.1326666666667,152.32666666666668,155.93866666666668,-2.3434357415040683,5.680693983019579,0.0,1.0,137.83,170.14,153.985,20.446520104795518,-0.07458991024450717,4.40415702562626,10.585038044298368,21.8170879966396,0.03702908336417911,0.019248997056262457,0.00871832210815507,-35.034919996884526,-46.20320993907661,-7.948548812664992,-15.261589668905458,-107.948548812665,-21.17379411764705,-17.20975729045669,-4.100662525005905,-1.678780434974911,-2.4218820900309943,-4.130837933613131,-1.7351297538877413,-2.39570817972539,139.78604403825616
137.38,2022-09-01,137.85,134.33,134.86,2823600,-7.08157125852469,-3.514198932851337,-3.567372325673353,151.36249999999998,158.055,146.82820424000693,153.90977549853162,0.9984146556279719,0.7082966355469444,0.2901180200810275,-0.28559301877321497,24.076883568952255,9.555999999999983,-76.67489674475976,-12.486763346962796,-64.18813339779697,152.99,153.985,153.4875,155.315,0.8105337473947034,26.401435538507446,25.532255260329155,87.65900518241578,-138.43531508659285,165.8975,151.705,36.0,96.0,-60.0,163.4890273519354,162.37676981632,0.0,0.0,34346.433647989936,5162.559999999993,7.742843843186999,-323.46137934265005,2459382.7340223943,6113310.560111226,98.91870532843711,156.7942027338694,38.4055607038748,24.41876640873968,156.644,182.81303314988875,130.47496685011126,33.412110454136446,0.07365639242015984,0.0,0.0,150.928,148.9,152.956,-2.6873741121594295,4.592209072978317,0.0,1.0,137.83,170.14,153.985,20.626388498761507,-0.10832559579077694,4.206741323063635,11.787478760741717,21.174986793443892,0.01928130491447514,0.025676098694420835,0.017277021672962013,-38.83081870504945,-45.28316228380574,-11.543535620052774,-11.879000591184989,-111.54353562005277,-23.103823529411756,-19.24371768666586,-4.601118568061489,-2.263248061592227,-2.337870506469262,-4.5561661882896605,-2.2993370407681253,-2.256829147521535,137.67414393061102
136.58,2022-09-02,138.35,135.1,137.38,2890900,-7.492593668776976,-4.309877880036465,-3.182715788740511,148.77083333333334,157.13538461538462,145.0238651261597,152.51645879493668,0.9710599721059973,0.72350069735007,0.2475592747559272,-0.3592024005444171,23.909291736138712,10.801000000000016,-94.57155742309986,-25.814385372703914,-68.75717205039595,152.41500000000002,153.985,153.20000000000002,155.315,0.4052668736973517,27.68556740282218,30.708170400875183,79.71172817547769,-110.42234518311935,165.8975,151.705,32.0,92.0,-60.0,163.4890273519354,159.92209283468802,0.0,0.0,34346.433647989936,5299.139999999993,7.984320794510795,-262.228810865129,-1072411.7733196584,6070448.128644029,99.70160267080291,154.86033167472652,36.78280809006158,24.558738493417184,155.349,183.04636514544256,127.65163485455741,35.65824710225695,0.13445981425182896,0.0,0.0,147.90166666666667,145.99966666666666,149.80366666666666,-2.571979130278001,3.865317209954431,0.0,1.0,137.83,170.14,153.985,20.7983314987544,-0.08449396471680658,4.188067190757269,12.827079191547703,22.901234191415043,0.06699505504621563,0.04110181444162333,0.028675636730768877,-41.36093428563344,-37.93491413064015,-9.003957783641223,-9.498680738786343,-109.00395778364121,-24.45761764705881,-18.712394705174486,-4.9126459714429975,-2.793127643562381,-2.1195183278806167,-4.89259428136687,-2.8179884888878743,-2.074605792478996,136.73542328889567
138.31,2022-09-06,138.7,135.35,138.4,3465500,-7.709291070897422,-4.989760518208657,-2.7195305526887648,146.20416666666668,156.10423076923078,143.53557818367358,151.244869254571,1.002709048221059,0.7043525374751675,0.29835651074589153,-0.42541046598149396,23.565276682129515,12.544000000000011,-112.5567230118205,-40.96345144004215,-71.59327157177835,152.22500000000002,153.985,153.10500000000002,155.315,0.20263343684867585,28.581778864853476,30.72736733469359,72.09567750985524,-93.4194620731338,165.95,151.705,28.000000000000004,88.0,-60.0,163.4890273519354,157.71288355121922,0.0,0.0,34346.433647989936,5437.449999999993,8.947136396256603,-219.82790931296773,-148579.27843249872,6188811.833393797,99.95754271521446,152.70060009017274,34.981807659594025,24.558738493417184,153.826,182.39121338971543,125.26078661028455,37.13964269982375,0.17659965028211447,0.0,0.0,144.87066666666666,142.97266666666667,146.76866666666666,-2.6202681932390215,3.0080786793115624,0.0,1.0,137.83,170.14,153.985,21.004251556953946,-0.07675642216032251,4.129260471681541,13.778562689136091,23.487112666754157,0.08318882843741687,0.05648839613270259,0.04108876975624892,-43.23767422197999,-31.207388697586783,-8.179419525066026,-9.575637642920022,-108.17941952506602,-23.518470588235317,-18.53746614504966,-5.097224857209117,-3.253947086291728,-1.8432777709173886,-5.0169675834639635,-3.2577843078030924,-1.7591832756608712,136.22358712780405
143.12,2022-09-07,144.0,138.46,138.46,2565800,-7.543121900810604,-5.500432794729046,-2.042689106081558,143.87833333333336,155.05615384615385,142.75472000156995,150.29784190238055,0.887403004787849,0.7011721974574874,0.18623080733036157,-0.4795249862228933,23.797644764709382,14.269000000000005,-128.94228581618924,-57.77521360549955,-71.1670722106897,143.52,153.985,148.7525,155.315,0.10131671842433793,29.39578364318901,28.1816639343456,65.72254291030957,-70.499039844709,166.025,151.705,24.0,84.0,-60.0,163.4890273519354,155.7245951960973,0.0,0.0,34346.433647989936,5580.569999999993,8.973531130522478,-124.83775083968638,-10373951.928451661,5454542.752932811,103.24607762470836,150.6432337513162,42.264664218358256,24.558738493417184,152.471,181.25142313795925,123.69057686204077,37.751996298259,0.2565880123992942,0.0,0.0,142.19800000000004,139.923,144.473,-3.1997637097568257,1.3215384615384593,0.0,1.0,137.83,170.14,153.985,21.19091499367091,0.01949860724233971,4.581334424513388,14.505013421025968,30.556721678279615,0.2785939356668176,0.14292593971681675,0.08017205009704756,-42.7935455596077,-8.074755187164643,2.0778364116094843,-5.035180299032603,-97.92216358839052,-22.055499999999995,-16.775861032638094,-5.018782575540846,-3.6069141841415524,-1.4118683913992935,-4.8006558831001405,-3.566358622862502,-1.2342972602376383,136.8005416292155
141.56,2022-09-08,144.22,140.64,142.27,2436700,-7.153067743041049,-5.830959784391447,-1.3221079586496023,141.70333333333335,154.15,142.42937846286688,149.58244620590793,0.8458274398868463,0.7304730473047308,0.11535439258211544,-0.5198432104920245,24.01585332558998,14.113500000000016,-142.46757730306345,-74.85405991161457,-67.61351739144888,143.52,153.985,148.7525,155.315,0.05065835921216896,29.04706499232925,35.682695120376984,58.85818387608129,-54.226018548234585,166.025,151.705,20.0,80.0,-60.0,163.4890273519354,153.9351356764876,0.0,0.0,34346.433647989936,5722.129999999994,8.73219678056304,-62.91795786258877,-2775678.1576716434,5257752.803344374,105.4748859448008,148.68430867076123,40.7528454885707,24.94540648356343,151.2165,179.76211211464872,122.67088788535128,37.754626134910836,0.3147438569976841,0.0,0.0,139.85700000000003,137.421,142.293,-3.4835582058817316,0.3392857142857174,1.0,1.0,137.83,168.15,152.99,20.05072197809101,0.0926781002638514,4.699200982062048,15.096221591475043,35.0845472010498,0.40374374668897123,0.2551755035977353,0.15152994648241822,-41.05989725832617,2.5047542854950926,9.26781002638514,1.0554089709761854,-90.73218997361485,-20.016588235294137,-15.653112630442617,-4.782023509091758,-3.8419360491315935,-0.9400874599601643,-4.6634838013886535,-3.7857836585677322,-0.8777001428209212,137.5434787237497
144.45,2022-09-09,144.86,142.01,142.84,2038200,-6.656665565380649,-5.9961009405892876,-0.6605646247913617,139.76,153.32038461538463,142.3648586993489,149.02152426472955,0.8092246399019305,0.7425681887833281,0.06665645111860241,-0.5466289276916497,24.314794353314216,13.688999999999993,-146.4388871510327,-90.82267323420314,-55.616213916829565,140.335,153.985,147.16000000000003,155.315,0.02532917960608448,28.567719995167824,35.08662928533139,55.26858153871128,-45.10739616017115,165.9375,151.705,16.0,76.0,-60.0,163.4890273519354,152.32462210883884,0.0,0.0,34346.433647989936,5866.579999999994,8.609359209063463,-25.65874959650458,-846036.6908965138,5112777.070515886,106.88199985265062,146.77580298543563,48.66414856439077,24.94540648356343,150.091,178.2217709812579,121.96022901874213,37.48495376972354,0.35636724984565865,0.0,0.0,139.297,137.073,141.52100000000002,-3.1931771682089405,-0.10993705035970662,1.0,0.0,137.83,168.15,152.99,20.20107801267231,0.1378627968337724,4.651280883855845,15.607954277610457,37.82803370388244,0.4795741459931542,0.387303942782981,0.26180179536584436,-38.79997188179836,4.896090538265618,13.786279683377241,8.377308707123941,-86.21372031662276,-17.62891176470586,-14.105123087159027,-4.4669154997739815,-3.9669319392600713,-0.49998356051391024,-4.3462503421442165,-3.8978769952830294,-0.448373346861187,137.62771691432258
145.75,2022-09-12,146.17,144.22,144.23,2423800,-6.015590747380287,-5.999998901947487,-0.0155918454327999,138.13,152.64076923076922,142.65026505329521,148.6658558006755,0.785289747399703,0.7401188707280827,0.04517087667162034,-0.55946994808004,24.431122208383456,-4.792000000000002,-146.2370918189336,-104.88380685964665,-41.35328495928695,141.03,153.985,147.5075,155.315,10.166559494905679,27.738916398257608,36.79754171346116,51.833292709412035,-32.92867027299023,165.6525,151.705,12.0,72.0,-60.0,163.4890273519354,150.87515989795494,0.0,0.0,34346.433647989936,6012.329999999994,8.57575814605162,24.022143202996233,-1796912.521440795,4994507.750269279,109.15020279610532,144.89472217679796,47.43926963035701,24.94540648356343,149.102,176.59071521188253,121.6132847881175,36.87236282797349,0.41119992399845456,0.0,0.0,139.233,136.842,141.624,-3.434530606968163,-0.5428690924299484,1.0,0.0,137.83,168.15,152.99,20.33507263484057,0.21075197889182018,4.602152795470261,15.976651309503415,42.08045485561109,0.6609295896579132,0.5147491607800129,0.3857428690535764,-35.591090565398495,9.129815937180432,21.90606787795677,14.98671919590637,-78.09393212204323,-15.39338235294116,-11.942850164855296,-4.046383559279221,-3.9828222632639014,-0.06356129601531935,-3.9771716406954503,-3.913735924365514,-0.06343571632993639,138.32065171070514
138.5,2022-09-13,144.2,137.77,142.18,2798300,-5.959300325899875,-5.991859186737965,0.03255886083809045,137.585,151.7473076923077,141.89945504509595,147.85875537099582,0.8223146634972515,0.731243500222849,0.09107116327440246,-0.5693168686891878,24.40820506256872,-9.961999999999989,-147.94820033052707,-117.05688409105139,-30.891316239475685,141.03,153.985,147.5075,155.315,15.080300223048006,27.341843532489452,36.775364670841164,57.73842524128913,-47.08868156179502,164.5725,151.705,8.0,68.0,-60.0,163.4890273519354,149.57064390815944,0.0,0.0,34346.433647989936,5873.829999999994,8.753155050715426,-107.02744868314586,2931552.346570357,5170795.907122656,102.95602029714541,142.80279489884782,48.801908251382294,23.829764604358164,147.81199999999998,174.8821182856666,120.74188171433339,36.62776809144941,0.31451872699578975,0.0,0.0,139.643,137.549,141.737,-2.999076215778799,0.9472301814708681,1.0,1.0,137.83,168.15,152.99,20.512542959976184,-0.0019788918205805505,4.345937515923234,16.529282236892506,34.634749558538246,0.4870221048972347,0.5425086135161007,0.4815205723596982,-34.91042816507497,-2.939696900527955,-0.20840569642237683,11.827980621637197,-100.20840569642237,-13.863176470588229,-4.531910470514858,-4.030400709749826,-3.9923379525610865,-0.03806275718873975,-4.04144605461156,-3.9392779504147235,-0.10216810419683675,138.30561248625776
138.01,2022-09-14,139.44,136.69,138.93,3386900,-5.9334397355559645,-5.9801752965015655,0.04673556094560105,137.48833333333334,150.62730769230768,141.0980004227735,147.03144015832947,0.8681514476614696,0.7708982925018558,0.09725315515961375,-0.5771040283212596,24.26232971616696,-11.589499999999987,-150.6086846056184,-127.38287824500496,-23.225806360613447,141.04,153.985,147.5125,155.315,17.21968662263977,27.75399100371745,35.4412104100669,70.5304488765506,-59.92082914977851,164.5725,151.76,4.0,64.0,-60.0,163.4890273519354,148.3965795173435,0.0,0.0,34346.433647989936,5735.819999999993,9.141063660839688,-113.03078458555385,1480001.449170322,5260488.572561388,101.87413890061495,140.54593313731786,50.29229066019745,23.642959452491233,146.3295,172.4078914189503,120.25110858104968,35.643382119053655,0.3151822356459593,0.0,0.0,139.74333333333334,137.85033333333334,141.6363333333333,-2.709252677527829,1.3064800140869914,0.0,1.0,137.83,168.15,152.99,20.72036055614213,-0.03759894459102952,4.078343764330909,16.582629803640433,33.56385675440369,0.6057687377365741,0.5845734774305741,0.5472770839088958,-34.69197719676862,-5.70174296488981,-10.017574692443016,3.893362496363778,-110.017574692443,-13.66202941176465,-0.8414943779470415,-4.035490456440197,-4.000968453336909,-0.034522003103288235,-4.0768200480722765,-3.966786369946234,-0.11003367812604248,138.28443813125668
137.94,2022-09-15,139.89,136.52,138.32,1833200,-5.859122295992449,-5.955964696399742,0.09684240040729275,137.63666666666666,149.51038461538462,140.39369266542374,146.2528149614162,0.7465949820788527,0.7066308243727591,0.03996415770609352,-0.5824024072139895,24.206539041593444,-9.715499999999992,-153.18239175306206,-135.88371102370522,-17.298680729356846,141.29,153.985,147.6375,155.315,14.015001853660312,28.136699369857727,33.59678507439132,66.85991546814506,-57.12070470804393,166.68,154.06,0.0,60.0,-60.0,163.4890273519354,147.33992156560916,0.0,0.0,34346.433647989936,5597.879999999994,9.291438768616752,-100.23350107333162,91054.08148471733,2153270.4417945417,101.70258428798785,139.7500662443971,50.86563303538174,23.613554937845514,144.8455,169.57506487688332,120.11593512311666,34.14612794582273,0.3316690964550194,0.0,0.0,139.888,137.90699999999998,141.86899999999997,-2.832265812650112,1.3500757193336637,0.0,1.0,137.83,168.15,152.99,20.932648925924514,-0.04320580474934045,3.9905093878978173,16.250972915540547,33.388853828885246,0.5976678947230772,0.5634862457856288,0.5635227789107679,-34.56792588098917,-3.3788635166793393,-11.511423550087898,-7.245801312984445,-111.5114235500879,-13.799000000000007,1.3210627875909164,-4.006160358375446,-4.002006834344616,-0.004153524030829914,-4.065500215533619,-3.986529139063711,-0.07897107646990742,138.26680268658455
141.92,2022-09-16,142.3,137.72,138.03,5630000,-5.638399261622254,-5.892451609444245,0.2540523478219905,137.8525,148.43307692307692,139.98235533228163,145.62075459390388,0.7012940967913486,0.7615670980322634,-0.060273001240914836,-0.5832742813758832,24.417485744138453,-8.004000000000019,-149.08830101274353,-141.94112697811005,-7.14717403463348,141.46499999999997,152.99,147.2275,155.315,9.227313650766328,28.492071424130838,31.93856575973596,63.55994486202861,-46.911376469151186,167.54500000000002,162.885,28.000000000000004,56.00000000000001,-28.000000000000004,163.4890273519354,146.38892940904825,0.0,0.0,34346.433647989936,5739.799999999994,9.07593799295261,-61.585286634284486,-3189261.555806145,1901063.4288218827,102.95004986079768,139.31204756691122,58.204375301542726,23.613554937845514,143.424,166.2898464964668,120.55815350353322,31.885662785122136,0.3752724942660359,0.0,0.0,140.25500000000002,138.14600000000002,142.36399999999998,-3.00737941606357,1.1009957325746846,0.0,1.0,137.83,168.15,152.99,21.140116019634085,-0.0036279683377313213,4.169458449108036,15.623762690698582,35.928399517594315,0.715222849241065,0.6395531605669055,0.5958709612610361,-33.732535559868495,-3.7736998923354057,-1.7187500000002194,-7.749249414177058,-101.71875000000021,-13.84055882352942,1.9166728335676781,-3.8719750336043752,-3.976000474196568,0.10402544059219299,-3.790284910241998,-3.947280293299369,0.15699538305737093,138.25040843409258
142.91,2022-09-19,144.72,141.25,141.43,2631400,-5.119617405501771,-5.73788476865575,0.6182673631539792,138.33833333333334,147.53807692307691,140.1773775888537,145.29699499435546,0.4485965786414217,0.6890881913303437,-0.240491612688922,-0.5755872061493432,24.69944317310779,-7.837999999999994,-141.03094866448046,-145.10492982840563,4.073981163925168,141.83499999999998,152.99,147.4125,155.315,54.61365682538316,27.76318258010712,38.83515341894553,56.21814703485947,-17.074497992875706,167.54500000000002,162.885,24.0,52.0,-28.0,163.4890273519354,145.53303646814342,0.0,0.0,34346.433647989936,5882.709999999994,9.143405627981124,19.280082884899016,-6699251.277027477,-1376482.3839581034,106.61307846956909,139.68426106284235,65.32232017574066,23.613554937845514,142.168,162.47017387375016,121.86582612624986,28.560820822899878,0.4773915836375793,0.0,0.0,140.80733333333336,138.46633333333335,143.1483333333333,-3.325110908049268,0.4054535098960548,1.0,1.0,137.83,168.15,152.99,21.32688087333295,0.11279683377308669,4.452512604197232,14.768094411754426,42.832916512671275,1.0,0.7709635813213808,0.658000995891305,-30.900306614255907,2.7244505111327846,53.43749999999999,13.40244214997061,-46.56250000000001,-13.512911764705848,4.3051247969280855,-3.52355353646554,-3.8855110866503626,0.36195755018482245,-3.4763919038802555,-3.8531026154155463,0.3767107115352908,138.41798313277516
142.62,2022-09-20,143.42,140.65,142.3,2373000,-4.70268441389166,-5.530844697702932,0.8281602838112718,138.865,146.64,140.25008872903004,144.9527731429217,0.44564459930313527,0.6937282229965154,-0.2480836236933801,-0.5620983666880436,24.819284615456375,-5.763500000000022,-132.33969287449577,-145.4824195015508,13.142726627055026,141.83499999999998,152.99,147.4125,155.315,77.30682841269157,27.342270787271282,37.51441397375358,58.51685296497639,-11.112283705241074,167.54500000000002,162.885,20.0,48.0,-28.0,163.4890273519354,144.76273282132908,0.0,0.0,34346.433647989936,5740.089999999994,8.875416399634958,4.30121390134213,168840.27485626045,-1376815.4647748556,106.00725900054255,140.0252452330176,58.12068384365418,23.513249571737852,140.86350000000002,157.74768227217368,123.97931772782636,23.972402037679966,0.49367751435756907,0.0,0.0,141.27133333333333,138.84833333333333,143.6943333333333,-3.430278376835104,0.6282157105516538,1.0,1.0,137.83,167.0,152.41500000000002,20.707990359461455,0.09667466575248523,4.224261343777508,13.887525967762576,42.00435776366503,0.9617434002350338,0.8923220831586995,0.7676129416823286,-28.812806826871324,-1.9912246652252656,44.06250000000005,31.927083333333258,-55.93749999999995,-12.869205882352986,4.704831385394173,-3.2442873026339893,-3.7572663298470883,0.512979027213099,-3.2070109318193465,-3.723884278696307,0.5168733468769604,138.51664212418183
141.87,2022-09-21,145.18,141.32,143.39,2431300,-4.268988373013201,-5.2784734327649865,1.0094850597517855,139.38333333333335,145.7842307692308,140.4146904630254,144.6836788360386,0.3888232314705379,0.710281951713658,-0.32145872024312017,-0.5433164360109072,24.924427462513414,-4.312999999999988,-124.35726468584029,-143.47016254408152,19.112897858241226,141.83499999999998,152.99,147.4125,155.315,88.65341420634579,26.61990474851757,37.71214412741036,53.41206787820608,22.662094137937896,167.54500000000002,162.885,16.0,44.0,-28.0,163.4890273519354,144.06945953919617,0.0,0.0,34346.433647989936,5881.959999999994,8.947911963528886,17.26574048686443,-1797948.8263903745,-1540657.2230951933,106.68307058959337,140.48298583064425,65.09169488065751,23.625257230558073,139.66299999999998,152.297498961177,127.02850103882295,18.09283627185014,0.5655744246404862,0.0,0.0,141.57033333333334,139.52233333333334,143.6183333333333,-2.8932615354911753,0.5611165364583329,1.0,1.0,137.83,166.62,152.22500000000002,20.613906331669803,0.12122264675234393,4.254835209399757,12.959557870757456,43.32280348934354,1.0,0.9872478000783446,0.8835111548528083,-26.70411758782106,-4.930600408592865,54.38871473354234,50.62957157784745,-45.61128526645766,-11.18347058823531,4.603997039230199,-2.9505666481227584,-3.5959263935022228,0.6453597453794644,-3.0013690974723772,-3.5793812424515212,0.578012144979144,138.58227714390867
139.33,2022-09-22,142.08,138.42,141.95,1822900,-4.111887618786341,-5.045156269969257,0.9332686511829165,139.63916666666665,144.7103846153846,140.10781500717533,144.21970262596167,0.404621264767199,0.741313412091729,-0.33669214732452996,-0.524437897197389,24.800299840728904,0.06499999999999773,-118.67188405061442,-140.3849399773684,21.713055926753967,141.83499999999998,152.99,147.4125,155.315,94.3267071031729,26.56671681543388,36.914753468998235,62.68697271423995,4.224037339556211,167.54500000000002,162.885,12.0,40.0,-28.0,163.4890273519354,143.44551358527656,0.0,0.0,34346.433647989936,5742.629999999994,10.72990720390321,-42.9232224398306,211799.32534275003,-1701198.8951437396,103.82390698925371,140.84100533740187,64.86205742991376,23.140447961037705,138.395,144.4927323653949,132.29726763460513,8.8120703282559,0.5020499423803719,0.0,0.0,141.41433333333333,139.54833333333335,143.28033333333332,-2.639053561284432,1.3023401214719634,0.0,1.0,137.83,149.21,143.52,8.22284042053542,0.05184534270650046,3.9053516884597834,11.921352792364036,39.171841456070716,0.7967363833447468,0.9194932611932604,0.9330210481434348,-25.99970607643412,1.651286857723804,1.1904761904760754,33.21389697467281,-98.80952380952392,-9.91323529411764,2.268193572220165,-2.851127511648426,-3.4469666171314635,0.5958391054830376,-2.9485688400069603,-3.453218761962609,0.5046499219556488,138.57950255752044
141.29,2022-09-23,142.02,138.26,138.4,2318500,-3.954707396884544,-4.827066495352315,0.8723590984677712,139.62249999999997,143.63576923076923,139.8235357753022,143.77824317218673,0.46377318865943234,0.6869093454672722,-0.22313615680783988,-0.5055195476648164,24.947949831087385,2.547499999999985,-111.76467964618588,-136.55467195817423,24.789992311988343,141.415,152.99,147.2025,155.315,97.16335355158645,26.528830962772954,36.914753468998235,62.903835635098396,-16.530451424068186,167.54500000000002,162.885,8.0,36.0,-28.0,163.4890273519354,143.39,0.0,0.0,34346.433647989936,5601.339999999994,10.639332041549489,-40.02081923414045,4624601.882652688,-1294269.348288572,103.66058954957737,141.01867238409235,57.91922122088362,23.140447961037705,138.0925,143.5534994506486,132.63150054935141,7.909190507302838,0.5153360205868631,0.0,0.0,141.04666666666668,139.02066666666664,143.07266666666663,-2.8728080540719327,1.1877262257321453,0.0,1.0,137.83,149.21,143.52,8.240853051396705,0.037785588752194954,3.8748165196138076,10.845222752249544,38.95009971645957,0.7795537442081811,0.8587633758509762,0.9218348123741936,-25.482304150213565,3.076349700020326,-7.95660036166361,15.874196854118255,-107.9566003616636,-9.218941176470565,-0.14444604940056122,-2.7505603835682177,-3.307685370418815,0.5571249868505972,-2.7646108635601676,-3.315497182282121,0.5508863187219535,138.56873837342005
138.23,2022-09-26,143.37,138.18,141.95,3354500,-3.7928743752021035,-4.6202280713222725,0.8273536961201691,139.4175,142.56,139.5706841175634,143.3635584927655,0.4521739130434777,0.7314578005115077,-0.27928388746802996,-0.4865307682883053,24.98103276086274,3.900999999999982,-104.49972909226686,-131.72706404281197,27.227334950545114,141.415,152.99,147.2025,155.315,98.58167677579323,25.398948189877846,44.36121367661561,55.00366088579581,35.91338913166917,167.9325,162.885,4.0,32.0,-28.0,163.4890273519354,142.834,0.0,0.0,34346.433647989936,5463.109999999994,6.735904903485588,-35.88333077212007,-2516819.793098476,-1463429.3850504274,103.58060690817712,141.27628552886642,57.99425500260654,23.127058435239334,138.109,143.56896300353623,132.6490369964638,7.906744677806973,0.5065018755579492,0.0,0.0,140.676,138.70199999999997,142.65,-2.806448861213026,1.1322188449847919,0.0,1.0,137.83,144.23,141.03,4.6340209544634865,0.054687499999999306,3.998334867652428,9.672479784682693,38.83173698810367,0.6482032178935578,0.7414977818154953,0.8399181396199106,-25.083332562863948,2.468610156099738,-26.30480167014599,-11.023641947111189,-126.30480167014599,-8.562823529411759,-1.7491467576791666,-2.6456335313366974,-3.1752750026023917,0.5296414712656943,-2.7613586134118506,-3.204669468508067,0.44331085509621637,138.53815466087596
136.04,2022-09-27,140.35,135.73,139.3,2726200,-3.8183000775853486,-4.459842472574888,0.6415423949895391,138.89416666666668,141.38153846153844,138.97980963793825,142.7981097155236,0.5817519647306878,0.7456392562775529,-0.1638872915468651,-0.47059656323118343,25.063131427744278,6.061499999999995,-95.82250810755114,-125.63971109858227,29.817202991031124,141.64,152.99,147.315,155.315,99.29083838789661,24.98905463487035,42.61190341471149,63.46759858047739,-47.25687049994966,167.9325,162.885,0.0,28.000000000000004,-28.000000000000004,163.4890273519354,142.3336,0.0,0.0,34346.433647989936,5327.069999999994,7.043170294969842,-78.37114066181752,2188143.1931784363,-566136.8763625632,101.16855017058846,141.15227357619185,51.03385888034629,22.717004207664168,138.1585,143.5123108857135,132.8046891142865,7.750244662056262,0.27319893699641123,0.0,0.0,140.38366666666667,138.50666666666666,142.26066666666668,-2.674100263325994,1.739655478600601,0.0,1.0,137.83,144.23,141.03,4.632360658229481,-0.3281250000000047,3.8155013808871843,8.688215190812642,35.29442559689156,0.19182418203621124,0.5398603813793169,0.713373846348596,-25.68799006361854,-8.485701679034431,-77.45302713987503,-37.23814305722823,-177.45302713987505,-8.348205882352971,-4.422223787057251,-2.6739150015304864,-3.075003002388011,0.4010880008575244,-2.852677000641167,-3.1342709749346875,0.2815939742935205,138.46609964722384
137.97,2022-09-28,138.89,135.75,136.94,1641800,-3.7931116668874836,-4.326496311437407,0.5333846445499235,138.18833333333333,140.18961538461537,138.4829158474862,142.27602751437368,0.6461569497680045,0.6768206576558395,-0.030663707887835012,-0.4565176007480775,25.1296109722527,-0.4194999999999993,-89.1869592611183,-118.52910748836631,29.342148227248003,141.14,152.41500000000002,146.7775,155.315,99.6454191939483,24.893055968640194,40.74266421493221,65.97648536684125,-85.24946318049838,167.9325,162.885,0.0,24.0,-24.0,163.4890273519354,141.95,0.0,0.0,34346.433647989936,5465.0399999999945,7.022370982594483,-66.78106342441482,2699499.8912807126,-175052.73000882356,101.18888023763334,140.7864361264912,43.98119943953873,22.717004207664168,138.1895,143.47960954517808,132.89939045482194,7.656311869104481,0.2694282151280202,0.0,0.0,140.26766666666666,138.24666666666667,142.28866666666664,-2.8816334484307196,1.6176810159986854,0.0,1.0,137.83,144.23,141.03,4.631321482457044,-0.3250000000000031,3.7499512427984656,7.774789974833758,35.34620167062519,0.19703621506469812,0.34568787166482245,0.5423486782865449,-26.176652163779966,-19.91988956356501,-58.80149812734053,-54.18644231245386,-158.80149812734052,-8.656029411764706,-5.872971848564692,-2.6660230350501446,-2.9932070089204377,0.3271839738702931,-2.78436773469632,-3.064290326887014,0.27992259219069426,138.43168397528504
136.84,2022-09-29,137.04,134.57,136.21,2232300,-3.8242818674303294,-4.226053422635991,0.401771555205662,137.92166666666665,139.00653846153847,137.88092879402677,141.7052106614571,0.7146226415094338,0.6659519725557458,0.04867066895368799,-0.44501355272928933,25.218753023205608,-1.4569999999999936,-84.35734703618236,-111.33677926874839,26.979432232566026,140.21499999999997,151.82999999999998,146.02249999999998,154.92000000000002,88.45854385434137,25.149639049983364,40.02386089996047,71.90785559398428,-119.61542273763574,167.435,162.885,0.0,100.0,-100.0,163.4890273519354,141.53799999999998,0.0,0.0,34346.433647989936,5328.199999999994,6.971434307028589,-80.3082257923557,782446.6530254113,-58732.49115725748,99.99940546783591,140.26728966969847,36.78653263458603,22.519537799081892,138.147,143.53811899330594,132.75588100669404,7.804902014963701,0.16825069114209035,0.0,0.0,140.03733333333335,138.09033333333332,141.98433333333332,-2.7806870548806066,1.9040404040404009,0.0,1.0,137.04,144.23,140.635,5.204600896146857,-0.34353268428372735,3.503956118518618,6.923366794202639,33.6360707123696,0.024886061630490543,0.13791548624380004,0.34115457976264646,-27.053991233496856,-24.097229020947626,-34.353268428372736,-56.86926456519611,-134.35326842837273,-8.810794117647077,-2.3227117659868015,-2.698758817392245,-2.9343173706147994,0.23555855322255415,-2.7644037456317565,-3.0043130106359626,0.23990926500420606,138.33731800773418
136.1,2022-09-30,137.8,134.3,137.07,2790300,-3.8266598665173888,-4.146174711412271,0.3195148448948819,137.7225,137.87269230769232,137.3300166718688,141.1566765383862,0.7160358783635956,0.6414351345438633,0.07460074381973236,-0.43528880741501325,24.955750429377897,-1.6254999999999882,-82.16482760633569,-104.79609915117675,22.631271544841056,140.21499999999997,143.125,141.67,154.92000000000002,61.58349239865213,25.105608383545327,39.49749876888526,65.17767986866365,-109.01629025354347,167.435,162.885,4.0,96.0,-92.0,163.4890273519354,140.99823999999998,0.0,0.0,34346.433647989936,5192.099999999994,7.325735196335239,-74.08519353630453,-434459.9559147806,38585.54923745781,99.72633569002512,139.65226687594358,36.19387055219886,22.474354807287646,138.1455,143.5408812654885,132.7501187345115,7.811157461500389,0.14363037468754242,0.0,0.0,139.74133333333333,138.14833333333334,141.33433333333335,-2.2799267217525765,2.2078886796400883,0.0,1.0,137.04,144.23,140.635,5.204657408312249,-0.38108484005563026,3.4765605066667584,6.1685004034467745,33.23978243038296,0.0,0.07397409223172963,0.18585915004678402,-27.899877051976784,-29.708193271199285,-43.14960629921233,-45.43479095164188,-143.14960629921234,-8.525352941176465,-1.7484819664935154,-2.7109308325750825,-2.889640063006856,0.17870923043177367,-2.7608427900704826,-2.955618966522867,0.19477617645238432,138.10833054819182
141.65,2022-10-03,142.53,136.38,137.51,2259700,-3.618988385841817,-4.040737446298181,0.4217490604563636,137.71083333333334,137.5676923076923,137.18386026081208,140.8028486466539,0.559344894026975,0.6695568400770712,-0.11021194605009621,-0.42360740327774954,25.20532162747285,-0.4894999999999925,-81.58822939107216,-99.15704765301858,17.56881826194642,140.21499999999997,143.125,141.67,154.92000000000002,44.887650675809596,24.9164838072458,36.54219963855366,57.70900795563786,-40.52576235541673,161.8225,162.885,0.0,92.0,-92.0,163.4890273519354,140.52325119999998,0.0,0.0,34346.433647989936,5333.749999999994,7.1080895723224655,-21.411308745404213,-9161101.306036001,-825175.4259487105,101.92017038846143,139.46814832643696,43.40276850610027,22.474354807287646,138.2095,143.48795990796407,132.93104009203591,7.638346000765617,0.3267013454777152,0.0,0.0,139.37533333333334,137.60933333333332,141.1413333333333,-2.534164342805744,1.3480558701396759,0.0,1.0,137.04,144.23,140.635,5.202247312956054,-0.09179415855354615,3.9519044560000816,4.572564180451359,39.18416686990655,0.5895439873390853,0.20481001632319204,0.13889986493290724,-27.092031219671593,-7.311917075567392,-10.39370078740153,-29.29885850499555,-110.39370078740153,-8.27791176470592,-0.1025490770583173,-2.5702522503104346,-2.825762500467572,0.25551025015713735,-2.410195015336874,-2.8465341762856684,0.43633916094879455,137.90116590167952
142.15,2022-10-04,143.91,140.69,142.47,2525500,-3.0712231131092267,-3.84683457966039,0.7756114665511635,137.95833333333334,137.67692307692306,137.7232663745333,140.79448948764252,0.41239612188365676,0.6649930747922435,-0.2525969529085867,-0.40451510787516226,25.046048209465248,2.7734999999999843,-76.22253900290056,-93.80874479935859,17.58620579645803,139.755,140.635,140.195,154.745,72.4438253379048,23.269027401185536,45.06057616688798,46.761201921956584,64.96358183376223,159.89,161.14,36.0,88.0,-52.0,137.04,140.52325119999998,1.0,0.0,34346.433647989936,5475.899999999993,6.223434713103261,69.17123536108215,-3211255.715793173,-1160265.223446103,106.4125189732979,139.75659946717357,50.62088569491247,22.474354807287646,138.47650000000002,143.68919709459357,133.26380290540646,7.52863784771214,0.7123181109349089,0.0,0.0,139.39866666666666,137.60066666666665,141.19666666666666,-2.5796516465963357,0.14089729328883763,1.0,1.0,137.04,144.23,140.635,5.19221672991446,0.5076495132127965,4.309714010400073,4.350976721706603,49.26498068871041,1.0,0.5298479957796952,0.2695440347782056,-23.288116276869346,5.075972091433316,57.48031496063006,1.3123359580053868,-42.51968503936994,-6.863147058823529,2.1565495207667724,-2.1813517874780084,-2.6968803578696594,0.515528570391651,-2.0793840439551436,-2.6931041498195634,0.6137201058644197,137.91339590152126
142.76,2022-10-05,143.46,140.35,141.81,1240400,-2.6341851004200123,-3.6043046838123147,0.9701195833923024,137.88333333333333,137.8926923076923,138.12737923998972,140.76156434040973,0.43258328972614674,0.6705040990755277,-0.23792080934938092,-0.3808670302949613,24.87541367441411,2.0790000000000077,-71.67351747901604,-88.586704069181,16.913186590164955,139.755,140.635,140.195,154.175,86.2219126689524,21.852640090819417,43.42885018001728,46.52283281637203,45.43332814687983,155.39000000000001,156.925,32.0,84.0,-52.0,137.1486,140.52325119999998,0.0,0.0,34346.433647989936,5333.139999999993,6.314080135783869,52.35557316664178,641461.1936116497,-1120950.429722751,106.06751648555891,140.01705216956893,50.402575180328554,22.474354807287646,138.571,143.84721417305855,133.29478582694145,7.615178028676343,0.6685867879552674,0.0,0.0,139.25633333333334,137.47233333333332,141.0403333333333,-2.5621814926430515,0.1934790732436426,1.0,1.0,137.04,144.23,140.635,5.1886758412654865,0.4603616133518781,4.1557426093600665,4.114430047905124,48.58086351391085,0.9573099088216235,0.8489512987202362,0.5278697702743745,-20.365521871006084,5.780491699119538,52.12598425196859,33.07086614173236,-47.87401574803141,-5.159294117647079,-0.6371681415929243,-1.871380950306612,-2.5317804763570497,0.6603995260504378,-1.7617776428772447,-2.5068388484310997,0.745061205553855,137.94122582395437
142.13,2022-10-06,144.52,141.42,143.12,1631300,-2.1764010722399405,-3.31872396149784,1.1423228892578994,137.9475,138.1346153846154,138.6339362799913,140.81033735223124,0.4178033022254129,0.667085427135678,-0.24928212491026508,-0.3529328087429683,24.826764811454908,2.7099999999999795,-65.44187929754213,-83.43972625266503,17.997846955122895,140.07999999999998,140.635,140.3575,153.58999999999997,93.1109563344762,20.402630184638408,43.76870793309353,42.430464569508345,79.04695379844496,154.4325,156.26,28.000000000000004,80.0,-52.0,137.25502799999998,140.52325119999998,0.0,0.0,34346.433647989936,5475.269999999993,6.3516397055887355,66.60179128569283,-1167241.2580032435,-976520.408451115,107.15108684537365,140.28285556274815,50.50184959953203,22.645694740624286,138.61,143.95785564502108,133.26214435497894,7.71640667343059,0.7627221251396458,0.0,0.0,139.47666666666663,137.56566666666666,141.38766666666666,-2.740243290395051,-0.008459794174078137,1.0,0.0,137.04,144.23,140.635,5.187215929586608,0.6091794158553542,4.157168348424062,3.934158168407426,50.89204256031776,1.0,0.9857699696072079,0.7881897547023797,-17.21790996763624,13.057148447377628,68.9763779527559,59.52755905511816,-31.023622047244103,-2.9939705882352996,0.5474582296480496,-1.5456259200599478,-2.3345495650976296,0.7889236450376818,-1.5285527089650928,-2.3111816205378988,0.782628911572806,138.1028667913576
141.95,2022-10-07,142.87,139.98,142.1,3123800,-1.9078078755491106,-3.0365407443080943,1.1287328687589837,137.83583333333334,138.31,138.8410230061465,140.7488308816956,0.49491728124377127,0.612517440701614,-0.11760015945784269,-0.32452747411846466,24.61538647336916,-0.08850000000001046,-61.30029323524501,-78.63978893521816,17.339495699973156,140.07999999999998,140.635,140.3575,153.58999999999997,96.5554781672381,19.280081867002803,42.77398508050702,46.98074789237815,40.75887813873312,153.4875,155.315,24.0,76.0,-52.0,137.48962687999997,140.52325119999998,0.0,0.0,34346.433647989936,5333.319999999993,6.592669305749518,27.88610681630819,724163.4378302358,-446276.50024699274,105.70569015466513,140.22266866571812,43.14376364074342,22.415106419124506,138.5085,143.66812508327726,133.34887491672274,7.450264905442284,0.6425975701964505,0.0,0.0,139.68566666666666,138.0596666666667,141.31166666666667,-2.3280842462958367,0.40949159491595494,1.0,1.0,137.04,144.23,140.635,5.191017157791759,0.40890125173852554,3.8864515135816573,3.904962857634846,47.77951001004373,0.8236751256007279,0.9269950114741171,0.9205720932671871,-15.362910807736881,8.388423279938829,46.2992125984252,55.80052493438321,-53.7007874015748,-1.2445588235294167,-0.9482026606283636,-1.3554697851470545,-2.138733609107515,0.7832638239604603,-1.3385423968100416,-2.116653775792327,0.7781113789822856,138.14111343359613
141.46,2022-10-10,142.31,139.56,142.18,964000,-1.7091344835486098,-2.7710594921561977,1.061925008607588,137.93083333333334,138.51115384615383,138.95163485135473,140.66076933490334,0.45897079276773306,0.5752036558712496,-0.11623286310351649,-0.29693842990878155,24.400808965214555,-0.015500000000031378,-58.91602317780558,-74.53906838746865,15.623045209663069,140.07999999999998,140.635,140.3575,153.58999999999997,98.27773908361905,18.3872441564196,39.635492678448685,45.40128732378371,39.83516483516482,153.4875,155.315,20.0,72.0,-52.0,137.7148418048,140.52325119999998,0.0,0.0,34346.433647989936,5191.859999999993,8.635885004903395,15.41477727112156,22055.704792873068,-456761.11239437753,105.28124952028881,140.16572295048226,43.18683927421126,22.347851492020407,138.27550000000002,142.75896506621658,133.79203493378347,6.484829295452271,0.6432485790598483,0.0,0.0,139.704,138.20700000000002,141.201,-2.143102559697626,0.5480961923847718,1.0,1.0,137.04,143.39,140.21499999999997,4.592281351360142,0.3968503937007894,3.7308063622234924,3.864532793800032,46.87894853577369,0.7726583454467314,0.865444490349153,0.9260698238101593,-14.05833912223493,9.568864454574385,39.68503937007894,51.65354330708666,-60.31496062992106,-0.03264705882355656,0.8235804074555807,-1.215075455388191,-1.9540019783636502,0.7389265229754591,-1.2020847069623188,-1.9337399620263256,0.7316552550640067,138.16353492104372
141.69,2022-10-11,144.21,141.21,141.91,1513400,-1.4023774444194714,-2.4973230826088524,1.094945638189381,138.17666666666668,138.74615384615385,139.299075643454,140.70145308787346,0.4652130822596632,0.5569871159563924,-0.09177403369672921,-0.2682345056683759,24.454731926850318,-0.2675000000000125,-52.485188677313445,-70.46109387815699,17.975905200843542,140.07999999999998,140.635,140.3575,153.58999999999997,99.13886954180953,17.55818056802092,36.55043175877246,41.86744107234666,73.74883388357377,153.20000000000002,155.315,16.0,68.0,-52.0,137.931048132608,140.52325119999998,0.0,0.0,34346.433647989936,5333.549999999993,8.442345929879508,46.611023375247164,-1322958.571529398,-422833.23704716505,106.95643223739974,140.1037342845527,43.156481449250926,22.347851492020407,138.44750000000002,143.10091541235943,133.7940845876406,6.722281604737401,0.7968249936017776,0.0,0.0,140.10233333333332,138.48033333333333,141.72433333333333,-2.3154503731796043,0.15854911631730148,1.0,1.0,137.04,143.39,140.21499999999997,4.58657613896964,0.6566929133858299,3.8227257260011434,3.827188992589374,50.8021209106004,0.9949059412757649,0.8637464707744081,0.8853953241992262,-11.807820204374421,13.378586077820586,68.5855263157896,51.5232594280979,-31.414473684210407,0.6714999999999804,2.133661217995094,-0.9967043080526203,-1.7625424443014444,0.765838136248824,-1.0684422023178768,-1.7606804100846358,0.692238207766759,138.48080945833524
138.71,2022-10-12,143.35,138.65,142.06,2198100,-1.3502757477294551,-2.267913615632973,0.917637867903518,138.21583333333334,138.87307692307692,139.19921785215337,140.54949359988282,0.43198919544665276,0.5446652517846814,-0.11267605633802863,-0.24296739567961434,24.156290142310027,-2.8155000000000143,-47.29771930646329,-66.34335746374377,19.04563815728048,140.46,140.635,140.5475,153.58999999999997,99.56943477090476,17.039001056222826,35.474868340995776,43.612717924673305,33.3437496383224,153.10500000000002,155.315,12.0,64.0,-52.0,138.13860620730367,140.52325119999998,0.0,0.0,34346.433647989936,5194.839999999993,8.269760869981965,-10.77592282121676,330149.2322110895,-414379.672270855,104.44175480662288,140.14150873503252,43.1585038693527,21.94270667352616,138.5455,143.1287629206695,133.96223707933052,6.6162566386775215,0.5114001751381893,0.0,0.0,140.51833333333335,138.96233333333333,142.07433333333333,-2.214657636607319,1.1003641816623806,0.0,1.0,137.04,143.39,140.21499999999997,4.5833318296155365,0.25354330708661654,3.6544531534010276,3.710277664221497,45.221798831239596,0.6787808650370762,0.8154483839198576,0.8482131150144729,-11.403155151568908,5.8738505149355875,26.480263157894907,44.916942947921136,-73.51973684210509,1.3938823529411764,0.34013605442176786,-0.9607119265569385,-1.6021763407525433,0.6414644141956048,-1.1201260547860339,-1.6325695390249155,0.5124434842388816,138.4862002640853
140.52,2022-10-13,142.66,135.41,136.94,1780800,-1.552529110747514,-2.1248367146558813,0.5723076039083672,138.18916666666667,138.7557692307692,138.61626125951437,140.1687903702619,0.4808575803981626,0.5505359877488519,-0.06967840735068931,-0.22506959955851424,24.344407878079807,-2.740000000000009,-42.32746396952869,-61.91698372632077,19.589519756792086,142.715,140.635,141.675,153.58999999999997,99.31256268200383,16.758771648801655,35.474868340995776,46.18523555256629,-71.76933523696795,148.7525,155.315,8.0,60.0,-52.0,138.33786195901152,140.52325119999998,0.0,0.0,34346.433647989936,5054.319999999992,8.177216254068036,-74.27719098961455,11825078.280671792,99940.0704447953,101.15805628516597,140.05395126476694,43.2024665746466,21.94270667352616,138.49,143.19528638873172,133.7847136112683,6.795128007410943,0.1727085510271974,0.0,0.0,140.75799999999998,138.713,142.803,-2.9056963014535615,1.8075794621026882,0.0,1.0,137.04,143.39,140.21499999999997,4.585168604231348,-0.2566929133858263,3.690007838060924,3.7197202581704274,39.33302943847584,0.34518225786622747,0.6729563547263563,0.7840504031402075,-12.889245498905538,-15.535820374268,-26.80921052631566,22.752192982456265,-126.80921052631565,0.9222352941176837,-0.2357621749060585,-1.1076139750128695,-1.5032638676046088,0.3956498925917393,-1.0456250694688887,-1.5151806451137102,0.46955557564482153,138.45923890199475
136.08,2022-10-14,141.65,135.7,140.73,1769100,-1.6701631802260408,-2.033902007769913,0.3637388275438722,138.185,138.56576923076923,138.16760568112755,139.8377688613536,0.5055274498782087,0.5340078695896578,-0.0284804197114491,-0.21208028277084925,24.38951769855871,-3.8189999999999884,-37.164301110815856,-56.980991695181174,19.81669058436532,142.385,140.635,141.51,153.58999999999997,98.89695428020414,15.894005755283496,41.7698777776158,38.05632366048141,-36.16297431610299,148.7525,155.315,4.0,56.00000000000001,-52.00000000000001,138.52914748065106,140.52325119999998,0.0,0.0,34346.433647989936,5190.399999999992,8.715814373206305,-58.028563705384066,-939741.328630234,212588.53219252685,101.4494911865765,139.9270406346123,43.088466656325856,21.989700137342144,138.38899999999998,143.24051069255586,133.5374893074441,7.011410867273956,0.22286982649281026,0.0,0.0,141.055,138.991,143.11899999999997,-2.92651802488388,1.7972383720930376,0.0,1.0,137.04,143.39,140.21499999999997,4.5885149831272685,-0.2110236220472448,3.9450070542548326,3.708371295581167,40.08508398258145,0.38778612493876585,0.4705830826140232,0.652995940420079,-13.863809777969296,-11.913297770057719,-22.039473684210538,-7.456140350877111,-122.03947368421053,0.9030882352940921,-0.03683241252302863,-1.1943577145327418,-1.4414826369902356,0.24712492245749385,-1.2276318330625695,-1.457670882703482,0.2300390496409126,138.42402798840095
137.17,2022-10-17,138.59,136.77,137.98,3604100,-1.6579373009830078,-1.9587090664125322,0.30077176542952433,138.36833333333334,138.36423076923077,137.95258942249257,139.61052672347557,0.4914032168607878,0.536882972823073,-0.04547975596228515,-0.20107583326859488,24.324464687432975,-3.8649999999999807,-32.6155115384193,-52.13576642134993,19.52025488293063,140.85500000000002,140.635,140.745,153.58999999999997,99.07994907088528,15.324684118108399,38.631677086527,45.28045744489214,-80.88536762606044,147.16000000000003,155.315,0.0,52.0,-52.0,138.52914748065106,143.12,0.0,1.0,34346.433647989936,5327.569999999992,8.920649538217585,-28.771354604614498,1291864.1102282135,148568.59769608238,102.53108219615648,139.8785354608842,43.078522047951886,21.989700137342144,138.165,142.87919346229916,133.45080653770083,6.824005301341388,0.3520425592250063,0.0,0.0,140.95233333333334,139.32933333333332,142.57533333333333,-2.3029061834142572,1.7884575888272662,0.0,1.0,137.04,143.39,140.21499999999997,4.595954112836099,-0.042519685039367254,3.839506348829351,3.4711548591899355,42.89776573426511,0.5471244607088066,0.42669761450460003,0.5234123506149931,-13.867316394198781,-10.882012325965567,-4.440789473683902,-17.763157894736715,-104.4407894736839,0.11902941176467152,1.6348368878650643,-1.1875446213786292,-1.3906950338679143,0.20315041248928511,-1.2953267306153478,-1.4252020522858553,0.12987532167050753,138.41374584990717
139.78,2022-10-18,141.18,138.18,139.4,1723900,-1.516986115809857,-1.8703644762919973,0.35337836048214033,138.69166666666666,138.13192307692307,137.98757566518603,139.50456178099589,0.4333212865919772,0.5751716660643297,-0.14185037947235246,-0.18954428681253907,24.287323482730173,-1.6614999999999895,-29.47378732370843,-47.44690751520463,17.9731201914962,140.85500000000002,140.21499999999997,140.535,153.58999999999997,99.53997453544264,14.359319904370704,39.94292013631656,41.41516392409389,-15.837289725103057,147.5075,155.315,24.0,48.0,-24.0,138.52914748065106,143.0294,0.0,0.0,34346.433647989936,5467.349999999992,8.846871042576371,3.4945246246160693,-2553226.4987838166,-226626.144451384,103.97211312399152,140.04682622167545,50.09886593341822,21.989700137342144,138.04149999999998,142.61617058923198,133.46682941076799,6.6279641835708825,0.5151377019720313,0.0,0.0,140.67533333333333,139.01833333333335,142.33233333333334,-2.3557790278324036,1.2529672098169402,0.0,1.0,137.04,143.39,140.21499999999997,4.600065922204551,0.1795275590551206,3.896555713946415,3.15596857591829,46.46432112475877,0.7491697152111169,0.5613601002862298,0.48621359913495105,-12.829754066028542,-2.9343362917511233,18.750000000000206,-2.5767543859647595,-81.2499999999998,-0.4887941176470463,2.8890543559195794,-1.0874096849903223,-1.330037964092396,0.24262827910207374,-1.1849917721732783,-1.3771599962633398,0.1921682240900615,138.4064596417633
139.97,2022-10-19,141.59,139.04,139.66,1408400,-1.3206626959071741,-1.7604241202150328,0.4397614243078587,138.91333333333333,138.18076923076922,138.14948710131125,139.47014979721843,0.39714584058475555,0.5903237034458755,-0.19317786286111993,-0.17658979717939943,24.39955125789895,2.7624999999999886,-25.427086300806064,-43.00081940445618,17.573733103650117,140.385,140.21499999999997,140.29999999999998,153.58999999999997,99.76998726772132,13.382574411739357,38.84232656329834,39.37804459378154,8.437359964150367,147.5075,155.315,20.0,44.0,-24.0,138.52914748065106,142.94061200000002,0.0,0.0,34346.433647989936,5607.319999999992,8.76689241081769,20.19162110681348,-461920.41151674656,-315509.50620439526,104.84325366531444,140.3367953709933,57.03700087297913,21.989700137342144,137.9275,142.27782355118381,133.5771764488162,6.308130795068141,0.6278640527435311,0.0,0.0,140.49766666666667,138.81266666666664,142.18266666666665,-2.3986163471279505,0.9325420375865436,1.0,1.0,137.04,143.12,140.07999999999998,4.408112957894555,0.32894736842105193,3.847900142551773,2.639026814001455,48.57412265706524,0.8686899079103314,0.7216613612767517,0.5699063586891939,-11.35167208440558,0.7470486227250515,23.308270676691397,12.539160401002553,-76.6917293233086,-0.9971470588235434,1.9504326147528939,-0.946914230627372,-1.2534132173993915,0.3064989867720195,-1.0741867933654692,-1.3165653556837658,0.24237856231829658,138.41570772935145
139.03,2022-10-20,140.93,137.0,140.9,1822300,-1.3145328062864792,-1.671245857429322,0.3567130511428429,138.60583333333332,138.1926923076923,137.97264293187874,139.28717573816522,0.4183891660727022,0.5987170349251606,-0.18032786885245838,-0.16571108627276962,24.349393458620607,2.493499999999983,-22.402364841987886,-38.67882736076095,16.276462518773062,140.385,140.21499999999997,140.29999999999998,153.58999999999997,99.88499363386066,12.763900969854916,40.57903776448014,36.92018608311814,-8.123689727462637,147.5125,155.315,16.0,40.0,-24.0,138.52914748065106,142.85359976,0.0,0.0,34346.433647989936,5468.289999999993,19.006274288250964,-23.210210479874004,-6257.6422354891165,-284923.6266558744,102.80340038568269,140.55872992205457,50.14141325434528,21.66706644717976,137.8565,142.21868878545902,133.494311214541,6.328593552656583,0.4018268073524143,0.0,0.0,140.15666666666667,138.60866666666666,141.70466666666667,-2.2089566437558,1.5195951765719193,0.0,1.0,137.04,143.12,140.07999999999998,4.410383260854593,-0.00657894736841973,3.6521101282965973,2.428922535900228,44.131277399639316,0.42254552922734456,0.680135050782931,0.6543855041153043,-11.35412686489981,-9.262189228069603,-35.09933774834444,2.319644309449039,-135.09933774834442,-0.9082647058823454,-2.622787689245858,-0.9437572406217525,-1.1914820220438638,0.2477247814221113,-1.028788023546359,-1.2590098892562844,0.23022186570992553,138.33267023500866
143.61,2022-10-21,143.74,138.37,139.12,2033300,-1.185462006084606,-1.5740890871603788,0.3886270810757728,138.44083333333333,138.26384615384615,138.0337747885128,139.2192367945974,0.4576240161083657,0.5670876807614864,-0.10946366465312068,-0.154471756012823,24.40119149860242,3.5579999999999643,-17.482843088095066,-34.07514068412645,16.592297596031386,140.325,140.21499999999997,140.26999999999998,153.58999999999997,99.94249681693033,12.189418488105078,37.691338929492005,34.29285965515913,21.43946028348024,147.6375,155.315,12.0,36.0,-24.0,138.52914748065106,142.7683277648,0.0,0.0,34346.433647989936,5611.899999999992,19.00409934578489,8.21206244582238,-1656778.7758512674,251099.41121446367,104.23950038568269,140.67404232820374,50.23192318643806,21.66706644717976,137.86200000000002,142.2264866823012,133.49751331769883,6.331674692520332,0.5581969927941373,0.0,0.0,140.03266666666667,138.09966666666668,141.96566666666666,-2.7607843884046,0.9300741507156423,1.0,1.0,137.04,143.12,140.07999999999998,4.410207308758042,0.2187500000000016,3.960899115466938,2.31497201472045,47.597701098420586,0.7149980342463506,0.6687444904613423,0.6901803008403418,-10.336677116602251,0.5805047775762409,-4.8565121412803265,-5.549193070977804,-104.85651214128033,-0.9651176470588041,-1.4107588172426004,-0.8515073300061429,-1.1234870836363196,0.2719797536301767,-0.7204047989668413,-1.151288871198396,0.43088407223155467,138.3332966230473
149.0,2022-10-24,149.99,144.44,144.75,3177400,-0.5866120970252382,-1.3765936891333508,0.7899815921081126,138.6925,138.5223076923077,139.01934789797238,139.60595999499762,0.44192779291553147,0.6037125340599454,-0.16178474114441393,-0.13472364941497625,24.614120259259575,1.8049999999999784,-8.635674717024811,-29.2029724663166,20.56729774929179,141.67000000000002,140.89499999999998,141.2825,152.595,99.97124840846516,13.156013807791881,47.16548054250388,27.86605446339837,211.5751632333563,147.2275,155.315,100.0,32.0,68.0,138.59,142.7683277648,1.0,0.0,34346.433647989936,5760.899999999992,18.679542202386116,136.2431963821333,-20889664.42953023,-1011644.0683381831,110.77581606104584,140.98459591865685,50.51388231603881,21.66706644717976,138.175,143.39904632444853,132.9509536755515,7.561492780095564,1.0996309767277335,1.0,0.0,140.537,138.093,142.981,-3.4780876210535343,-0.29848608837970575,1.0,0.0,137.04,144.75,140.89499999999998,5.57988058621314,0.9597924773022046,4.726809203920245,2.311903996432328,59.5677010045842,1.0,0.7125145211578984,0.6871313541340572,-5.166457458892429,16.6461080721191,94.96753246753242,18.337227525969205,-5.032467532467572,0.592470588235301,2.135482958563153,-0.42019129917251224,-0.9828279267435581,0.5626366275710459,-0.16643800553913535,-0.9543186980665438,0.7878806925274084,138.59607385071487
153.9,2022-10-25,155.1,149.03,149.5,2612100,0.25541118895603176,-1.0501927135154743,1.305603902471506,139.44666666666666,138.82153846153847,140.55944822136124,140.3040370324052,0.3654105990091583,0.6727218135415101,-0.3073112145323518,-0.10342245328357723,25.05773443482235,0.7200000000000273,1.1565525767928326,-23.81916447928814,24.975717056080974,144.04500000000002,143.26999999999998,143.6575,152.595,99.98562420423258,14.93880788504463,53.61034707183491,24.021041649495107,280.65087804092207,147.4125,155.315,100.0,28.000000000000004,72.0,138.7132,142.7683277648,0.0,0.0,34346.433647989936,5914.799999999992,18.24906981137791,217.69431118468577,-17938921.377517823,-2338814.2519902885,115.66643500316714,141.71346923593617,58.24474852797048,21.66706644717976,138.83999999999997,145.7604306224384,131.91956937756154,9.968929159375444,1.2362258619399,1.0,0.0,141.41366666666667,138.63966666666667,144.18766666666664,-3.923241742311544,-0.8728070175438681,1.0,0.0,137.04,149.5,143.26999999999998,8.974358974358982,0.962279293739968,5.320128283528221,2.3046145661072615,65.90917229468843,1.0,0.9049993447487835,0.7620861187893414,1.7354047403796937,23.466747338187222,95.69202566452796,61.93434866359334,-4.307974335472035,2.6688823529412105,6.465209315616526,0.1820412258679634,-0.7498540962212539,0.9318953220892172,0.5394987029129757,-0.6555552178706399,1.1950539207836157,139.32819549040676
153.69,2022-10-26,156.53,153.39,154.83,2074400,1.2600116416313085,-0.5881518424861176,1.8481634841174261,140.59916666666666,139.31153846153845,142.53337926422873,141.27336762259742,0.3470117243351447,0.7024592507863882,-0.35544752645124345,-0.05939521209736273,25.314531855215733,1.4879999999999995,14.99737649882668,-17.449737760581986,32.447114259408664,146.71,145.935,146.3225,152.595,99.99281210211629,17.335968425700283,59.182453723223375,20.525061644060447,288.1254748724632,147.4125,155.315,100.0,24.0,76.0,139.144672,142.7683277648,0.0,0.0,34346.433647989936,6068.489999999992,18.185937818768352,282.3220381583018,-3738694.775196811,-2522489.5032184003,120.16276728525797,142.6368084772475,58.755241428963885,22.300954991162204,139.722,148.95300991224593,130.49099008775408,13.213395044797416,1.2403306967457544,1.0,0.0,142.77,139.955,145.58499999999998,-3.9434054773411544,-1.3863232682060485,1.0,0.0,137.04,154.83,145.935,12.732425816979445,0.9190556492411454,5.538115455175399,2.3046145661072615,70.62256808828941,1.0,1.0,0.8725046219688939,9.365662005804694,27.21460321496586,91.13300492610821,93.93085435272285,-8.86699507389178,5.314147058823551,9.909716251074794,0.8918960897126396,-0.42150405903447524,1.3134001487471147,1.0677475615688663,-0.31089466198273863,1.378642223551605,141.75389268870717
156.21,2022-10-27,157.29,153.88,154.08,2921900,2.0718209804323635,-0.056157277902421365,2.127978258334785,141.655,139.79461538461538,144.27901322357815,142.20719224314578,0.3356817239950269,0.709213979831468,-0.3735322558364412,-0.007909142323400141,25.680244660540833,-2.0374999999999943,30.076351700821636,-9.97855411484449,40.054905815666125,146.71,145.935,146.3225,152.595,99.99640605105814,19.561903213451963,58.09914405623152,20.14935911238442,221.21400088613174,147.4125,155.315,96.0,20.0,76.0,140.08579168,142.7683277648,0.0,0.0,34346.433647989936,6224.699999999992,17.887014437914186,252.92501842140175,-10274.63030534876,-2574949.3652280844,120.66177569519344,143.67337520679789,66.30308607049528,22.300954991162204,140.6875,151.47007645463185,129.90492354536815,15.328407221155896,1.111750821128327,1.0,0.0,144.44466666666668,141.88066666666666,147.00866666666667,-3.5501483843871107,-1.3399635985439364,1.0,0.0,137.8,154.83,146.315,12.104842292314528,0.9442160892542562,5.3743039096578595,2.2884907111485884,71.10606896961404,1.0,1.0,0.9683331149162612,15.263241721678991,26.580868754175384,94.1502463054186,93.65842563201825,-5.849753694581382,7.920058823529388,8.972452375894049,1.456903091715618,-0.045822628884456595,1.5027257206000746,1.601442198227407,0.0715727100592905,1.5298694881681165,145.5257216389728
158.55,2022-10-28,159.42,155.34,155.91,1770600,2.800710679146249,0.5152163135073128,2.2854943656389364,143.04583333333335,140.44538461538463,145.98070349687382,143.17999281772757,0.3305555555555556,0.7469576719576714,-0.4164021164021158,0.04838588779799737,25.84864799285613,-6.329499999999996,43.33616518003286,-1.5394789239053606,44.87564410393822,148.42000000000002,146.475,147.4475,152.595,99.99820302552908,21.859235282975476,59.855923417084064,19.04485111728157,190.72749278019452,147.4125,155.315,100.0,16.0,84.0,140.9704441792,142.7683277648,0.0,0.0,34346.433647989936,6383.249999999992,17.414624725556603,249.86187293263026,-4383349.101229861,-2889621.137086851,122.166084247312,144.86877367996277,73.66899368689191,22.300954991162204,141.7395,153.84802009949934,129.63097990050065,17.085597309852716,1.0616086808396328,1.0,0.0,146.19766666666663,143.37466666666666,149.02066666666667,-3.8618947406821467,-1.119258472074622,1.0,0.0,138.59,155.91,147.25,12.219600040920135,0.967090069284065,5.390873518692073,2.2613337264288917,72.5554450614275,1.0,1.0,1.0,20.45104165915189,27.095769390448705,96.70900692840651,93.99741938664442,-3.2909930715934954,10.80044117647057,12.037504507753335,1.9560768400873143,0.3545572649098976,1.6015195751774167,2.12067742754024,0.48139365355548036,1.6392837739847594,148.63756827528988
158.5,2022-10-31,159.33,157.06,157.76,1955800,3.477069153305024,1.107586881466855,2.369482271838169,144.85,141.16846153846154,147.68521065120092,144.2081414978959,0.35028022417934335,0.7720843341339734,-0.42180410995463,0.10771160218182077,25.94195893263268,-7.073499999999996,55.65758758271828,7.919562732364274,47.738024850354,149.345,147.39999999999998,148.3725,152.595,99.99910151276454,24.2125816448149,60.94669012182853,17.79270875675248,163.13311560437947,147.2025,155.315,100.0,12.0,88.0,142.165608644864,142.7683277648,0.0,0.0,34346.433647989936,6541.749999999992,17.345922902154964,253.1130339422545,-871671.9242902424,-2857386.376569769,123.92107330357567,146.05861141541791,74.09820240195626,22.54788200664308,142.77349999999998,156.32113193329292,129.22586806670705,18.97779620628889,1.027269270022436,1.0,0.0,148.22466666666668,145.3056666666667,151.14366666666666,-3.93861570498835,-1.0134178371588518,1.0,0.0,138.59,157.76,148.175,13.426861427365717,0.9634846113719359,5.250786166822867,2.2609854471171853,74.19753142160491,1.0,1.0,1.0,25.217778535409423,30.78485469532623,96.3484611371936,95.73590479033957,-3.6515388628064116,12.583823529411745,15.988479432833621,2.411146220448141,0.7658750560175464,1.6452711644305946,2.493053379467353,0.883725598737855,1.609327780729498,151.33436492694315
158.12,2022-11-01,159.94,157.2,159.02,1562000,3.9785230102293667,1.6817741072193573,2.2967489030100094,146.64166666666665,141.9,149.14902439717002,145.17050138694066,0.32254228329809703,0.7743128964059193,-0.45177061310782224,0.16638004496779138,25.976474721485875,-6.828999999999979,65.02082825388445,17.969331016218778,47.05149723766567,149.97500000000002,148.03,149.0025,152.595,99.99955075638226,26.542210879202887,61.12778411198332,16.8277104619597,139.9561979851073,147.2025,155.315,100.0,8.0,92.0,143.7250477803776,142.7683277648,0.0,0.0,34346.433647989936,6699.869999999992,17.350432070130786,220.1164290933607,-544017.2021249622,-2919826.8361652014,124.06201816541189,147.3447164019062,81.01249893715689,22.567980717205472,143.599,158.4841978824595,128.71380211754047,20.731617744496162,0.956863257962704,0.0,0.0,150.138,147.305,152.971,-3.773861380862937,-0.7463819272855607,1.0,0.0,138.59,159.02,148.805,14.227118573249124,0.9109153206069496,5.01370755014058,2.199549452315462,74.33215264143355,1.0,1.0,1.0,29.004401823498966,32.452836024444345,91.09153206069496,94.71633337543169,-8.908467939305046,13.422911764705873,15.843773028739868,2.7405863947696396,1.160817323767965,1.5797690710016745,2.7304945510639547,1.2530793892030752,1.4774151618608795,153.1758836388812
153.2,2022-11-02,158.4,153.06,158.4,2321400,3.9958042598398436,2.1445801377434544,1.8512241220963892,147.99916666666667,142.56653846153847,149.75071295145156,145.75490869161172,0.2681487580623024,0.8044462741869076,-0.5362975161246053,0.21585116644643118,25.832532935137486,-6.05449999999999,72.4378609355272,28.507133880387116,43.93072705514008,151.38,148.03,149.70499999999998,152.595,99.99977537819113,28.082652224921166,59.01733948630367,20.677456464380473,101.61304402649928,147.315,155.315,96.0,4.0,92.0,145.56044204673228,142.7683277648,0.0,0.0,34346.433647989936,6546.669999999992,17.15320757488878,98.06436779430949,-0.0,-3764475.284784615,120.02736167686228,148.6384238648055,79.81707052406948,21.973633133431743,144.2345,159.58847599971995,128.88052400028005,21.290296010621525,0.7874011265929092,0.0,0.0,151.79033333333334,149.15033333333332,154.43033333333332,-3.4784823803008984,0.2595328282828258,1.0,1.0,138.59,159.02,148.805,14.164433613317208,0.7082721488007828,4.632336795126524,2.010821391053737,63.74131581650805,0.6907520193793868,0.8969173397931289,0.9656391132643763,28.949566135719195,22.41941212556069,70.82721488007829,86.08906935932227,-29.172785119921713,13.399411764705889,11.910506690063603,2.74145433296807,1.4769447256079862,1.2645096073600839,2.6226377331764374,1.5269910579977477,1.0956466751786897,153.15874807547232
156.0,2022-11-03,157.5,151.97,152.7,1467500,3.876855902584907,2.491035290711745,1.3858206118731622,149.14833333333334,143.19038461538463,150.09214172815132,146.2152858255664,0.3279864921907976,0.7712114816378214,-0.44322498944702376,0.2549845076558822,25.98670128841079,-5.722000000000008,81.086015913774,39.45922932503924,41.62678658873477,154.505,148.03,151.26749999999998,152.01999999999998,99.99988768909557,29.15540522271589,59.01733948630367,23.466024567633305,68.17480164243138,146.7775,155.315,92.0,0.0,92.0,147.1755890011244,142.7683277648,0.0,0.0,34346.433647989936,6390.669999999992,16.97556270736235,59.76374382369378,10153846.153846214,-2972076.1788934404,118.91642478936718,149.6437291719328,72.48355494130732,21.973633133431743,144.762,160.41495064835942,129.10904935164058,21.625772852488115,0.7302441297467281,0.0,0.0,153.23499999999999,150.118,156.352,-4.068261167487852,0.7029194738530636,1.0,1.0,138.59,159.02,148.805,14.112819662618648,0.6549192364170333,4.613103115613872,1.9145470615993967,61.266255731882154,0.5843438286823469,0.7583652826872446,0.8850942074934579,28.117034626561882,13.828511285699902,65.49192364170334,75.80355686082551,-34.50807635829667,12.843147058823547,9.979736575481251,2.651471000925282,1.7118499806714453,0.9396210202538366,2.654772073196537,1.7525472610375057,0.9022248121590315,152.95006325204787
156.4,2022-11-04,157.82,154.65,156.44,1165900,3.9532712249340705,2.78348247755621,1.1697887473778605,150.44916666666666,143.9626923076923,150.7933506930511,146.84007946811704,0.27961637174118575,0.7806294745373497,-0.501013102796164,0.2886392824932113,26.12079297413677,-8.495499999999993,90.5737871334509,50.48250286398099,40.09128426946992,157.06,148.41000000000003,152.735,151.82999999999998,99.99994384454779,30.68562568673801,62.21695442592727,20.42028508371267,78.89424490863283,146.02249999999998,154.92000000000002,88.0,0.0,88.0,148.59691832098946,142.7683277648,0.0,0.0,34346.433647989936,6547.0699999999915,16.769992048485342,111.10492327745197,-1791176.47058823,-3192293.363237472,121.67454810317915,150.9050525529783,78.88033513487427,21.973633133431743,145.4955,161.55301472052804,129.43798527947195,22.07286784887237,0.7850534518986563,0.0,0.0,154.82433333333333,152.03133333333332,157.61733333333333,-3.607959989062882,0.5312089748179953,1.0,1.0,138.59,159.02,148.805,14.041671391898724,0.7860988742046009,4.7367928040524845,1.7553334789128134,64.87739638014655,0.6869376736405705,0.654011173900768,0.769764598793714,28.540760491441326,11.600234754464863,75.84300718629075,70.7207152360241,-24.156992813709252,12.32276470588235,11.22698504027619,2.692229014894011,1.9079257875159588,0.7843032273780524,2.6689519038493836,1.9358281895998815,0.7331237142495022,153.26602234228773
160.03,2022-11-07,161.54,156.67,156.67,2822300,4.129228856689878,3.0526317533829435,1.0765971033069341,152.08833333333334,144.8230769230769,151.69745058642786,147.56822172973799,0.2749967324532739,0.7801594562802245,-0.5051627238269507,0.3192998025801481,26.081799214605535,-7.9809999999999945,98.35638981503298,61.282484779341,37.073905035691986,157.775,148.805,153.29000000000002,148.03,99.99997192227389,32.13700308012731,59.19694805943237,19.20705665184056,86.29967838272452,141.67,154.92000000000002,84.0,40.0,44.0,149.84768812247071,142.7683277648,0.0,0.0,34346.433647989936,6707.099999999991,14.751658050927386,141.41287709495842,-6010279.322626996,-3439225.707797699,123.76482033078986,152.1991343859764,79.25840592304408,21.973633133431743,146.351,162.86899370383622,129.83300629616377,22.573120380231394,0.8123563365205622,0.0,0.0,156.01433333333335,153.25833333333335,158.77033333333333,-3.533008719284321,0.381047411707792,1.0,1.0,138.59,159.02,148.805,13.959590300032119,0.8849730788056769,4.952113523647235,1.6475416371297007,67.34833265428914,0.7687543843934801,0.6800119622387992,0.697462806275604,29.671011937302893,14.349371487613723,87.00939745715853,76.11477609505086,-12.990602542841472,11.956970588235322,14.357664233576633,2.798182974822522,2.0859772249772717,0.7122057498452503,2.836757925370599,2.116014136754025,0.720743788616574,153.78132132523677
161.09,2022-11-08,164.12,159.56,161.67,1211600,4.45057197152201,3.332219797010757,1.1183521745112524,153.85416666666666,145.71461538461537,152.90707357313127,148.45650160160926,0.24394785847299774,0.8063314711359402,-0.5623836126629425,0.34986859055351194,26.089115691952813,-2.828499999999991,105.50116944607954,71.33846177348022,34.162707672599325,159.48,150.13,154.805,149.355,99.99998596113694,34.07283186916063,64.77558264492153,16.581048414038214,104.17047386462433,141.67,154.92000000000002,100.0,36.0,64.0,150.94836554777422,142.7683277648,0.0,0.0,34346.433647989936,6868.189999999991,14.726383780793297,187.71819465282186,-5764169.098019791,-3817957.756833631,126.73635348965882,153.7000178924875,79.66202280869457,21.973633133431743,147.2685,164.56261608033125,129.97438391966872,23.486510802148818,0.8553665287923918,0.0,0.0,157.07166666666666,154.63066666666666,159.51266666666666,-3.108135352227755,-0.009695479994539409,1.0,0.0,138.59,161.67,150.13,15.672054784288553,0.9085788561525135,5.201902171282513,1.5849572757294101,70.54146649468534,0.8744842288046547,0.7767254289462352,0.7035828550286007,31.665529635450934,17.23969990005111,89.82642237222764,84.22627567189228,-10.173577627772358,12.09261764705883,15.31401315314013,2.997896301952036,2.2683610403722247,0.7295352615798114,2.9870967749371604,2.290230664390652,0.6968661105465084,154.55793084712465
154.88,2022-11-09,161.31,154.03,160.35,2096100,4.210478150133838,3.5078714676353737,0.7026066824984643,154.65333333333334,146.2276923076923,153.07983148495723,148.8693533348234,0.28267628404427286,0.7964183559258795,-0.5137420718816066,0.37063747930905083,26.014120510297847,0.9925000000000068,107.68645804333086,79.9618069226479,27.724651120682964,159.58499999999998,150.13,154.8575,149.355,99.99999298056846,34.820321693669975,63.302928252449554,24.29073470127176,71.16679845443784,140.195,154.745,96.0,32.0,64.0,152.44939437108582,142.7683277648,0.0,0.0,34346.433647989936,6713.309999999991,15.08701586312877,38.54610970241875,1279958.6776859595,-3726085.1625535274,121.36855203566033,154.94803484601675,78.44405920042453,21.212075153813558,148.0375,165.0964822381047,130.9785177618953,23.046839129416135,0.6756406072870672,0.0,0.0,157.43633333333332,155.0693333333333,159.80333333333334,-3.006929785373582,1.219546542740451,0.0,1.0,138.59,161.67,150.13,15.590644262433495,0.6689774696707109,4.856711954154262,1.634723737997411,58.71006273260076,0.415656989121379,0.6862985341065047,0.714345308430513,29.298627761042432,2.4312948151691502,57.38984941438931,78.07522308125847,-42.61015058561068,12.025235294117635,6.639435059540295,2.828304184719614,2.3803496692417028,0.4479545154779112,2.748499325919191,2.38188439669636,0.3666149292228309,154.55438910844848
163.12,2022-11-10,163.67,157.38,160.0,2973200,4.24162426556893,3.6546220272220853,0.587002238346845,155.34916666666666,146.8826923076923,153.74139587188688,149.49977160631795,0.2668347137198414,0.7744568479174166,-0.5076221341975753,0.38775854484830713,26.081161493345967,4.253999999999991,113.53582926011777,87.76176959821288,25.774059661904886,159.58499999999998,150.13,154.8575,149.355,99.99999649028423,35.514419387857224,53.41923810598209,20.49814402900496,81.09364182520912,140.195,154.175,92.0,28.000000000000004,64.0,153.7402791591338,142.7683277648,0.0,0.0,34346.433647989936,6876.429999999991,15.033970698025055,111.10409403064452,-2261126.777832253,-3769252.8769807406,124.91625053595247,156.30206835743613,78.82093451181396,21.212075153813558,149.136,165.62077406578476,132.65122593421523,22.107035277578536,0.7500489229364377,0.0,0.0,157.963,155.55,160.376,-3.055145825288196,0.620803978450065,1.0,1.0,138.59,161.67,150.13,15.47580731681149,0.8141247833622186,5.335040758738835,1.5727097483978627,62.782406557137804,0.2606785550654477,0.5169399243304938,0.6599879624610779,28.755395034022435,8.970747512091252,63.27054794520548,70.1622732439408,-36.72945205479452,12.73620588235292,5.602898745219079,2.8372112010568964,2.4717219756047415,0.3654892254521549,2.953024526758517,2.4961124227087916,0.45691210404972527,154.61691001090242
165.61,2022-11-11,166.43,161.05,164.06,1732400,4.510452427057174,3.825788107189103,0.6846643198680713,155.98749999999998,147.6376923076923,154.8657965069812,150.35534407992404,0.2676492444884817,0.7441169185038392,-0.4764676740153575,0.4058465774653641,26.211216716038944,3.4764999999999873,120.439028031254,94.95970742582796,25.47932060542604,160.78,151.325,156.0525,150.55,99.99999824514211,36.68968449436513,54.584558274490526,17.252290621102347,105.85843977351509,140.3575,153.58999999999997,100.0,24.0,76.0,154.85044007685505,142.7683277648,0.0,0.0,34346.433647989936,7042.039999999991,14.549394884686144,182.0590377405528,-4879958.939677579,-2625702.4848484085,128.77816882290128,157.5358810784713,79.14478960573464,21.212075153813558,150.4035,166.45357822410747,134.35342177589254,21.342692456103034,0.8316650502054499,0.0,0.0,158.65866666666665,156.35966666666667,160.95766666666668,-2.8980452795939375,-0.020081194722342034,1.0,0.0,138.59,164.06,151.325,16.934446339347154,0.881821751079702,5.706536682864952,1.5727097483978627,66.6616757841957,0.5089980340657917,0.3951111927508728,0.5327832170626238,29.66853396361884,18.093642455488133,66.40625000000013,62.35554911986495,-33.59374999999987,13.694941176470593,4.993806636677766,2.999861730660909,2.577349926615975,0.42251180404493427,3.201726558267011,2.6372352498204354,0.5644913084465757,154.85106555051757
164.5,2022-11-14,169.43,164.41,165.94,1865500,4.937705802273797,4.0481716462060415,0.8895341560677554,156.865,148.5773076923077,156.33413550590717,151.39642970363337,0.27542696915625814,0.7022686719347436,-0.4268417027784855,0.42741787687468386,26.513971952650934,3.5544999999999902,126.63453455770875,101.80567479291956,24.828859764789186,161.72,152.265,156.9925,151.49,99.99999912257105,37.9958583732262,52.79348615103763,15.337638257500426,128.71297143926517,140.3575,153.58999999999997,100.0,20.0,80.0,156.32396966455823,142.7683277648,0.0,0.0,34346.433647989936,7206.539999999991,14.299732629376509,235.01060377761635,-5176656.534954415,-1714112.1389510222,132.21014646959483,158.64561755034012,79.38955999232248,21.654624501946518,151.7855,167.660866420967,135.91013357903302,20.91815940385214,0.8976128696886797,0.0,0.0,159.51299999999998,157.022,162.004,-3.1232564117031214,-0.4829385788839836,1.0,0.0,140.93,165.94,153.435,16.47719973251726,0.9388244702119152,5.9738830145784565,1.5727097483978627,69.76851650963982,0.7078728801059178,0.49251648974571904,0.4681892022756952,31.509887826458094,22.474298153804217,83.74070138150901,71.13916644223819,-16.259298618490984,14.591529411764725,6.8429945412009365,3.261441377408715,2.714168216774523,0.5472731606341918,3.2989805805525165,2.769584315966852,0.5293962645856647,155.30458346979813
168.84,2022-11-15,170.36,166.51,167.76,2294200,5.383699691092829,4.3152772551834,1.0684224359094294,157.79583333333332,149.61384615384617,157.899653120383,152.51595342929016,0.2991808607463274,0.682486022623846,-0.38330516187751856,0.4521929733542867,26.658077255990282,3.858000000000004,131.27609655885584,108.34325652884496,22.93284003001088,162.63,153.175,157.9025,152.39999999999998,99.99999956128553,39.405836548385835,52.909646510667955,14.176873380271266,141.96953868147588,140.3575,153.58999999999997,100.0,16.0,84.0,158.05485512493775,142.7683277648,0.0,0.0,34346.433647989936,7375.379999999991,14.166232552090044,252.08966038081388,-2117389.2442549346,-1598304.6010266023,134.36673061897747,159.62454544641056,79.6548058945868,21.654624501946518,153.202,169.02418771219595,137.37981228780404,20.65532788370381,0.9205486700724075,0.0,0.0,160.462,157.803,163.121,-3.3141803043711358,-0.6372696502444479,1.0,0.0,140.93,167.76,154.345,17.51282620331326,0.9534103615355944,5.971494713120612,1.5727097483978627,71.55286028459416,0.8220921545671064,0.6796543562462719,0.5224273462476212,33.58731956309178,21.11467599391227,88.0611270296084,79.40269280370583,-11.938872970391596,14.908500000000004,7.190678511651852,3.529925604529518,2.8773196943255224,0.6526059102039956,3.551017972791132,2.925871047331708,0.6251469254594237,155.98463631248376
166.3,2022-11-16,167.96,162.26,163.88,2996100,5.332741060497,4.51877001624612,0.8139710442508798,158.22916666666666,150.42346153846154,158.57047571724715,153.23773465675015,0.35748281332628334,0.6640666314119519,-0.30658381808566854,0.47122703063183025,26.87664704460555,2.836999999999989,133.14497424030264,114.12758523179258,19.017389008510065,162.79,153.175,157.98250000000002,152.39999999999998,99.99999978064277,39.81299295458093,52.909646510667955,20.015852014028436,100.38253447520289,140.3575,153.58999999999997,96.0,12.0,84.0,159.9958840999502,142.7683277648,0.0,0.0,34346.433647989936,7209.079999999991,14.069265096935979,115.1089946121262,7703668.069753482,-1047308.6938795431,130.1220906574136,160.3164536732676,72.22400957396864,21.101912027420827,154.363,169.2373727262686,139.4886272737314,19.271940460173234,0.7654565723653558,0.0,0.0,161.27,158.203,164.337,-3.8035592484652976,0.3386044995109232,1.0,1.0,140.93,167.76,154.345,17.381108167112576,0.7950055907566156,5.637345241808551,1.7142796341390594,63.39746056359222,0.30004934412400125,0.6100047929323418,0.5940585463081108,32.49827366929795,12.437666316610345,46.39376218323582,72.73186353145105,-53.60623781676418,15.064882352941197,3.310836622946637,3.480044306607799,2.997864616781978,0.48217968982582127,3.576230287361687,3.0559428953377044,0.5202873920239828,156.3569166906513
163.7,2022-11-17,165.43,161.24,165.43,2616200,5.150676708201161,4.645151354637129,0.5055253535640318,158.56583333333336,151.2923076923077,158.9811717607476,153.83049505254644,0.3847413675446986,0.6338201173740966,-0.24907874982939798,0.4832028471653066,26.4840031883053,-2.5149999999999864,134.58933635099416,119.01820181151963,15.571134539474528,164.535,153.175,158.85500000000002,152.39999999999998,99.99999989032139,39.32744226791756,48.852192123126514,24.60131020529445,87.4711075217913,140.5475,153.58999999999997,92.0,8.0,84.0,161.54870727996015,142.7683277648,0.0,0.0,34346.433647989936,7045.379999999991,2.4954814242592294,74.81142395325146,-0.0,-734212.3295059816,129.09303851887051,160.82826212028965,64.95617718653196,20.969261033534664,155.575,168.40212204666196,142.74787795333802,16.489952815891975,0.7208211623539607,0.0,0.0,162.26766666666668,159.68066666666667,164.85466666666667,-3.188558821535615,0.6986213116866371,1.0,1.0,143.74,167.76,155.75,15.4394986340993,0.728559533721899,5.390610717627697,1.9116117457650568,61.58329426535173,0.18392107262975324,0.43535419044028695,0.5750044465396336,31.04584935871194,6.747403270990389,36.45224171539973,56.96904364274797,-63.54775828460027,14.960499999999996,2.5699745547073922,3.348280655562968,3.0679478245381757,0.2803328310247921,3.4241149604603534,3.1295773083622342,0.2945376520981191,156.6508302916273
163.36,2022-11-18,165.76,159.67,164.33,1965500,4.824094361437176,4.680939955997139,0.1431544054400371,159.11666666666665,152.22538461538463,159.08714533601722,154.26305097458004,0.3743902439024401,0.5873983739837404,-0.21300813008130032,0.48683841075679535,26.235625289705848,-4.6699999999999875,133.31523712089432,122.90251817883752,10.412718942056799,164.535,153.175,158.85500000000002,152.39999999999998,99.9999999451607,38.876573773158725,45.21252668254025,22.768423396005,69.83219344470616,141.675,153.58999999999997,88.0,4.0,84.0,162.79096582396812,142.7683277648,0.0,0.0,34346.433647989936,6882.019999999991,2.805853029455532,27.484763388500753,337016.40548481815,-647877.4488077629,127.50239599840411,161.1991971709199,57.77599297744308,20.765082542945173,156.64,166.84536917509405,146.43463082490592,13.030348793531745,0.6484512685437503,0.0,0.0,162.96266666666668,160.37066666666664,165.55466666666666,-3.1810966929030937,1.135159465020572,0.0,1.0,149.99,167.76,158.875,11.344484167517866,0.544738323016319,5.303549645864925,2.204446119755919,58.79444101482171,0.005401216016125885,0.16312387758996014,0.402827620320863,28.976936221460264,10.21965990555626,21.150097465886837,34.665367121507444,-78.84990253411317,14.184470588235314,4.318567881876378,3.1271871851102606,3.079795696652593,0.04739148845766783,3.248299747276015,3.153321796144991,0.09497795113102425,156.7341153303434
165.24,2022-11-21,166.15,159.36,164.32,3449000,4.488520222389184,4.642456009275548,-0.15393578688636378,159.7325,153.13538461538462,159.12912297662996,154.64060275424077,0.3715762273901817,0.5554263565891475,-0.18385012919896582,0.483359388117416,26.13391476478621,-2.73599999999999,130.24252091397148,125.65155723082552,4.590963683145958,164.535,153.175,158.85500000000002,152.39999999999998,99.99999997258035,38.45791017088266,40.34161909698495,20.315499519190062,61.428707810072865,141.51,153.58999999999997,84.0,0.0,84.0,163.7847726591745,142.7683277648,0.0,0.0,34346.433647989936,6716.779999999992,3.0709910350171334,16.240597190144122,-210421.20551924364,-624049.1633359259,127.18158181915945,161.52422102578385,57.99358080325388,20.765082542945173,157.386,165.96709410273297,148.80490589726702,10.90452022763521,0.6150202978995023,0.0,0.0,163.461,161.17299999999997,165.749,-2.7994445158172416,1.3961975524475418,0.0,1.0,155.1,167.76,161.43,8.04391750219206,0.3364928909952623,5.421194681278434,2.485283920019454,58.23367246365391,0.0,0.06310742954862637,0.2205284991929578,27.16078261516178,5.545938327732411,18.128654970760383,25.243664717348963,-81.87134502923962,13.046088235294121,4.862801868789902,2.9025496166245985,3.044346480646994,-0.14179686402239566,3.1655395018490613,3.155765337285805,0.009774164563256083,156.77336734923585
152.37,2022-11-22,156.18,147.11,154.39,7395500,3.197246806070808,4.3534141686346,-1.1561673625637923,159.10416666666666,153.53307692307692,157.2800271340715,154.0827803280007,0.4802266847357408,0.6222742392509547,-0.1420475545152139,0.45818259928716726,26.023920648014766,-0.620000000000033,118.06887041687078,126.80515860566331,-8.736288188792528,161.97,154.345,158.1575,152.39999999999998,49.99999998629018,36.115917835786135,37.37607962732573,41.869306894855484,-127.78015382060346,140.745,153.58999999999997,80.0,8.0,72.0,163.7847726591745,167.76,0.0,1.0,34346.433647989936,6564.409999999992,3.451252027170967,-252.7269881227336,11688980.770493016,210878.03455643237,115.468902978798,161.2524686482949,58.11263591647389,19.168871064838505,157.29000000000002,166.27626730071833,148.3037326992817,11.42636823792779,-0.0664198303552731,0.0,1.0,162.53866666666664,160.31666666666666,164.76066666666665,-2.7341186507415602,3.9717971797179756,0.0,1.0,156.18,167.76,161.97,7.362197215334721,-0.7832469775474962,5.376075213150594,3.921386432209815,41.42126738690899,0.0,0.0018004053387086283,0.07601057082576505,18.895716464602284,-16.62710426182014,-78.32469775474962,-13.015315106034153,-178.32469775474962,9.91902941176474,-4.875525379890068,2.07501889520992,2.85048096355958,-0.7754620683496598,2.4283308461358146,3.0102784390558073,-0.5819475929199927,156.09521283824535
150.14,2022-11-23,152.41,149.19,151.6,2751300,2.315055419427381,3.9457424187931567,-1.6306869993657758,158.48083333333332,153.95653846153846,156.0354075749836,153.7203521555562,0.46153846153846256,0.6289162501523831,-0.1673777886139205,0.4216653354391629,25.827160344264772,2.480000000000018,110.71364813701754,126.49158292531885,-15.777934788301309,160.08499999999998,154.345,157.21499999999997,152.39999999999998,24.99999999314509,34.654698846478254,33.618309889160244,46.101520064709746,-144.1171014688278,140.535,153.58999999999997,76.0,4.0,72.0,163.7847726591745,167.5284,0.0,0.0,34346.433647989936,6714.549999999992,3.652042564106641,-172.01010410520058,1769548.4214732975,-388000.37489877595,117.59174438998687,161.07213755811514,58.32884265859144,19.439901258672123,157.07999999999998,166.60137595098308,147.55862404901688,12.122964032318691,0.0856691280431307,0.0,0.0,161.789,159.582,163.996,-2.728244812688141,3.3543271409152604,0.0,1.0,152.41,167.76,160.08499999999998,9.772090654443593,-0.20977198697068405,5.368467691835533,4.723875812377392,44.35868041446946,0.09748615141372555,0.03249538380457518,0.03246773956397006,13.52852520346424,-19.141062591834118,-20.977198697068403,-27.057747160352566,-120.9771986970684,6.895294117647069,-4.774366502840359,1.5060175096949278,2.5815882727866497,-1.075570763091722,1.7094598293859842,2.7501147171218427,-1.0406548877358586,155.93915081620273
151.33,2022-11-25,151.78,148.53,150.75,1553200,1.544847861009572,3.46556350723644,-1.920715646226868,157.56166666666667,154.32153846153847,154.8807294865246,153.33588162551501,0.4882569506157176,0.5922305446235875,-0.10397359400786987,0.37761070264906255,25.76537333054883,-2.782499999999999,100.5588466091301,124.28267387841616,-23.723827269286062,159.76999999999998,154.345,157.0575,152.39999999999998,12.499999996572544,33.41051064468983,32.39949540801052,45.89425663491732,-144.38439207308673,140.29999999999998,153.58999999999997,72.0,0.0,72.0,163.7847726591745,166.923664,0.0,0.0,34346.433647989936,6563.219999999992,3.854410169826966,-161.705489233029,503667.4816625887,-224082.94973800314,116.92227726752559,160.68278773848294,51.84177765480642,19.439901258672123,156.8125,166.95857682801386,146.66642317198614,12.940392925326567,0.09183731109094437,0.0,0.0,160.78933333333333,158.84633333333335,162.73233333333332,-2.41682698686478,3.6547435237605335,0.0,1.0,151.78,167.76,159.76999999999998,10.190514149063365,-0.20337922403003766,5.09062092265198,5.51866156765128,43.611388567598965,0.0726852107728507,0.056723787395525416,0.030339858846269743,9.15123890182525,-28.183242662969217,-20.337922403003766,-39.879939618273944,-120.33792240300377,3.8040588235294024,-6.912760090248184,1.0074927307507064,2.266769164379461,-1.2592764336287547,1.1841026372376293,2.436912301145,-1.2528096639073707,155.53020297721375
147.8,2022-11-28,151.1,147.68,150.87,3804800,0.8559975191037381,2.9436503096098994,-2.0876527905061613,157.0325,154.7323076923077,153.77292495013617,152.91692743103243,0.5133646742780398,0.5627938213566149,-0.04942914707857515,0.3286942576649062,25.299594466741695,0.9504999999999768,87.2909404394129,119.91116342082776,-32.620222981414855,159.43,155.75,157.59,152.39999999999998,6.249999998286272,32.38096316034392,30.606998504219934,44.962894620619664,-136.00609926176594,140.29999999999998,153.58999999999997,68.0,0.0,68.0,163.7847726591745,166.01504416,0.0,0.0,34346.433647989936,6415.419999999992,5.136911361701219,-156.55184791402473,43572.39512855033,208335.0301016787,116.07645487474299,160.14050751767726,45.234335061192475,19.328651571269774,156.42950000000002,167.31999948349298,145.53900051650706,13.92384362731193,0.09829666154147115,0.0,0.0,159.39299999999997,157.664,161.12199999999999,-2.1694804665198593,3.887218045112778,0.0,1.0,151.1,167.76,159.43,10.650165090344208,-0.20528211284513734,4.8385588303867815,6.291435231353661,42.615661006134815,0.03963924586667258,0.06993686935108294,0.05305201351706118,5.363823164904345,-23.03746692440242,-20.528211284513734,-20.61444412819532,-120.52821128451373,0.7349999999999852,-4.122573524638054,0.5597794393886213,1.9253712193812933,-1.365591779992672,0.5776481722695608,2.065059475369912,-1.4874113031003513,154.58226845273268
146.5,2022-11-29,148.03,143.86,147.81,3196700,0.0018156555695441057,2.355283378801828,-2.353467723232284,155.90583333333333,154.94346153846155,152.24785957319216,152.24604391762261,0.6144023756495927,0.5536748329621378,0.06072754268745484,0.27312973723001155,24.558569239023964,5.280500000000018,70.40261046455004,113.14744274368266,-42.74483227913262,156.73000000000002,157.89499999999998,157.3125,152.39999999999998,3.124999999143136,31.96733602865915,30.50602255766129,52.60553918153285,-157.32865605453827,140.26999999999998,153.58999999999997,64.0,100.0,-36.0,163.7847726591745,164.8218406272,0.0,0.0,34346.433647989936,6268.919999999992,6.768263179390941,-214.13444106916393,460273.0375426594,652938.0397847109,112.28697762663899,159.12723206322224,38.45586974483844,18.828682387885088,155.7695,167.95061402951146,143.58838597048853,15.639921845433753,0.011148981482869183,0.0,0.0,157.39033333333333,155.98833333333334,158.79233333333335,-1.7815579525214393,5.325368521160243,0.0,1.0,148.03,167.76,157.89499999999998,12.666150947393417,-0.21135326913329902,4.389702947348103,7.266292066787306,38.37513570612946,0.0,0.03744148554650776,0.054700714097705376,0.7267910792840273,-34.83834813781413,-21.1353269133299,-20.66715353361582,-121.1353269133299,-2.870941176470609,-8.59067225822848,0.0011925798022880134,1.5405354914654923,-1.5393429116632042,0.025666972547850737,1.6571809748055,-1.6315140022576493,151.981084187453
150.29,2022-11-30,150.82,145.52,146.22,4295000,-0.5350141880036574,1.777223865440731,-2.3122380534443883,154.61166666666668,154.985,151.2128042542395,151.74781844224316,0.5432745314222722,0.5504410143329658,-0.00716648291069355,0.21722178629923627,24.09732956839173,9.224500000000006,52.79909570230548,104.22012290612741,-51.421027203821936,156.73000000000002,157.89499999999998,157.3125,152.39999999999998,1.562499999571568,31.583253692094726,28.65764365510332,49.41813680559078,-123.26311515187564,141.2825,152.595,60.0,96.0,-36.0,163.7847726591745,163.14265656448,0.0,0.0,34346.433647989936,6419.209999999992,6.599092020497631,-147.90360663071203,-1836449.5309068938,430337.45345664996,114.02117337250301,158.38048145644632,45.02525976864402,18.828682387885088,155.1855,168.13217907225484,142.23882092774514,16.685423666843686,0.12671894676398304,0.0,0.0,155.32133333333334,153.7193333333333,156.92333333333335,-2.0628203037144734,3.559092800665795,0.0,1.0,148.03,167.76,157.89499999999998,12.713816690347999,-0.12721743537759717,4.646732652613291,7.955599151129283,41.11714364055509,0.08264605150786733,0.040761765791513305,0.049380040229701334,-2.2162852739545613,-22.459121014318413,-12.721743537759718,-18.128427245201138,-112.72174353775972,-4.3949705882353385,-9.642968022353307,-0.3525679601168629,1.1619148011490212,-1.5144827612658842,-0.21428432348066642,1.2828879151482666,-1.497172238628933,150.3106766038821
149.72,2022-12-01,150.07,146.35,148.58,3059300,-0.8832995162959776,1.2451191890933895,-2.1284187053893673,153.10666666666665,154.88192307692307,150.46468052281804,151.34798003911402,0.5980435749221884,0.5998221431747444,-0.0017785682525559565,0.1641684973987315,23.82710542580702,11.659999999999997,40.549602091042885,93.7712635439106,-53.22166145286772,156.18,157.89499999999998,157.0375,152.39999999999998,0.781249999785784,30.52919771387175,32.4383213839245,45.56322882740827,-100.50671033974847,143.6575,152.595,56.00000000000001,92.0,-35.99999999999999,163.7847726591745,161.63139090803202,0.0,0.0,34346.433647989936,6568.929999999992,6.795733372071668,-109.02200568346781,-801128.7737109234,534623.0251796021,114.87512884254147,157.55284085173264,44.40073677343891,18.93607522998201,154.85,168.33613806840054,141.36386193159944,17.418324918825377,0.18486159800201066,0.0,0.0,153.68466666666666,152.34166666666667,155.02766666666668,-1.7477345386874468,3.2307024075452935,0.0,1.0,148.03,167.76,157.89499999999998,12.741362608976422,-0.08514951849974697,4.637059387351959,8.580725179025862,42.494904206224916,0.12417272590084585,0.06893959246957106,0.04904761460253071,-4.1968178936826375,-22.850024359410693,-8.514951849974697,-14.124007433688126,-108.5149518499747,-5.211117647058813,-10.984733288729398,-0.583621609001785,0.8128075191188601,-1.3964291281206451,-0.4302992790748525,0.9402504763036428,-1.3705497553784953,149.5194399529908
151.2,2022-12-02,151.24,148.72,149.05,1809300,-0.9570467163393062,0.8046860080068503,-1.7617327243461565,151.62416666666667,154.7023076923077,150.1962681346922,151.1533148510315,0.6472911072500398,0.5796872531985466,0.06760385405149316,0.11803969980762842,23.64293476976902,7.572499999999991,28.917606155275966,82.171526769953,-53.25392061467704,156.175,157.89499999999998,157.035,152.39999999999998,0.390624999892892,29.414639674674785,31.401065454328048,42.418993596827825,-80.21311232795611,146.3225,152.595,52.0,88.0,-36.0,163.7847726591745,160.2712518172288,0.0,0.0,34346.433647989936,6720.129999999992,6.803960906306833,-42.25543344297232,-1187698.412698422,798355.9199638276,117.32367001097332,156.53325602727162,43.67058482866149,18.93607522998201,154.6875,168.38519305394024,140.98980694605976,17.710148594993445,0.28217134898188545,0.0,0.0,152.24833333333333,150.68633333333335,153.81033333333335,-2.0519108036212734,1.629428083653443,0.0,1.0,148.03,167.76,157.89499999999998,12.754747474747468,0.034972123669538675,4.662353448616765,9.043358254251688,46.35475942937781,0.24051148246699933,0.1491100866252375,0.08627048162877397,-4.742623456634805,-0.00840851664341161,3.4972123669538675,-5.913161006926868,-96.50278763304613,-5.698499999999996,-10.684043000420392,-0.6331629030316136,0.5236134346887653,-1.156776337720379,-0.5184092540077336,0.6485185302413676,-1.1669277842491013,149.42146296791452
147.84,2022-12-05,150.78,147.82,150.7,2220900,-1.075714218181389,0.4286059627692025,-1.5043201809505915,150.42083333333332,154.46923076923076,149.83068842166261,150.906402639844,0.7199508685734344,0.5801017722407434,0.13984909633269094,0.0771150258415431,23.312237758834986,6.8940000000000055,16.21712372092501,69.50203819294785,-53.28491447202284,151.20999999999998,157.89499999999998,154.55249999999998,152.39999999999998,0.195312499946446,27.903930747645436,34.085036709498176,40.22668880951542,-71.65162777556932,146.3225,152.595,48.0,84.0,-36.0,163.7847726591745,159.04712663550592,0.0,0.0,34346.433647989936,6572.289999999992,10.07650757569509,-55.226942951119256,-32196.969696973898,1165817.317482216,116.42899545476028,155.31224128549067,42.792804695827506,18.8214809070464,154.346,168.3671460301918,140.3248539698082,18.16846051104894,0.2672800787486435,0.0,0.0,150.89966666666666,149.47266666666664,152.32666666666665,-1.891322932014438,1.5790703106750663,0.0,1.0,148.03,167.76,157.89499999999998,12.782968136524426,-0.01064368981246873,4.402118103755088,9.527940663833022,45.11631325958349,0.20318384214418536,0.18928935017067686,0.13577967642182848,-5.5466282855251094,-9.781198196421188,-1.064368981246873,-2.027369488089253,-101.06436898124687,-6.113823529411775,-8.899297423887587,-0.7128353730283454,0.2763236731453432,-0.9891590461736885,-0.7573848727759559,0.36733784963790295,-1.1247227224138587,149.2343272010638
145.09,2022-12-06,148.98,144.55,147.28,1603900,-1.4172831815256473,0.05942813391023255,-1.4767113154358797,149.03,154.05423076923077,149.0182748183299,150.43555799985555,0.8210727969348663,0.5816091954022982,0.23946360153256818,0.03705668002408789,23.158354327642233,5.930000000000007,1.5271672559572347,56.55296006395746,-55.02579280800022,149.815,157.89499999999998,153.855,152.39999999999998,0.097656249973223,26.918840947701636,34.085036709498176,45.28647971258743,-88.5424004758996,147.4475,152.595,44.0,80.0,-36.0,163.7847726591745,157.94541397195533,0.0,0.0,34346.433647989936,6427.199999999992,10.268777740594595,-115.11513681524471,3058101.8678061683,1535495.2540580092,113.2193871473594,153.73480800106626,35.120332776673635,18.40512153371369,153.73999999999998,168.34259292043586,139.1374070795641,18.99647836663963,0.1853298571673923,0.0,0.0,149.26566666666668,147.85166666666666,150.67966666666666,-1.8946084944740604,2.1674917491749097,0.0,1.0,148.03,167.76,157.89499999999998,12.833355014960318,-0.17638114546376035,4.077906293379579,9.964477035274186,40.84633357198226,0.09875972276476037,0.18081834912531503,0.17307259530707644,-7.516614795380318,-20.99541040578703,-19.999999999999936,-5.855718871430999,-119.99999999999993,-6.30241176470588,-10.351029521210615,-0.9421198022391808,0.0326349780684384,-0.9747547803076192,-1.082095734113365,0.07745113288764935,-1.1595468670010143,148.57436032812183
144.99,2022-12-07,145.85,143.33,144.44,1969400,-1.7660647547267274,-0.30567044381715947,-1.4603943109095678,147.66833333333335,153.52615384615385,148.1431556155099,149.90922037023662,0.8044033811676825,0.620994692353056,0.18340868881462646,-0.0023583676646251853,23.135617581366702,6.4315,-8.028935846854178,43.359339621305054,-51.388275468159236,148.36,156.805,152.5825,152.39999999999998,0.0488281249866115,26.65837215620284,34.085036709498176,54.76169498492135,-99.67030160848255,148.3725,152.595,40.0,100.0,-60.0,163.7847726591745,156.9538725747598,0.0,0.0,34346.433647989936,6282.209999999992,10.300915847893027,-123.93980298449546,2902855.369335809,1192580.0611710327,111.99567355344725,152.2525056388535,35.81711857696426,18.249782562623196,152.9285,167.94518175729797,137.91181824270205,19.638826977702596,0.18040542660713893,0.0,0.0,148.46366666666668,147.08766666666668,149.83966666666666,-1.8536521842605582,2.3654312015503964,0.0,1.0,145.85,167.76,156.805,14.326956715066189,-0.11501597444089376,3.800115664041619,10.374889772732482,39.34998246198857,0.04200448533525413,0.11464935008139997,0.16158568312579727,-9.590619193854554,-21.364790537817264,-12.870275791624005,-11.311548257623622,-112.87027579162401,-7.1103529411764725,-10.233606814053973,-1.178089479996633,-0.20950991354457588,-0.9685795664520571,-1.3320566294021912,-0.2044504195703188,-1.1276062098318724,148.37819800211582
144.5,2022-12-08,145.54,142.79,144.84,2305800,-2.0622775000582863,-0.6569918550653848,-1.4052856449929014,146.2875,152.97192307692308,147.31959321312377,149.38187071318205,0.7894209577239035,0.6239230615107186,0.1654978962131849,-0.0403669017637841,23.193159169997593,-5.256500000000017,-17.411334178900855,30.251541755968276,-47.662875934869135,148.20499999999998,156.64999999999998,152.42749999999998,152.39999999999998,0.02441406249330575,26.28914114300134,33.72869810880506,52.19240181877072,-91.34214339026248,149.0025,152.595,36.0,100.0,-64.0,163.7847726591745,155.62140786578863,0.0,0.0,34346.433647989936,6137.709999999992,9.947531839185356,-117.38125970099654,-21799.30795847798,1191022.9677454273,111.45126554395863,150.80031784315864,36.491032521804186,18.181025968861828,152.36650000000003,168.00467543705042,136.72832456294964,20.527052123728495,0.19381018781413806,0.0,0.0,147.796,146.431,149.161,-1.8471406533329657,2.333699633699646,0.0,1.0,145.54,167.76,156.64999999999998,14.58325813088835,-0.12376237623762378,3.641104097637455,10.719417325094454,38.67463806508963,0.014667607660123197,0.05181060525337924,0.11575943482003141,-11.493673566058252,-12.471571974194216,-14.63544438531132,-15.83524005897844,-114.6354443853113,-8.063088235294146,-10.39784136546186,-1.3805406842292962,-0.44371606768152,-0.9368246165477763,-1.5409694412598465,-0.47175422390822436,-1.069215217351622,147.86317377957377
142.31,2022-12-09,143.87,141.6,143.51,2237600,-2.3657800498188237,-0.9987494940160726,-1.3670305558027511,145.82833333333335,152.53115384615384,146.4396557957201,148.80543584553894,0.867871745211965,0.683882074456638,0.18398967075532702,-0.07729094347487549,22.94328045030526,-2.387500000000017,-27.12935412536962,17.53817569321466,-44.667529818584285,147.285,155.815,151.55,152.39999999999998,0.012207031246652875,26.288734532669526,32.93521530515008,56.42114952451431,-95.33610672620455,149.70499999999998,152.595,32.0,100.0,-68.0,163.7847726591745,154.21001076457821,0.0,0.0,34346.433647989936,5995.399999999991,10.422398640006394,-124.80520831513985,379453.3061626171,1194054.1749366983,110.26526582409029,149.29488230620493,37.230351036427564,18.029506808535857,151.57750000000001,167.70880233428065,135.44619766571938,21.284560484611017,0.19074102656929212,0.0,0.0,147.06,145.762,148.358,-1.7652658778729795,2.603235747303544,0.0,1.0,143.87,167.76,155.815,15.760914383731084,-0.09501883633319429,3.3849936878737106,11.071229798886977,37.161053600245005,0.0,0.018890697665125775,0.06178355099996832,-13.529752841595965,-23.59903803515572,-11.100244498777561,-12.868654891904313,-111.10024449877757,-9.420558823529404,-3.745496567194629,-1.5898478683766093,-0.6729424278205378,-0.9169054405560715,-1.8065638028278774,-0.738716139692155,-1.0678476631357223,147.2411540866964
144.22,2022-12-12,144.28,141.11,143.41,1516500,-2.6156948104594733,-1.3221385573047528,-1.2935562531547204,145.155,152.11346153846154,145.61970875022473,148.2354035606842,0.9221935786266705,0.7201781110850712,0.20201546754159927,-0.11243134888727628,22.774616343509244,-2.0504999999999995,-36.59632706808063,5.649404856255698,-42.24573192433633,147.285,155.815,151.55,152.39999999999998,0.006103515623326438,26.28835696593284,30.96318181664869,53.04286900346096,-91.0867089786211,151.26749999999998,152.01999999999998,28.000000000000004,96.0,-68.0,163.7847726591745,152.5556090422457,0.0,0.0,34346.433647989936,5851.179999999991,10.599974339990034,-117.07129284154806,-93502.98155595735,1202405.476648362,109.76619943990953,147.7342708665732,29.176334530160034,18.029506808535857,150.5805,166.71155511118133,134.44944488881868,21.425158119652046,0.20645131596396754,0.0,0.0,146.365,145.00300000000001,147.72700000000003,-1.8611006729751085,2.4291483113068923,0.0,1.0,143.87,167.76,155.815,15.865268079200154,-0.11552951025533664,3.3144943190863403,11.10631471060839,36.5271402793785,0.0,0.004889202553374399,0.025196835157293138,-15.40972693797131,-31.095436027878556,-26.23574144486688,-17.32381010965194,-126.23574144486687,-10.695882352941197,-5.415912594677917,-1.7645547201473144,-0.8912648862858932,-0.8732898338614212,-1.8939147518543684,-0.9697558621245977,-0.9241588897297707,146.6618960969416
144.56,2022-12-13,147.91,143.62,147.91,2220400,-2.5814605652581974,-1.5740029588954418,-1.0074576063627556,144.74583333333334,151.68923076923076,145.31206125019014,147.89352181544834,0.7015730337078658,0.6087640449438209,0.09280898876404498,-0.14146975587803157,22.32586789919114,-1.86099999999999,-43.040688149515724,-4.99946001616888,-38.04122813334684,147.285,155.815,151.55,152.78,0.003051757811663219,24.84247330382372,37.8301558478445,42.69893304367092,-55.49267757313864,152.735,151.82999999999998,24.0,92.0,-68.0,163.7847726591745,151.1659115954864,0.0,0.0,34346.433647989936,5995.739999999992,10.567948354609927,-48.5117367213271,0.0,367478.2787560034,112.33756645854744,147.28941855254493,36.35262952594985,18.029506808535857,149.541,164.61838027642636,134.46361972357363,20.16487822928343,0.30364626044295195,0.0,0.0,146.35633333333334,145.0163333333333,147.6963333333333,-1.8311472684247851,1.5210199004974996,0.0,1.0,143.87,167.76,155.815,15.975551855344012,-0.010464629552113861,3.663044887177705,10.707465583871556,41.986402805946895,0.5555020441109361,0.18516734803697868,0.06964908275182628,-15.60429290388256,-19.807709910171855,-3.234152652005179,-13.523379531883224,-103.23415265200518,-10.610764705882332,-3.3057294822594736,-1.745485896589521,-1.0621090883466189,-0.6833768082429021,-1.9236502762969665,-1.1605347449590715,-0.763115531337895,146.64516502961652
146.5,2022-12-14,148.41,144.71,145.07,1808800,-2.4382689422058093,-1.7468561555575153,-0.691412786648294,144.49833333333333,151.22923076923078,145.21943644246858,147.6577053846744,0.6701523073425781,0.5821777676744722,0.08797453966810598,-0.16353055222759116,22.28884546440425,-4.59099999999998,-45.333821467641286,-14.542062633800453,-30.79175883384083,147.285,155.815,151.55,153.175,0.0015258789058316094,23.499867046150964,36.20866285296584,40.86875235137935,-57.74323334274693,153.29000000000002,148.03,20.0,88.0,-68.0,163.7847726591745,149.99856574020856,0.0,0.0,34346.433647989936,6142.239999999992,10.595444627164628,-18.769345761137444,2667440.273037549,431613.4110105928,113.44942413853632,146.92636946463443,36.50694747755724,18.029506808535857,148.451,161.47610330093286,135.42589669906712,17.548016922665216,0.35639269364827025,0.0,0.0,146.21066666666667,144.99666666666667,147.42466666666667,-1.6606175564026315,1.1180669961559564,0.0,1.0,143.87,165.43,154.65,14.523310722056436,0.03896103896103911,3.7757403984599334,10.365363860076533,44.22969772123701,0.7837663755884406,0.4464228065664589,0.21215978571893732,-15.159808186004343,-12.249101284149647,12.000000000000048,-5.8232980322906895,-87.99999999999996,-10.028823529411767,-2.011105092091007,-1.6512981397440036,-1.179946898626096,-0.4713512411179077,-1.820752672053148,-1.2925783303778868,-0.5281743416752611,146.6264415413377
145.11,2022-12-15,146.71,143.73,145.54,2293100,-2.3764718706723897,-1.8727792985804903,-0.5036925720918994,144.4875,150.6203846153846,144.9902923743965,147.36676424506888,0.7071428571428577,0.6237327188940102,0.08341013824884758,-0.18094150864741465,22.346840283378675,-2.0045000000000073,-50.030549015523086,-23.31407987500035,-26.716469140522737,147.285,155.815,151.55,153.175,0.0007629394529158047,22.69344495709272,35.2765723141828,45.08919908743024,-65.01085776330052,154.805,149.355,16.0,84.0,-68.0,163.7847726591745,149.01799522177518,0.0,0.0,34346.433647989936,5997.129999999992,10.769044378715982,-36.403410652403906,495865.2057060187,431056.1055851235,112.46671527252842,146.56026962445685,36.7091499080741,17.907408013204744,147.52450000000002,159.03708350675356,136.01191649324647,15.607690257216317,0.3352020639948415,0.0,0.0,145.91000000000003,144.728,147.092,-1.6201768213282186,1.4221658206429852,0.0,1.0,143.87,165.43,154.65,14.614521655724982,-0.006493506493507178,3.59816635861394,9.995816019729956,42.633481793839074,0.62134494848236,0.6535377893939122,0.4283759813324499,-15.200497809457564,-6.311303334455309,-2.000000000000211,2.2552824493315335,-102.00000000000021,-9.560647058823548,-0.09036563325456963,-1.6126240423657197,-1.2664823273740207,-0.346141714991699,-1.7949100807402067,-1.393044680450351,-0.40186540028985585,146.53988403462648
142.65,2022-12-16,144.69,142.01,143.87,3587600,-2.4381810383237337,-1.985859646529139,-0.45232139179459474,144.195,150.15807692307692,144.53178585525856,146.9699668935823,0.7805695142378566,0.6597272074659017,0.12084230677195484,-0.19638918432837932,22.249581588412433,-0.21299999999999386,-56.750459913075545,-31.42158916766708,-25.328870745408466,145.89,155.815,150.8525,153.175,0.00038146972645790235,22.430292477126777,35.11238463482172,51.59482760850322,-88.23529411764667,154.8575,149.355,12.0,80.0,-68.0,163.7847726591745,148.19431598629114,0.0,0.0,34346.433647989936,5854.479999999992,11.110636425888096,-66.25406627348903,1060567.8233438393,503698.63617192995,110.75963950546517,146.10836211223446,36.91540008534265,17.693112168337894,146.563,156.42710685262358,136.6988931473764,13.460568973920559,0.26921377332865065,0.0,0.0,145.29533333333333,144.25033333333334,146.34033333333332,-1.438449502851646,2.071929824561426,0.0,1.0,143.87,164.33,154.10000000000002,13.959867087873482,-0.09090909090909154,3.3343497227525467,9.603943626426053,39.911044901328175,0.34432598275340304,0.5831457689414012,0.5610354549672575,-15.96736343234558,-8.963255845683056,-27.23279648609104,-5.744265495363753,-127.23279648609103,-9.048970588235278,-2.4120395821880285,-1.658965494691284,-1.3449789608374734,-0.3139865338538106,-1.8885605438992765,-1.4921478531401362,-0.3964126907591403,145.96905176577562
139.42,2022-12-19,143.0,139.13,142.89,2179700,-2.688486727642328,-2.1263850627517766,-0.5621016648905512,143.59333333333333,149.45615384615385,143.70074187752647,146.3892286051688,0.7336790007070476,0.6033466886636819,0.1303323120433657,-0.2132477990186332,22.042905106055834,3.1839999999999975,-63.67576787103923,-38.66635973733335,-25.009408133705875,145.45499999999998,155.38,150.4175,153.175,0.00019073486322895118,22.5632951239603,34.03992226148665,55.8847103455424,-120.26732732612774,154.8575,149.355,8.0,100.0,-92.0,163.7847726591745,147.50242542848457,0.0,0.0,34346.433647989936,5715.059999999992,14.060927732759467,-114.15057109156194,105329.22105868532,478345.5064230746,107.93216538392444,145.77208202511773,37.12907433796852,17.334291218793403,145.536,153.88901717943745,137.18298282056256,11.478970398303435,0.11654574255099072,0.0,0.0,144.486,143.43800000000002,145.53400000000002,-1.4506595794748307,3.0553435114503884,0.0,1.0,143.0,164.32,153.66,14.649296394019345,-0.181519699812383,3.099914750477293,9.054776950741857,35.78991409445766,0.0,0.321890310411921,0.5195246229157449,-17.83037702014249,-16.26624465078262,-50.25974025974039,-26.497512248610565,-150.2597402597404,-8.77014705882354,-4.933378886231636,-1.836533161120436,-1.443289800894066,-0.3932433602263701,-2.118676848144752,-1.6174536521410596,-0.5012231960036924,144.90833771976983
139.21,2022-12-20,139.87,137.4,139.12,1967300,-2.9919628463091215,-2.2995006194632457,-0.6924622268458758,142.65,148.54653846153846,142.73139697329162,145.72335981960074,0.9168737917702294,0.7072631869649268,0.20961060480530258,-0.23222185052226568,21.779960770529843,3.3819999999999766,-68.19878206628196,-45.35189820615866,-22.846883860123306,143.89,153.815,148.8525,153.175,9.536743161447559e-05,23.309360132443278,34.03992226148666,67.58423151680432,-182.80447391046286,156.0525,150.55,4.0,100.0,-96.0,163.7847726591745,146.69198885135734,0.0,0.0,34346.433647989936,5575.849999999992,14.089214019159757,-132.24810379276718,1858702.6794052087,742284.9500167962,106.20117063081585,145.16352384757545,29.954925492087284,17.11874946785175,144.43800000000002,150.76008699718523,138.1159130028148,8.754049484464211,-0.05661998981772539,0.0,1.0,143.67199999999997,142.719,144.625,-1.3266328860181569,3.7906610703042873,0.0,1.0,139.87,154.39,147.13,10.05275619989198,-0.1701101928374657,2.8639232754295643,8.647357578614592,33.54892274705817,0.0,0.11477532758446768,0.33993713564593,-20.080597814683863,-20.831803713916123,-22.807017543859672,-33.433184763230386,-122.80701754385966,-9.865352941176468,-7.611619150080684,-2.053179977467609,-1.5652678362087749,-0.4879121412588343,-2.2894130888572435,-1.7518455394842967,-0.5375675493729468,143.91054624580994
140.18,2022-12-21,141.01,137.34,140.66,2066700,-3.2004189182411267,-2.479684279218822,-0.7207346390223046,141.77666666666667,147.5053846153846,141.9019512850929,145.10237020333403,0.9001984689537855,0.6705415367167562,0.22965693223702932,-0.2515001645626375,21.483733046877372,0.6005000000000109,-70.77070053549402,-51.280716690224565,-19.48998384526945,143.89,153.815,148.8525,153.175,4.7683715807237794e-05,23.455915423091536,35.571109177153964,59.74413656410125,-143.596563886588,156.9925,151.49,0.0,96.0,-96.0,163.7847726591745,145.32759108108587,0.0,0.0,34346.433647989936,5435.669999999992,14.631362757757818,-114.55706039380048,-334569.8387787049,775610.5882262404,106.13995665701673,144.54667461269312,29.3234257696555,17.11874946785175,143.9495,150.853314815012,137.045685184988,9.591995547066155,0.021315375839168527,0.0,0.0,143.185,142.338,144.032,-1.1830848203373374,3.950413223140461,0.0,1.0,139.87,151.6,145.735,8.148691034008447,-0.2156862745098042,2.938530947886606,8.275777798203762,33.470645877815926,0.0,0.0,0.1455552126654629,-21.950293227711544,-20.474132706988645,-23.36103416435831,-32.14259732265281,-123.36103416435832,-10.529735294117643,-7.089703693681498,-2.2056282841943475,-1.6933399258058894,-0.5122883583884581,-2.3458395828702665,-1.8706443481614907,-0.4751952347087758,143.16002553265204
140.05,2022-12-22,140.77,137.77,139.8,1657400,-3.2929651977520393,-2.642340462925466,-0.6506247348265735,141.21166666666667,146.4,141.2662664720017,144.55923166975373,0.9446909198462,0.6240757172434194,0.32061520260278065,-0.2691762647974108,21.178547605187102,-0.048499999999961574,-73.79020940803801,-56.465256166076614,-17.324953241961396,143.89,152.65,148.26999999999998,153.175,2.3841857903618897e-05,23.642954143669183,32.50667251779003,55.43768723501257,-132.23831793467866,157.9025,152.39999999999998,4.0,92.0,-88.0,163.7847726591745,144.2360728648687,0.0,0.0,34346.433647989936,5575.719999999992,14.572916633295453,-89.58869462325742,380935.38022133725,887655.8591490804,106.57844143930885,143.80468285965355,21.796155087388826,17.17234683403186,143.37849999999997,150.34292179940152,136.41407820059842,9.714736587984321,0.09734632956307294,0.0,0.0,142.6906666666667,141.81666666666666,143.56466666666665,-1.2250275654562715,3.3150266971777316,0.0,1.0,139.87,150.87,145.37,7.672001032232867,-0.1909090909090904,2.987677853097946,7.9772623670987555,34.647490228817446,0.10105426442489551,0.0336847548082985,0.049486694130922056,-23.218229916714268,-32.445181544829396,-19.3905817174515,-21.852877808556514,-119.39058171745148,-11.262,-4.690418540297475,-2.2779349057933804,-1.8102589218033878,-0.46767598398999266,-2.372024476358938,-1.9709203738009804,-0.4011041025579578,142.68899527758555
141.91,2022-12-23,142.33,139.23,140.15,1023100,-3.2114790612121453,-2.756168182582802,-0.4553108786293434,140.86999999999998,145.51423076923078,140.95299470707835,144.1644737682905,0.8818507298264943,0.6031396309556601,0.2787110988708341,-0.282645595103684,21.311904359283247,-0.12350000000000705,-76.55814009949717,-60.90545761401178,-15.652682485485386,143.89,152.65,148.26999999999998,153.175,1.1920928951809449e-05,23.68346740610778,31.040488620401806,50.87149418517111,-96.17115822942334,157.98250000000002,152.39999999999998,0.0,88.0,-88.0,163.7847726591745,143.36285829189495,0.0,0.0,34346.433647989936,5717.629999999992,14.43307764528937,-47.19193824850679,-1467056.58515961,785165.886616035,108.0823145611786,143.13469059162628,21.19721622001208,17.17234683403186,142.9135,149.67905178828602,136.14794821171398,9.468037362860777,0.22777534521443774,0.0,0.0,142.44833333333332,141.39233333333334,143.50433333333334,-1.482642829563932,2.0238320707070816,0.0,1.0,139.87,150.87,145.37,7.696963547880362,-0.05818181818181953,3.144910067788152,7.460677643543557,38.61773869808885,0.47839650697661196,0.19315025713383582,0.0756116706473781,-23.274038572619048,-29.350817096868894,-7.960199004975316,-16.90393829559506,-107.96019900497532,-11.402647058823533,-2.8605316402707195,-2.2276494182428195,-1.8937370210912743,-0.3339123971515452,-2.2630175418911676,-2.029339807419018,-0.23367773447214946,142.58735954584148
142.17,2022-12-27,142.74,141.48,142.35,1318700,-2.9315514150773083,-2.7912448290817036,-0.14030658599560475,140.76083333333332,144.7542307692308,141.0340724444509,143.96562385952822,0.7382307294361088,0.5889808587687535,0.1492498706673553,-0.28924748947314033,21.37152480873986,-1.0035000000000025,-77.22675482340055,-64.70390946666565,-12.522845356734905,142.70499999999998,152.10000000000002,147.4025,153.175,50.00000596046448,22.91379763107569,35.15227413301169,45.57227159640934,-52.78102353290099,158.85500000000002,152.39999999999998,0.0,84.0,-84.0,163.7847726591745,142.66428663351596,0.0,0.0,34346.433647989936,5859.799999999992,13.2594538897271,5.247267215565607,-357986.91707112367,541159.5448390854,110.37982587339579,142.7913417893862,28.365672474562757,17.17234683403186,142.6035,149.02653440750402,136.18046559249598,9.008242304717653,0.41254133726207165,0.0,0.0,142.374,141.366,143.382,-1.4159888743731237,0.9434523809523927,1.0,1.0,139.87,150.7,145.285,7.5944840063532695,0.14866112650046054,3.181419061009339,6.892635361050635,44.239782454968854,1.0,0.5264835904671692,0.25110620080310114,-21.74996768269561,-12.927404613467951,20.024875621890384,-2.441968366845496,-79.97512437810961,-10.995588235294122,-0.9174311926605521,-2.0362857024380454,-1.9222467573606286,-0.11403894507741685,-2.137634990420528,-2.05099884401932,-0.08663614640120798,142.58040276607247
141.54,2022-12-28,143.75,141.45,142.41,1335900,-2.6812200522642513,-2.769239873718213,0.08801982145396181,140.74833333333333,144.05346153846153,141.09806129915077,143.77928135141502,0.6139288417865246,0.5738077214231642,0.04012112036336046,-0.290438708604878,21.502244919609037,-1.3729999999999905,-76.2680194919454,-68.14104258047722,-8.126976911468176,142.70499999999998,152.095,147.39999999999998,153.175,75.00000298023224,22.17760858137732,34.22361176950967,44.097697435485244,-39.76921826751209,158.85500000000002,152.39999999999998,0.0,80.0,-80.0,139.87,142.66428663351596,1.0,0.0,34346.433647989936,5718.259999999992,11.526441694378724,3.891057613341926,-506499.9293485921,297634.1663616283,110.34981315074948,142.6461378006649,35.53534041513666,17.168705539113702,142.483,148.89764293628107,136.06835706371893,9.004081801030395,0.4194810989277835,0.0,0.0,141.97966666666667,140.83766666666668,143.12166666666667,-1.6086810552684714,0.7319030939871659,1.0,1.0,139.87,150.7,145.285,7.6009067748433035,0.14589104339796735,3.090277154908406,6.249643991791443,44.18167699358575,0.9946044456798533,0.8243336508854885,0.5146558328288312,-20.503352296213688,-5.812862357379427,19.651741293532158,10.57213930348239,-80.34825870646785,-9.69579411764704,-0.10593220338983451,-1.8648167017270072,-1.9107607462339042,0.04594404450689704,-2.050402730488911,-2.0508796213132383,0.00047689082432711416,142.5485083405701
142.99,2022-12-29,143.95,141.74,142.18,856100,-2.4314023742510074,-2.7016723738247723,0.27026999957376496,140.80083333333332,143.37576923076924,141.1968210992814,143.62822347353242,0.6234969939879749,0.5806613226452901,0.042835671342684734,-0.28699847288104297,21.739903100850015,1.3259999999999934,-76.11175661068926,-71.03895453549568,-5.072802075193579,141.87,147.13,144.5,153.175,87.50000149011612,21.494004463800263,33.31244668636658,42.92364595252576,-33.076954070152766,158.85500000000002,152.39999999999998,0.0,76.0,-76.0,139.9208,142.66428663351596,0.0,0.0,34346.433647989936,5861.249999999992,11.561972980201727,9.259063668579213,18567.732009231928,300517.52635932184,110.64297045014858,142.5180535288352,42.77478652327767,17.168705539113702,142.294,148.5606175884588,136.02738241154123,8.80798570348544,0.4557975261630531,0.0,0.0,141.63566666666668,140.65066666666667,142.62066666666666,-1.3908925953208575,0.44703891708967325,1.0,1.0,139.87,150.7,145.285,7.611002572139363,0.17266851338873568,3.0312494394175653,5.601415123628021,44.93458910300407,1.0,0.9982014818932846,0.7830062410819808,-19.25071230984188,3.8860406886341825,23.25870646766177,20.97844112769475,-76.74129353233823,-8.727294117647062,0.44646020834809397,-1.6928444253152393,-1.8671774820501714,0.17433305673493216,-1.877979628279632,-2.016299622706517,0.13831999442688514,142.51089476718022
141.44,2022-12-30,142.98,140.36,142.56,1055900,-2.318053454163703,-2.6249485898925586,0.30689513572885563,140.52916666666667,143.11615384615385,141.06807939169965,143.38613284586336,0.6050399201596798,0.5741017964071852,0.030938123752494606,-0.2818605184292709,21.90923491546508,2.71550000000002,-75.33386854537882,-73.10377771686271,-2.2300908285161114,141.38,145.735,143.5575,153.815,78.2419475144525,21.156336613663864,32.273037046671,45.27529860365706,-44.87881942541911,158.1575,152.39999999999998,0.0,72.0,-72.0,139.970584,142.66428663351596,0.0,0.0,34346.433647989936,5719.809999999992,11.952871605473092,-19.94754542693201,87598.98190045038,279670.78891202423,109.26589129112503,142.44494666030775,42.8154315978528,17.001548676943695,141.9945,148.02521629244663,135.96378370755335,8.494295613487342,0.3644854175906803,0.0,0.0,141.29966666666667,140.38966666666664,142.20966666666666,-1.2880426705418189,1.016300366300345,0.0,1.0,139.87,150.7,145.285,7.6270559775202456,0.04524469067405446,2.852124495475807,4.811417981734507,42.0293245828802,0.746573716996388,0.9137260542254139,0.912087062334729,-18.88639303847194,4.462336440356176,6.0945273631841985,16.334991708126022,-93.9054726368158,-7.669558823529428,-2.269878846957242,-1.616651072287133,-1.8170722000975639,0.20042112781043087,-1.8080649077293633,-1.9746526797110864,0.16658777198172303,142.39667680861083
140.26,2023-01-03,143.06,139.76,141.62,2142400,-2.250694004475207,-2.5500976728090885,0.29940366833388143,140.11666666666667,142.75346153846155,140.86683640836125,143.11753041283646,0.6271820448877794,0.5670822942643388,0.06009975062344064,-0.27605988841965085,22.1716780908313,2.183499999999981,-74.07700480187722,-74.25947070917805,0.18246590730082346,141.215,145.37,143.29250000000002,153.815,56.36626169366376,20.84278789568007,30.688517871042357,43.052403413592906,-53.277839897296005,157.21499999999997,152.39999999999998,4.0,68.0,-64.0,140.07416064,142.66428663351596,0.0,0.0,34346.433647989936,5579.549999999992,12.105690924538083,-29.12018179451361,441465.8491373082,317882.84824725747,108.6663187633393,142.34143580534442,42.931915750484904,16.928871780348036,141.5465,146.79234130526098,136.30065869473904,7.4121808808567735,0.32972226035427654,0.0,0.0,141.09533333333334,140.1233333333333,142.06733333333332,-1.3777918475924198,1.1868998628257779,0.0,1.0,139.87,150.7,145.285,7.651195896754764,-0.010156971375809216,2.836912045928225,4.67871343888199,40.79433964615088,0.6388459559223575,0.7951398909729153,0.902355809030538,-18.889770027032515,3.0465439967190213,-1.3681592039802706,9.328358208955214,-101.36815920398027,-6.775882352941181,-3.420634372192673,-1.572619369536954,-1.768181633985442,0.195562264448488,-1.7990420240786138,-1.939530548584592,0.14048852450597815,142.3050028476787
140.52,2023-01-04,141.77,137.95,140.55,1542000,-2.316658036719531,-2.503409745591177,0.18675170887164594,139.635,142.34653846153847,140.41809234553645,142.73475038225598,0.6805437553101082,0.5208156329651649,0.15972812234494338,-0.27195032685792897,22.524880696320015,0.9569999999999936,-72.19247930978045,-74.70321484734454,2.510735537564088,141.66500000000002,145.37,143.5175,153.815,36.80508936679091,20.95822560151237,29.703802008777846,46.91055618998071,-93.04430385362755,157.0575,152.39999999999998,0.0,64.0,-64.0,140.1735942144,142.66428663351596,0.0,0.0,34346.433647989936,5439.029999999992,8.608997106585983,-61.294612966726,1024480.500996292,391060.02688984975,106.8464761760468,141.88041481220125,35.63643295146146,16.928871780348036,141.053,145.66388755013423,136.44211244986576,6.537808554421723,0.16351380658701262,0.0,0.0,140.937,139.85399999999998,142.01999999999998,-1.5368568935056064,1.8790397045244687,0.0,1.0,139.87,147.91,143.89,5.69998511197918,-0.23880597014925595,2.7542208413354046,4.738505953139965,37.23946201484869,0.32875390805774957,0.5713911936588317,0.7600857129523869,-19.846038589198145,-5.680140150463838,-33.862433862434216,-9.712021901076781,-133.86243386243422,-6.272735294117638,-4.021429068392125,-1.6230511704510084,-1.7391555412785553,0.11610437082754688,-1.75742427981671,-1.9031092948310158,0.14568501501430586,142.2252953170726
142.56,2023-01-05,143.25,138.55,140.14,1671000,-2.294075349313033,-2.4615428663355483,0.16746751702251528,139.34666666666666,141.9953846153846,140.13069352314622,142.42476887245925,0.6370742601898363,0.5748185371300935,0.06225572305974281,-0.26785046283544234,23.196052689666185,-1.6230000000000189,-69.73361759852456,-74.58798340990349,4.854365811378926,141.66500000000002,145.285,143.47500000000002,153.815,22.712838495115243,21.06541775692808,27.10711271114213,42.80966233239761,-66.90876656472922,157.59,152.39999999999998,16.0,60.0,-44.0,140.269050445824,142.66428663351596,0.0,0.0,34346.433647989936,5581.589999999992,8.503283752769946,-40.318811114336114,-1167122.6150392485,117162.67774150707,107.46652691906965,141.48209323858634,42.96532329401891,16.928871780348036,140.75300000000001,145.19231120783206,136.31368879216797,6.3079454190419355,0.25187592208974185,0.0,0.0,141.122,139.803,142.44099999999997,-1.8693045733478668,1.4749810462471558,0.0,1.0,139.87,147.91,143.89,5.712134022010182,-0.16417910447761125,3.0087987572018653,4.781411552563806,39.13295764100446,0.49392356992378633,0.48717447796796454,0.6179018541999038,-20.162083209116012,-8.807592461959798,-23.28042328042321,-19.503672115612584,-123.28042328042321,-5.744882352941175,-2.436448137455095,-1.6107278021053817,-1.7134699934439206,0.1027421913385389,-1.590569714746207,-1.840601378814054,0.25003166406784705,142.15094140739055
145.83,2023-01-06,146.79,143.65,143.65,1846900,-1.8434014449425433,-2.3379145820569476,0.49451313711440426,139.72333333333333,141.9873076923077,140.67212528881603,142.51552673375858,0.4838326200665704,0.6086543033761281,-0.12482168330955773,-0.2565959330871982,23.600346929659104,-3.3689999999999714,-64.32759841193283,-73.53658218811402,9.2089837761812,142.71,145.285,143.9975,153.815,61.356419247557625,19.612314542721435,34.60841529265773,35.111776081227106,87.21656677131982,157.3125,152.39999999999998,12.0,56.00000000000001,-44.00000000000001,140.36068842799105,142.66428663351596,0.0,0.0,34346.433647989936,5727.419999999992,8.420913439590935,71.68859047342607,-7590002.057189857,-460399.2696081983,112.83450237919236,141.43710739643126,50.49547777983008,16.928871780348036,140.76899999999998,145.24748143905754,136.29051856094242,6.362880235076703,0.821649206232537,0.0,0.0,141.62466666666668,140.0266666666667,143.22266666666667,-2.2566690359965325,-0.13370880267000657,1.0,0.0,139.87,147.91,143.89,5.711484772925853,0.47014925373134386,3.531918881481677,4.69656806118118,52.30502357852982,1.0,0.6075591593271787,0.555374943651325,-16.339070945952,4.241196775635561,94.50000000000003,12.45238095238085,-5.499999999999972,-4.705058823529413,3.2487601523754837,-1.293474112744436,-1.6294708173040238,0.33599670455958774,-1.258593124080897,-1.7241997278674226,0.46560660378652563,142.32107356847814
143.97,2023-01-09,146.68,143.87,145.83,2392800,-1.4517520731999412,-2.1606820802855466,0.7089300070856055,140.26250000000002,141.92384615384614,141.16410601361358,142.61585808681352,0.41853614321323207,0.6295037389530922,-0.21096759573986013,-0.2401874135016821,23.821958742142083,-3.483000000000004,-59.14335283213623,-71.60160582507393,12.458252992937702,143.8,145.285,144.54250000000002,153.815,80.67820962377881,18.92337586947978,39.607427713134015,32.427574352203585,110.84441161989253,157.3125,152.39999999999998,8.0,52.0,-44.0,140.5580471223116,142.66428663351596,0.0,0.0,34346.433647989936,5871.389999999992,8.35823580595032,65.97213469150805,-611064.8051677456,-579801.6002161687,113.05499245924806,141.57917026983847,57.87401153707246,16.95479835042584,140.823,145.4220742546716,136.22392574532842,6.53170896042776,0.8312623183790686,0.0,0.0,142.226,140.64000000000001,143.812,-2.2302532588978083,-0.018284993694827483,1.0,0.0,139.87,147.91,143.89,5.709294646471096,0.4975124378109458,3.4817269933335098,4.5391304455136225,52.77974325083274,1.0,0.8313078566412623,0.6420138313121352,-13.123322033929135,6.097761559996551,67.11409395973145,46.11122355976941,-32.885906040268544,-3.4440882352941173,4.708879184861717,-1.0179457548936997,-1.5071658048219592,0.4892200499282595,-1.0881477861260944,-1.596989339519157,0.5088415533930626,142.49164452305456
145.88,2023-01-10,146.3,142.28,143.97,1897800,-1.2551976984933617,-1.9795852039271098,0.7243875054337481,140.67416666666668,141.7673076923077,141.33578201151917,142.59097971001253,0.4252797893350873,0.6008338819398718,-0.17555409260478444,-0.22266157141679244,24.026947665981393,-3.086999999999989,-54.794586903423045,-69.1091427228542,14.314555819431156,143.8,145.285,144.54250000000002,153.815,90.3391048118894,18.130221201732994,39.458412655989314,33.7352463688,59.540620252032525,157.0375,152.39999999999998,4.0,48.0,-44.0,140.97980335252666,142.66428663351596,0.0,0.0,34346.433647989936,5725.509999999992,7.893581246314015,23.41194402129255,1788867.5623800557,-459548.86155035655,111.44277865511933,141.76361344256082,57.61094531525782,16.95479835042584,140.857,145.4884883137047,136.2255116862953,6.57615640501316,0.6536223243605418,0.0,0.0,142.58733333333333,140.98633333333333,144.18833333333333,-2.2456412678077986,0.5959816781178428,1.0,1.0,139.87,147.91,143.89,5.707916539469101,0.2997512437810944,3.3765542940001594,4.209614192103912,48.98496405216312,0.8034719528644271,0.9344906509548091,0.79111922230775,-11.47404854183251,2.9552492680615114,40.43624161073814,67.35011185682319,-59.56375838926186,-2.2994999999999948,3.5969127712246958,-0.8802784727659906,-1.3817883384107656,0.5015098656447751,-0.8357942118033,-1.4447503139759856,0.6089561021726856,142.48343677459286
147.94,2023-01-11,148.58,146.29,146.64,1969600,-0.7670118186121897,-1.737070526864126,0.9700587082519363,141.3841666666667,141.67384615384614,142.09796939436237,142.86498121297456,0.3097985527087798,0.5665949540387245,-0.2567964013299447,-0.19927772278399034,24.359319589492667,-1.8859999999999957,-47.80787117736993,-65.94690402123472,18.139032843864783,144.20499999999998,145.285,144.745,153.815,95.1695524059447,18.241576183316358,42.72832407465582,28.670477667906134,140.52132451448813,157.035,152.39999999999998,0.0,44.0,-44.0,141.36781908432454,142.66428663351596,0.0,0.0,34346.433647989936,5873.449999999992,7.63617808218734,104.81586630396485,-3245572.529403849,-824139.9478938606,115.61229931859978,142.37087620916864,64.77137791102058,16.95479835042584,141.11599999999999,146.31917749072454,135.91282250927543,7.37432678183134,0.9971961853332351,0.0,0.0,143.08533333333335,141.32933333333332,144.84133333333335,-2.454479378273125,-0.4124905087319555,1.0,0.0,139.87,147.91,143.89,5.697440403639554,0.7985074626865664,3.668898864600145,3.6854460571589893,57.3194878644255,1.0,0.9344906509548091,0.9000963861836269,-7.185831104258974,16.385148172290247,94.03747870528116,67.1959380919169,-5.9625212947188375,-0.49111764705881455,6.1842200769398135,-0.5368788152981832,-1.2128064337882491,0.675927618490066,-0.5145582381812475,-1.258711898817038,0.7441536606357906,142.72100993383947
146.62,2023-01-12,148.27,144.87,147.94,1592500,-0.4890654817410507,-1.4874695178395112,0.9984040360984605,141.85416666666666,141.56038461538463,142.52443564138355,143.0135011231246,0.3169696969696954,0.5800000000000001,-0.26303030303030467,-0.1744553258528412,24.453979335503902,0.3015000000000043,-41.667915982076174,-62.11981061805548,20.451894635979308,144.85500000000002,143.905,144.38,153.815,97.58477620297235,18.707801802695457,44.8074767515102,27.01737072124544,133.04872601871745,154.55249999999998,152.39999999999998,100.0,40.0,60.0,141.89503717589207,142.66428663351596,0.0,0.0,34346.433647989936,5726.829999999992,8.636934213879364,60.09925683197014,-111410.44877916225,-808199.9914653219,114.18909609213182,142.90052207271953,57.48593322790887,16.79022241456143,141.17849999999999,146.52844682216397,135.828553177836,7.578982383527218,0.845003429259027,0.0,0.0,143.53433333333334,141.87933333333334,145.18933333333334,-2.306068466777985,0.09647532729103703,1.0,1.0,139.87,147.94,143.905,5.716167830087438,0.6195786864931851,3.5000089781401322,3.0769284558329724,53.957740996024434,0.8517225115125634,0.885064821458997,0.9180153744562051,-4.726897720433231,14.066178753895727,57.18270571827059,63.88547534476328,-42.81729428172941,1.0020588235293815,4.05085110967465,-0.341971546672366,-1.0386394563650725,0.6966679096927064,-0.33061497155881164,-1.0730925133653928,0.7424775418065812,142.79496702648913
147.26,2023-01-13,147.95,146.07,146.47,1239200,-0.17000136616690043,-1.223975887504989,1.0539745213380887,142.23666666666668,141.61884615384616,143.0699070811707,143.2399084473376,0.3312309257375374,0.5820956256358086,-0.25086469989827126,-0.1477473775991339,24.53941335885253,0.20349999999999113,-34.78847477602947,-57.614766865905544,22.826292089876077,144.85500000000002,143.905,144.38,153.815,98.79238810148618,18.99376579606922,42.26273153255045,26.61883409550358,123.07942609031619,153.855,152.39999999999998,96.0,36.0,60.0,142.620432714785,142.66428663351596,0.0,0.0,34346.433647989936,5874.089999999992,8.651707597585492,76.75822014168844,899497.48743719,-771159.8409499039,115.40889315156441,143.42882912541214,57.068833727171224,16.79022241456143,141.2465,146.8047812991052,135.6882187008948,7.8703278298651,0.9339021129406049,0.0,0.0,143.95499999999998,142.329,145.581,-2.259039283109292,-0.1503690036900391,1.0,0.0,139.87,147.94,143.905,5.713415907650804,0.7682775712515482,3.4580080803261177,2.4834257643202817,56.29073588522165,0.9487673976661973,0.9334966363929204,0.9176840362689088,-1.9668783992922723,19.65181748880363,69.69205834683942,73.63741425679704,-30.30794165316059,1.5410882352940973,3.244274809160308,-0.11868296203875453,-0.8546481574998089,0.7359651954610544,-0.14769948952217954,-0.8880139085967502,0.7403144190745707,142.93930286433303
147.73,2023-01-17,147.85,145.92,146.86,1501000,0.06994916730192813,-0.9651908765436057,1.0351400438455338,142.60916666666665,141.71846153846155,143.50838291483674,143.43843374753482,0.3612249299115793,0.5921932283804181,-0.23096829846883882,-0.1208170863965495,24.635851623444417,0.38400000000001455,-28.212721348571247,-52.51873537109377,24.306014022522522,144.85500000000002,143.905,144.38,153.815,99.39619405074309,19.37625611941177,42.47098367226761,25.838548265468813,117.15336298377095,152.5825,152.39999999999998,92.0,32.0,60.0,143.2587807890108,142.66428663351596,0.0,0.0,34346.433647989936,5726.359999999992,8.585807615192842,62.62711726430427,-97170.51377513527,-673310.8358510127,115.25718848941612,143.88256093670716,57.3277204645796,16.79022241456143,141.356,147.18534781943762,135.52665218056237,8.247754349921658,0.8914674626878151,0.0,0.0,144.446,142.763,146.129,-2.3302825969566383,0.06209150326797507,1.0,1.0,139.87,147.94,143.905,5.708990067630658,0.7496902106567519,3.290207272293506,2.2688437547617397,55.90937469423229,0.9297753309305165,0.9100884133697592,0.9095499570738922,0.1312861354807007,19.484701740403125,67.26094003241468,64.71190136584154,-32.73905996758532,1.8760882352941337,3.160127253446447,0.04876598654517189,-0.6739653286908128,0.7227313152359847,0.022795021470059094,-0.7058521225833885,0.7286471440534475,143.14861062337326
144.35,2023-01-18,148.55,144.25,147.97,1659500,0.12392808477974881,-0.7473670842789348,0.8712951690586836,142.81833333333333,141.7746153846154,143.6224778510157,143.49854976623595,0.37041107935809964,0.5838645856232134,-0.21345350626511378,-0.09691727908546793,24.73200080290485,-1.108000000000004,-22.197538538554916,-46.96374195206871,24.766203413513793,145.61,143.92000000000002,144.76500000000001,153.815,99.69809702537154,20.06090681440557,43.35498361739104,23.88218207461296,104.21366419593859,152.42749999999998,152.39999999999998,100.0,28.000000000000004,72.0,143.82052709432952,142.66428663351596,0.0,0.0,34346.433647989936,5582.009999999992,9.002192338806967,19.242600512261063,-363630.0658122702,-673713.917903952,113.60515655410913,144.21916515180786,57.473286621668805,16.598064578539518,141.46800000000002,147.42791812024146,135.50808187975858,8.42581802279164,0.7333924681407604,0.0,0.0,144.99033333333333,143.39333333333335,146.58733333333333,-2.2029054810550512,0.731788770611566,1.0,1.0,139.87,147.97,143.92000000000002,5.725676478072775,0.5407407407407405,3.2241865450641582,2.2205160702925504,51.709111184704064,0.7205991306111952,0.8663806197359697,0.903321889832883,0.6918378488250195,3.3038217070410907,39.99999999999991,58.984332793084654,-60.00000000000009,2.581235294117647,1.7708480316071615,0.08636190747685736,-0.5218998814572788,0.6082617889341362,-0.02970056788295695,-0.5706218116433022,0.5409212437603452,143.20031314740498
142.81,2023-01-19,144.34,140.69,142.37,3257000,-0.1191816304131521,-0.6217299935057783,0.5025483630926262,142.84583333333333,141.73961538461538,143.17132741239791,143.29050904281107,0.5033259423503315,0.6383592017738354,-0.13503325942350397,-0.08073019260319313,24.931434709205828,-1.7860000000000014,-17.284261669844152,-41.13603573777089,23.851774067926737,146.155,143.92000000000002,145.03750000000002,153.815,98.76395580556132,18.859956868687725,43.354983617391035,40.62756016439709,-16.752811026477563,151.55,152.39999999999998,96.0,24.0,72.0,143.82052709432952,147.97,0.0,1.0,34346.433647989936,5439.199999999992,5.751198977877657,-56.1354281323477,6766227.855192211,-154233.3618653229,110.08069485566892,144.2131589577063,50.514621513823194,16.188434700552683,141.546,147.42172089194014,135.67027910805984,8.302206903678165,0.4271578742640594,0.0,0.0,145.228,143.55599999999998,146.9,-2.3025862781282,1.8570574162679325,0.0,1.0,139.87,147.97,143.92000000000002,5.7225213004959485,0.1012345679012338,3.089767890557742,2.3695741163214854,44.10276734073795,0.34179763399228413,0.6640573651779987,0.8135087994279092,-1.2553316555477887,-9.976097332735321,-17.41935483870991,29.947195064568206,-117.4193548387099,1.8644999999999925,0.2351097178683272,-0.08317482519204679,-0.43415487020423243,0.35098004501218566,-0.15530765711600927,-0.4875589807378436,0.3322513236218343,143.1445522753208
147.79,2023-01-20,148.49,141.56,142.06,2858000,-0.23889230037440257,-0.5451624548795031,0.30627015450510053,142.9958333333333,141.7569230769231,142.92343088741362,143.16232318778802,0.46448412698412606,0.6621031746031742,-0.1976190476190482,-0.06908125771420506,25.73741092629224,-3.804000000000002,-11.103158645420171,-35.22220909704726,24.11905045162709,146.155,143.92000000000002,145.03750000000002,153.815,96.41364656904176,17.744789061949724,40.95177829128754,38.375538347590215,19.973500123842864,151.55,152.39999999999998,92.0,20.0,72.0,143.82052709432952,147.97,0.0,0.0,34346.433647989936,5586.989999999992,5.522828629907586,-29.747895542012223,-8353474.524663391,-752236.3801990816,110.99459989511737,144.31254135061107,50.665920366484904,16.188434700552683,141.754,147.313965467517,136.194034532483,7.8445270927338955,0.4825538484786106,0.0,0.0,145.56699999999998,143.56300000000002,147.571,-2.7533712998138187,1.4997504990020019,0.0,1.0,140.77,147.97,144.37,5.079221750356243,0.10972222222222129,3.5607911015019686,2.4618565521657945,46.18609383084565,0.44554881965879106,0.5026485280874237,0.6776955043337973,-2.195551536460498,-1.9132024030209933,-3.387096774193683,6.397849462365419,-103.38709677419368,1.3939411764705767,1.2879221522610271,-0.16686813615132817,-0.38069752339365165,0.21382938724232348,0.02202391076715056,-0.3856424024368448,0.4076663132039953,143.10594044954863
150.99,2023-01-23,151.51,147.79,148.27,2924700,0.1670197650448415,-0.40272601089463417,0.5697457759394757,143.81583333333333,141.9173076923077,143.67213382781154,143.5051140627667,0.3762476738284548,0.7108780240230076,-0.3346303501945528,-0.05236202568919253,26.119455628389463,-3.7264999999999873,-3.261832701461467,-29.013151304750068,25.7513186032886,146.305,144.07,145.1875,153.815,95.61175916241896,18.467023780685157,52.62449371745529,29.693837525415677,147.99145593605743,151.55,152.78,100.0,16.0,84.0,144.34,147.97,1.0,0.0,34346.433647989936,5737.979999999991,4.599456369236502,108.88290382113215,-9903039.93641956,-1465853.4457933682,117.63961049133098,144.83760536935185,57.889741423065225,16.188434700552683,142.2765,148.03941341250072,136.51358658749928,8.101005313598131,0.9783604754532915,0.0,0.0,146.01633333333334,144.00233333333333,148.03033333333332,-2.7585954995902227,0.05966567361800536,1.0,1.0,140.77,148.27,144.52,5.271425709797472,0.9359999999999976,4.199711991351771,2.327080010894423,58.20026971147885,1.0,0.5957821512170253,0.5874960148274826,1.1957109604730387,7.428382205155542,92.61538461538433,23.93631100082689,-7.384615384615665,1.9133235294117696,7.133019209858647,0.11638593240084105,-0.28128083223475314,0.3976667646355942,0.3353431874102317,-0.24144528446742952,0.5767884718776612,143.26397244693285
146.52,2023-01-24,154.01,144.61,153.8,3941700,0.22946346570040532,-0.27628811557562627,0.5057515812760316,144.32083333333333,141.91346153846155,143.81642093122514,143.58695746552473,0.3699505029538559,0.7545904518601302,-0.3846399489062743,-0.03718355274605984,26.238114306349622,1.031499999999994,2.1345275532928367,-22.68769414289274,24.82222169618558,149.07,146.835,147.9525,153.815,95.97541119907369,20.14813604701589,59.680119603684936,24.37485050391414,167.90385063973966,151.55,153.175,100.0,12.0,88.0,144.4186,147.97,0.0,0.0,34346.433647989936,5591.459999999991,8.824352058365491,26.766260418113717,-575450.4504503943,-1538490.3243353472,114.48693710341573,145.49692738525164,64.89229825659,15.840107869591474,142.6185,148.0747488029763,137.16225119702372,7.651530205374884,0.6824971763488564,0.0,0.0,146.551,144.601,148.501,-2.661189619995773,0.997692307692304,1.0,1.0,141.77,153.8,147.78500000000003,8.435090819213496,0.236076475477972,4.401740792216594,2.2159051704931,51.838529914825585,0.6964935755946068,0.7140141317511328,0.6041482703518607,1.7021425982746572,2.2536283537938613,23.6076475477972,37.61197846299593,-76.3923524522028,3.1127352941176127,4.373872248285818,0.1598080144260314,-0.19306306290259626,0.35287107732862766,0.3320559167892237,-0.1267450442160989,0.4588009610053226,143.27328453871309
149.56,2023-01-25,149.65,143.12,145.48,2508000,0.15691122586417805,-0.1896482472876654,0.34655947315184343,144.27666666666667,141.89000000000001,143.7092792494982,143.55236802363402,0.4445628997867806,0.780688394760889,-0.33612549497410843,-0.025649728887050315,26.55526957415819,1.056999999999988,6.950137218129863,-16.603470987837213,23.553608205967077,149.07,146.835,147.9525,153.815,97.76288827132984,20.261457361261673,58.05883091313475,37.32705688639865,38.74064469164497,151.55,153.175,96.0,8.0,88.0,144.793856,147.97,0.0,0.0,34346.433647989936,5441.8999999999905,8.820782425504138,-8.89240535590272,17677052.68788454,-349020.8824147579,112.94593440650678,145.91037268494804,64.4230474475201,15.840107869591474,142.81300000000002,148.04494457156994,137.5810554284301,7.326986439007549,0.5293389958360996,0.0,0.0,146.74099999999999,144.60700000000003,148.875,-2.908525906188436,1.3484067478912918,0.0,1.0,141.77,153.8,147.78500000000003,8.423602893294028,0.11221945137157059,4.465566712994933,2.016115620519302,49.128771102114875,0.524238205372894,0.7402439269891671,0.6833467366524418,1.1560637753521892,-2.5964524255331844,-1.2322274881516144,38.33026822500995,-101.23222748815161,3.0671176470588364,-0.3689523146536729,0.10930591255613746,-0.13258926781084954,0.24189518036698698,0.4912922804982542,-0.003137579273228275,0.49442985977148246,143.27215647147722
150.45,2023-01-26,151.85,149.65,150.61,1608800,0.619191821709137,-0.02788023348830493,0.6470720551974419,144.75833333333333,142.18384615384613,144.62323628803694,144.0040444663278,0.4127949051961211,0.7950499348675641,-0.38225502967144304,-0.008104443298319278,26.85059047179058,-0.9415000000000191,13.379338635816929,-10.487109363626868,23.866447999443796,149.07,146.835,147.9525,153.815,98.88144413566492,21.222882925948998,60.157801730814555,29.817018847849315,142.9917850092344,150.8525,153.175,92.0,4.0,88.0,145.15410176,147.97,0.0,0.0,34346.433647989936,5592.34999999999,8.660446491726685,132.72629540922622,-3020671.319375166,-481417.218438752,119.81037333887124,146.62548900876385,64.73231219368857,15.840107869591474,143.22150000000002,149.1963883671563,137.24661163284375,8.343563455425711,1.037959841671453,1.0,0.0,147.0943333333333,145.03033333333335,149.15833333333333,-2.8063623570361784,-0.11910529715762498,1.0,0.0,141.77,153.8,147.78500000000003,8.399576879169677,0.6550290939318366,4.892010041695439,1.7711465449292116,59.19567187621566,1.0,0.7402439269891671,0.7315006619098222,4.513434436329741,10.307772745952706,56.13107822410146,26.168832761248996,-43.86892177589854,4.550941176470587,4.017515812886634,0.4299822439042131,-0.02007496546783702,0.45005720937205007,0.6581029739948516,0.12911053138038772,0.5289924426144639,143.39975575711836
150.37,2023-01-27,150.78,149.56,150.48,1404000,0.9671416694884272,0.1711241471070415,0.7960175223813857,145.36499999999998,142.585,145.3827383975697,144.41559672808128,0.47579864472410455,0.7817037754114227,-0.3059051306873181,0.012607759065810705,26.97489419048632,2.6629999999999825,20.00738686623071,-4.3986802922646255,24.406067158495336,149.07,146.835,147.9525,153.815,99.44072206783247,21.797971523141484,58.74725675653249,32.140625927104395,117.92665437410412,150.4175,153.175,88.0,0.0,88.0,145.49993768960002,147.97,0.0,0.0,34346.433647989936,5441.9799999999905,8.883992368291171,111.83206749362242,119704.72833677554,69276.12338457888,119.71994032851374,147.0278701638348,57.453721807468064,15.83058157685333,143.627,150.14230843475417,137.11169156524585,9.072539891182243,0.9553122894652232,0.0,0.0,147.41899999999998,145.358,149.48,-2.79611176306988,-0.01940805434255526,1.0,0.0,141.77,153.8,147.78500000000003,8.37586247711085,0.6475477971737316,4.515809037525895,1.771219475583117,59.02230993044635,0.9885136790362778,0.8375839614697241,0.7726906051493527,6.933408670374014,10.970997334075168,55.17970401691326,36.69285158428769,-44.82029598308674,5.460617647058797,5.116671352263144,0.6696933651213925,0.11787870065000888,0.5518146644713837,0.7762109844764071,0.25853062199959165,0.5176803624768155,143.59409415790313
148.85,2023-01-30,150.89,148.58,150.37,2158200,1.1505537534238783,0.3670100683704089,0.7835436850534694,145.55583333333334,143.01500000000001,145.8746247979436,144.72407104451972,0.4800928998009294,0.7602853351028531,-0.2801924353019237,0.03318228763296828,27.05677859709497,0.9010000000000105,21.794949878082132,1.1577276218079726,20.63722225627416,149.07,147.28500000000003,148.1775,153.815,99.72036103391623,22.331982363391656,57.33438816061324,31.367645476054744,99.27448146289078,148.8525,153.175,84.0,4.0,80.0,145.831940182016,147.97,0.0,0.0,34346.433647989936,5293.12999999999,9.19459363853641,75.01705785167658,-0.0,112923.60946798927,118.74459264196655,147.3472464588413,50.318292441229666,15.726850833704654,143.969,150.76426864810935,137.17373135189064,9.439905324214736,0.8392801844032269,0.0,0.0,147.73066666666665,145.76566666666668,149.69566666666668,-2.6602465748479265,0.28388464800678564,1.0,1.0,141.77,153.8,147.78500000000003,8.355965520355078,0.5660847880299253,4.197228133773304,1.7814978733498248,57.06263563843937,0.8586729126416766,0.949062197225985,0.842296695228292,8.187625288004496,14.346719580165738,44.82029598308674,52.04369274136713,-55.17970401691326,5.448617647058796,1.5653838266457178,0.7949981956145687,0.2533025996429209,0.5416955959716478,0.7773784007670513,0.36230017775308365,0.4150782230139677,143.67272696246116
150.18,2023-01-31,150.23,147.76,149.04,1662400,1.2157278504853082,0.5367536247933887,0.6789742256919195,145.79666666666668,143.41576923076923,146.16468252133689,144.94895467085158,0.47193277310924414,0.7647058823529416,-0.2927731092436974,0.051584603574956936,27.070142700478335,1.7309999999999945,23.705707834901013,6.258088329969742,17.44761950493127,149.07,147.28500000000003,148.1775,153.815,99.86018051695811,22.61326613664185,56.50330302889527,32.992734162800495,70.52044842487629,148.8525,153.175,80.0,0.0,80.0,146.15066257473538,147.97,0.0,0.0,34346.433647989936,5142.94999999999,8.774760157273453,46.707821015722324,788420.561992278,41463.10944029088,117.91576238217382,147.69061669450588,50.09709455289821,15.726850833704654,144.339,151.11376464535687,137.56423535464313,9.38729608124882,0.7524810955864422,0.0,0.0,147.944,145.959,149.92900000000003,-2.6834477910560937,0.546347607052903,1.0,1.0,141.77,153.8,147.78500000000003,8.33454575686405,0.4979218620116359,3.942505320395972,1.7889728080942966,55.404999862709936,0.7488441005775072,0.865343564085154,0.8839965742602877,8.666899203285098,14.209686788485069,36.152219873149946,45.38407329104996,-63.847780126850054,4.419764705882358,1.9948919721129195,0.8387282635090189,0.37038773241614054,0.4683405310928783,0.8409589428251016,0.45803193076748727,0.38292701205761437,143.72049115273649
153.54,2023-02-01,154.16,149.36,150.0,1316600,1.3805710564395781,0.7055171111226266,0.6750539453169515,146.07083333333333,143.86153846153846,146.6562698257466,145.275698769307,0.46929530201342357,0.7719798657718123,-0.30268456375838876,0.06980616077114529,27.11059257605615,1.1009999999999707,28.102562237505165,11.301068764119668,16.8014934733855,151.145,147.78500000000003,149.46500000000003,152.65,99.93009025847905,23.059433133317352,55.53925888125565,30.661935470424197,116.23255132217636,148.26999999999998,153.175,76.0,24.0,52.0,146.45663607174598,147.97,0.0,0.0,34346.433647989936,5296.48999999999,8.63264607329167,75.13013229919108,-6624462.680734676,-199886.18708333964,119.57835036268277,147.98515230153458,50.33069551257175,15.726850833704654,144.81900000000002,151.58837781483476,138.04962218516528,9.348742657848403,0.8354074867891574,0.0,0.0,148.369,146.026,150.712,-3.1583417021075686,0.28851899274434095,1.0,1.0,141.77,153.8,147.78500000000003,8.306921053176723,0.6309226932668331,4.188254788356375,1.789722339463126,57.970557228225026,0.9188284372228781,0.8421151501473542,0.8855069704861643,9.85738103991468,5.95617499292718,53.0655391120508,44.679351656095804,-46.9344608879492,5.0805588235294294,2.2523447662079965,0.9503110762054423,0.4863724011740009,0.4639386750314414,1.0610473856977374,0.5786350217535373,0.48241236394420006,143.91537826776243
157.02,2023-02-02,157.95,152.63,153.63,3402700,1.754843413737774,0.9153823716456562,0.8394610420921178,146.63000000000002,144.37692307692308,147.5753052371702,145.82046182343242,0.4207823591602484,0.7903639933544784,-0.36958163419422996,0.09141991281263114,27.430577690731266,-1.3029999999999973,35.42564819170356,16.470936190466748,18.95471200123681,151.72500000000002,147.78500000000003,149.75500000000002,152.65,99.96504512923953,24.10957189062476,59.27220095137474,26.77833481726405,183.96289598821292,148.26999999999998,153.175,72.0,20.0,52.0,146.75037062887614,147.97,0.0,0.0,34346.433647989936,5453.50999999999,8.412330718121142,137.74802768502053,-10207107.374856671,-921007.3960888761,123.01605389776577,148.56033887127012,57.7209768584665,15.726850833704654,145.553,152.3673351840055,138.7386648159945,9.363373044877811,1.0192729597900483,1.0,0.0,149.596,147.01800000000003,152.174,-3.446616219685003,-0.08844065166795788,1.0,0.0,143.25,153.8,148.525,7.248218861857889,0.8890995260663493,4.628429309520735,1.7708205399259342,62.69427071576792,1.0,0.8892241792667952,0.8655609644997678,12.417295556359637,19.178747169230174,87.63213530655375,58.94996476391814,-12.367864693446247,5.760794117647066,4.598410087719304,1.203427414639954,0.6297834038671914,0.5736440107727625,1.4050240102804283,0.7439128194589155,0.6611111908215128,144.99156668597806
149.91,2023-02-03,156.66,149.49,156.42,4287900,1.7775941960798036,1.0878247365324856,0.689769459547318,147.0666666666667,144.685,147.86987366222093,146.09227946614112,0.41081000595592654,0.8241512805241218,-0.41334127456819525,0.1098942824887094,27.451719298649845,-5.410000000000025,40.0105822995041,21.278982301685144,18.731599997818957,153.035,149.095,151.065,152.10000000000002,99.98252256461976,25.501928982761132,60.82111032066858,23.886440276326816,149.37920199145046,147.4025,153.175,100.0,16.0,84.0,147.0323558037211,147.97,0.0,0.0,34346.433647989936,5303.59999999999,11.262155026643184,50.824395158589326,-120072.04322594011,-993833.7911362424,119.93201144215418,149.0860400209881,57.4445171167321,15.403308203698545,146.10000000000002,152.30724737705648,139.89275262294356,8.497258558598851,0.7730678990280195,0.0,0.0,150.61133333333333,148.65233333333333,152.57033333333334,-2.6013978585055617,0.7862004424025838,1.0,1.0,144.34,156.42,150.38,8.268309377138934,0.4263245033112593,4.568586378568662,1.8537797108216054,56.16637928193896,0.6488776995519095,0.8559020455915961,0.8624137916685819,12.476108128914708,14.319434785814025,42.63245033112593,61.11004158324348,-57.36754966887407,6.654558823529413,3.6325823223570253,1.2167612159763619,0.7471789662890256,0.4695822496873363,1.2787187914178677,0.8508740138507059,0.42784477756716177,145.24902623050525
150.97,2023-02-06,152.43,149.15,149.24,1248100,1.748038892261377,1.2198675676782638,0.5281713245831132,147.77166666666668,144.98115384615386,148.0668161757254,146.31877728346402,0.49648711943793983,0.848360655737705,-0.3518735362997652,0.12477404038853863,27.45026610135555,-4.814999999999998,40.440717686361985,25.535225649803937,14.905492036558048,153.035,149.095,151.065,152.095,99.99126128230988,25.431886930933725,60.82111032066858,36.86674012336461,47.71086348649917,147.39999999999998,153.175,96.0,12.0,84.0,147.5956144554978,147.97,0.0,0.0,34346.433647989936,5152.62999999999,11.247276752794953,36.23093870736221,12054679.73769619,-125844.48745971918,119.5886453307086,149.32758876293207,50.32141480542245,15.403308203698545,146.375,152.6109778703884,140.1390221296116,8.520550463382968,0.7224991859879037,0.0,0.0,150.71966666666668,148.76566666666668,152.67366666666666,-2.592893207920214,0.9016547253497104,1.0,1.0,144.34,156.42,150.38,8.252775405636198,0.3981788079470206,4.405727740711795,1.9501927909052894,55.492605455150326,0.6126367451117446,0.7538381482212183,0.8329881243598699,12.31378559713009,1.4904647156317294,39.817880794702056,56.69415547746056,-60.182119205297944,6.5570294117647165,6.0132205558319765,1.1946784443632232,0.8366788619038652,0.35799958245935803,1.2215183234019278,0.9250028757609503,0.2965154476409775,145.29018074432895
150.37,2023-02-07,150.78,147.76,150.09,1665700,1.594079165426308,1.2947098872278726,0.2993692781984354,148.28833333333333,145.2126923076923,148.01961368715226,146.42553452172595,0.5368389780154496,0.8587344028520503,-0.3218954248366007,0.1344606009301918,27.440513233678107,1.220499999999987,41.587435532097274,29.38381435135587,12.203621180741404,153.325,149.095,151.20999999999998,148.14499999999998,99.99563064115495,24.89662991739367,58.98868776232072,41.04445396263191,25.337481601301242,144.5,153.175,92.0,8.0,84.0,148.12507758816793,147.97,0.0,0.0,34346.433647989936,5002.25999999999,11.343279915792229,1.1959046063101546,183547.25011638162,-86760.3934648155,118.18727556872402,149.50835871444698,43.35932908859939,15.259757426607422,146.5695,152.72293310680905,140.41606689319096,8.396607898381378,0.5967346178414327,0.0,0.0,150.59333333333333,148.59133333333335,152.59533333333334,-2.6588162379919367,1.207625707625715,0.0,1.0,144.34,156.42,150.38,8.241823844660713,0.2831125827814563,4.128154966640615,2.0956014232157494,52.708784644386846,0.46290055892992155,0.5748050011978587,0.7281817316702245,11.332921239125634,-1.5862201760682535,28.31125827814563,36.92052980132452,-71.68874172185437,6.536000000000001,4.379768296128842,1.0886620087357686,0.8870754912702459,0.2015865174655227,1.1308394041145955,0.9661701814316794,0.16466922268291606,145.35423598833646
150.53,2023-02-08,150.87,148.46,149.08,1194500,1.5111297593255983,1.3379938616474178,0.1731358976781805,148.34416666666667,145.52423076923077,148.08736542759038,146.5762356682648,0.4618526622902995,0.8017505470459521,-0.3398978847556526,0.14093419252984893,27.35953740934264,-2.268499999999989,45.03860243455816,32.90151032899379,12.13709210556437,153.325,149.095,151.20999999999998,148.14499999999998,99.99781532057747,24.399605547677908,56.41816755255308,39.25588055284646,18.14250529812783,143.5575,153.815,88.0,4.0,84.0,148.62277293287784,147.97,0.0,0.0,34346.433647989936,5152.78999999999,11.29118510910255,16.078061091123356,547000.5978874544,-530990.9118437266,118.90039820001803,149.98288466497394,43.06378472332821,15.259757426607422,146.8785,152.75367242299944,141.00332757700056,8.000044149415253,0.634591794600694,0.0,0.0,150.93200000000002,149.168,152.696,-2.3374764794741947,1.2006802721088436,0.0,1.0,144.34,156.42,150.38,8.224484863339415,0.3410596026490074,4.026339469976555,1.9692693972894266,53.96133952431415,0.4709936019991409,0.5155103020136026,0.6147178171442266,10.889531973473938,3.8777889121107085,-0.37831021437580353,22.583609619490613,-100.3783102143758,5.908235294117674,0.4533459638676608,1.0309514038453185,0.9158506737852605,0.11510073006005794,1.0553898975758547,0.9840141246605145,0.07137577291534014,145.52576403983204
149.06,2023-02-09,151.6,148.94,151.12,1183200,1.4672106547245107,1.3638372202628366,0.10337343446167413,148.705,145.87730769230768,148.21853997719188,146.75132932246737,0.463765847550478,0.8038816716231023,-0.3401158240726243,0.14534588184658057,27.159902367992395,-3.8910000000000196,45.74137994158593,35.76084289292214,9.980537048663791,153.325,149.095,151.20999999999998,148.14499999999998,99.99890766028874,24.35110944743147,58.16975547883859,35.86426504938522,45.26069007199077,143.29250000000002,153.815,84.0,0.0,84.0,149.09060655690516,147.97,0.0,0.0,34346.433647989936,5301.84999999999,11.723046734016576,24.002452363819803,-445994.90138198144,33829.06124780248,119.38233811649384,150.44003663264272,43.27099327258222,15.309095184688868,147.01100000000002,152.94632779212515,141.0756722078749,8.07467168052067,0.6625015557320468,0.0,0.0,150.917,149.22899999999998,152.605,-2.236991193835025,1.0856042654028397,0.0,1.0,144.34,156.42,150.38,8.217072191876786,0.380794701986755,3.9377055229788978,1.883820178891685,54.84453031668848,0.4213452786376519,0.45174647985557165,0.5140205943556776,10.769225865689712,6.459952149567557,-10.487444608567355,5.815167818400805,-110.48744460856736,4.67326470588236,2.994260424590266,0.999793774610724,0.9326392939503534,0.06715448066037066,0.9061559353667533,0.9684424868017623,-0.06228655143500894,145.55848118867502
147.04,2023-02-10,148.83,146.31,148.06,1444400,1.206280180695444,1.332325812349358,-0.12604563165391403,148.97083333333333,146.19884615384615,147.9249184422393,146.71863826154384,0.6010580080262686,0.8062750820868297,-0.2052170740605611,0.1443425992170961,26.6543946698538,2.566999999999979,44.328090610186656,38.264525196489316,6.06356541369734,152.625,149.83499999999998,151.23,148.14499999999998,49.99945383014437,23.48056570799716,57.946795433581585,45.37879075836908,-38.974328405659016,143.5175,153.815,80.0,0.0,80.0,149.09060655690516,156.42,0.0,1.0,34346.433647989936,5154.80999999999,11.03160512033448,-34.67149797386864,1526489.3906420185,850224.0131807724,116.78588853948297,150.34060040138695,36.26073223317743,15.038765385200941,147.08300000000003,152.94720361174242,141.21879638825763,7.974005985385661,0.43409164729101657,0.0,0.0,150.663,148.928,152.398,-2.3031533953259915,1.7544668587896242,0.0,1.0,144.34,156.42,150.38,8.21304977461704,0.1630794701986756,3.6319349706810073,2.1848269641539453,49.267631874505774,0.010236318332952668,0.300858399656582,0.4227050605085854,9.026183149249725,-6.8620547779562875,-33.201581027668226,-14.689111950203815,-133.20158102766823,2.8304411764706003,2.228898826159864,0.8221724213014455,0.9105459194205718,-0.08837349811912631,0.6713383302688516,0.9090216554951802,-0.23768332522632862,145.58618728056467
148.45,2023-02-13,148.47,147.02,147.39,2002500,1.044738867074983,1.2748084232944832,-0.2300695562195001,148.75166666666667,146.5246153846154,147.78570022035632,146.74096135328134,0.632387706855793,0.7657604412923565,-0.1333727344365635,0.14044423442125206,26.03539687359601,2.4294999999999902,42.171640958128606,40.3162955435146,1.855345414614007,152.445,150.38,151.4125,148.14499999999998,24.999726915072184,22.5688088730354,55.689847261801596,44.90963671956042,-44.287092025785896,143.47500000000002,153.815,76.0,32.0,44.0,149.09060655690516,156.26819999999998,0.0,0.0,34346.433647989936,5303.25999999999,11.03501317817078,-14.661355406172957,374671.6066015645,918089.8743987695,117.50627333888151,150.11690411305761,29.293253915659307,15.038765385200941,147.1305,152.97647459795823,141.2845254020418,7.946652254914131,0.49054905233093254,0.0,0.0,150.43099999999998,148.64000000000001,152.222,-2.3811581389474203,1.4522613065326655,0.0,1.0,144.34,156.42,150.38,8.210398251892016,0.22185430463576244,3.484741473612906,2.3254561797342737,50.724361518850685,0.11762120542393605,0.1830676007981804,0.3118908267701113,7.984827442421211,-15.22070842783789,-18.238993710691705,-20.64267311564245,-118.2389937106917,2.0245882352940896,-1.7574340126962882,0.7119613074905218,0.8708289970345618,-0.15886768954404007,0.554791104596885,0.8381755453155212,-0.2833844407186362,145.60924321603343
146.94,2023-02-14,148.36,143.66,148.33,1577500,0.6382351157532469,1.147493761786236,-0.5092586460329891,148.26000000000002,146.525,147.15097710953228,146.51274199377903,0.503824904377391,0.7583935401614966,-0.2545686357841056,0.1299804487984421,25.525660598905702,1.5625000000000284,39.33669445082402,41.56453245610559,-2.227838005281569,152.39,150.38,151.385,148.14499999999998,12.499863457536092,21.945508878139123,56.46766317107813,42.735374592424265,-69.65075893354371,143.9975,153.815,72.0,28.000000000000004,44.0,149.09060655690516,155.95627199999998,0.0,0.0,34346.433647989936,5156.319999999991,26.265850128511197,-83.09807606243425,-8472.846059616908,-345161.94945438456,114.14810166155868,150.1708219881351,29.31920615050545,14.695068937817759,147.01749999999998,153.03747965112612,140.99752034887385,8.189473567604042,0.22113693113797217,0.0,0.0,150.20833333333334,148.53333333333333,151.88333333333333,-2.230235783633838,2.454726368159207,0.0,1.0,144.34,156.42,150.38,8.216708895199542,-0.05629139072847746,3.2702673262516155,2.6761136425460315,44.249014627363174,0.0,0.042619174585629756,0.1755150583467974,5.061568539129109,-20.37152121605998,-58.312655086849034,-36.58440994173634,-158.31265508684905,1.3976176470588086,-3.944905054827498,0.43561748081975454,0.7837866937916004,-0.34816921297184583,0.3764011887297944,0.7458206739983759,-0.36941948526858154,145.52762121434964
149.14,2023-02-15,149.18,146.06,146.49,1037100,0.5039289275011356,1.018780794929216,-0.5148518674280804,148.04999999999998,146.60923076923078,146.98313447729655,146.4792055497954,0.561459521094641,0.6880273660205246,-0.12656784492588358,0.11857090207475121,25.20504477645648,0.6519999999999868,37.408691703993846,41.78487062413784,-4.3761789201439925,152.39,150.38,151.385,148.14499999999998,6.249931728768046,21.366730311449718,50.75130542987895,38.40916954593009,-56.65880093571495,144.54250000000002,153.815,68.0,24.0,44.0,149.09060655690516,155.50049567999997,0.0,0.0,34346.433647989936,5305.459999999991,25.62214122295245,-20.093208053514957,919873.943945295,-63694.43064578025,116.63965115341446,149.92504127881074,29.159221227663735,14.695068937817759,147.108,153.01214633964747,141.20385366035254,8.026954808232684,0.4112488122997154,0.0,0.0,149.8153333333333,148.28733333333335,151.34333333333333,-2.039844608696028,1.7288394415357855,0.0,1.0,144.34,156.42,150.38,8.211654022894734,0.142384105960265,3.4952405936264554,2.9129162408200746,49.23412704228226,0.27026528615413914,0.12929549719269193,0.11832742419216735,4.051327332990417,-10.88099520300925,-28.53598014888361,-35.029209648808134,-128.53598014888362,0.8140294117646931,-1.6960559967694238,0.3440276219478987,0.6958348794228602,-0.35180725747496144,0.3500077249583582,0.6666580841903724,-0.31665035923201423,145.5434432118642
146.85,2023-02-16,148.46,146.43,147.67,1610700,0.422476171149782,0.8995198701733292,-0.47704369902354726,147.93916666666667,146.76884615384614,146.89803686540478,146.475560694255,0.5487588652482274,0.7085549645390072,-0.15979609929077987,0.10729067904936118,24.871117573369077,1.9650000000000034,32.91357412672784,40.996314160496034,-8.082740033768196,149.74,150.38,150.06,148.14499999999998,3.124965864384023,21.12782870561813,52.06766996578165,36.16608712126394,-64.44701471233135,144.54250000000002,153.815,64.0,20.0,44.0,149.09060655690516,155.07206593919997,0.0,0.0,34346.433647989936,5452.309999999991,25.661529574904183,-9.460678331584155,-123731.69901259559,-81082.74688502106,117.01165238578471,149.73181499392527,36.139151660196156,14.732294567743764,147.395,152.53146376410584,142.25853623589418,6.969658080811189,0.4060637780856618,0.0,0.0,149.09366666666668,147.91866666666667,150.26866666666666,-1.576190359080753,1.6334751773049632,0.0,1.0,148.36,156.42,152.39,5.468299467417466,-0.2394540942928056,3.3857165342638105,3.1086085906613996,49.97675186596464,0.31052630612171844,0.19359719742528606,0.1218372897345359,3.451111877526715,-5.2850556789021015,-23.94540942928056,-36.93134822167109,-123.94540942928056,0.00841176470589744,-0.9001082837032919,0.2884277548741632,0.6143534545131207,-0.3259256996389575,0.20266620884668937,0.5738597091216359,-0.37119350027494646,145.62595083057334
148.04,2023-02-17,148.25,145.63,146.0,1710600,0.29002770197249106,0.7776214365331616,-0.48759373456067057,147.62833333333333,146.74346153846153,146.70295427072713,146.41292656875464,0.5878096908572688,0.7046700285025217,-0.11686033764525294,0.09530140049999936,24.858089650656236,5.031499999999994,29.685307942436467,39.8012686333932,-10.115960690956733,149.685,150.38,150.0325,148.14499999999998,1.5624829321920115,20.82833641616568,52.06766996578165,36.98641678703216,-108.75182992807588,144.745,153.815,60.0,16.0,44.0,149.09060655690516,154.66934198284798,0.0,0.0,34346.433647989936,5304.269999999991,25.66805388748037,-25.02800999850094,1428667.9275871352,20964.96222834575,116.20285637403848,149.49746920935732,36.209776116087845,14.732294567743764,147.5985,152.07412409055672,143.12287590944328,6.064592920059108,0.2800865354003463,0.0,0.0,148.33733333333333,146.96133333333336,149.71333333333334,-1.855230870178769,1.483769379844975,0.0,1.0,148.25,156.42,152.33499999999998,5.535286605216169,-0.3206854345165249,3.2291448808374286,3.3360665960559945,48.33051628378054,0.22127649715761458,0.2673560298111576,0.19674957480971186,2.4798000662598434,-10.531906711043272,-32.068543451652495,-28.183311009938905,-132.0685434516525,-0.3749999999999716,-2.4973219068023687,0.1980888633055878,0.5311005362716141,-0.3330116729660263,0.14865086779392403,0.48881794085609354,-0.34016707306216953,145.6261857503746
146.42,2023-02-21,147.39,144.92,145.8,1673600,0.1263141981786191,0.6473599888622532,-0.5210457906836341,146.98583333333332,146.7453846153846,146.42865361369218,146.30233941551356,0.5995188101487318,0.7303149606299209,-0.1307961504811891,0.08221966756839601,24.862347699946266,2.035000000000025,26.186698114529516,38.09007558699678,-11.903377472467266,149.255,150.38,149.8175,148.14499999999998,0.7812414660960058,20.224159407802464,51.69794734133132,40.31595767532078,-113.96803335649744,144.38,153.815,56.00000000000001,12.0,44.00000000000001,149.09060655690516,154.15579462422014,0.0,0.0,34346.433647989936,5157.849999999991,25.744995037781337,-36.303751427286684,575536.1289441255,5758.931296334859,115.4890048324605,149.2904660472016,36.325083822143334,14.66046919424175,147.45499999999998,152.07845974352236,142.8315402564776,6.271011147159982,0.22585464775035424,0.0,0.0,147.91366666666664,146.69766666666666,149.12966666666665,-1.6442023612873196,1.730948464912288,0.0,1.0,147.39,156.42,151.90499999999997,6.123902207453122,-0.27353266888150596,3.0822303927536847,3.583022374697391,46.855365768416455,0.14130197643022768,0.2243682599031871,0.22844049571321023,1.2524740527325768,-15.40247866298753,-27.353266888150593,-27.789073256361235,-127.3532668881506,-0.7545000000000073,-5.051431566533452,0.08633778426459328,0.44214798587021,-0.3558102016056167,0.01755831084794138,0.39456601485446313,-0.3770077040065217,145.58116422373314
144.19,2023-02-22,147.13,143.73,146.42,2128700,-0.0983196204425667,0.4982240670012892,-0.5965436874438559,146.50583333333333,146.6553846153846,146.0134761346626,146.11179575510516,0.6778232602937642,0.7127377799181305,-0.034914519624366314,0.06721937377157158,24.83516157543062,1.7390000000000043,23.13110261371151,35.655908940236046,-12.524806326524537,149.125,150.38,149.7525,148.14499999999998,0.3906207330480029,19.847274260885737,51.04281229875155,37.767633480335775,-108.94603802615607,144.38,153.815,52.0,8.0,44.0,149.09060655690516,153.47921516179812,0.0,0.0,34346.433647989936,5013.659999999992,21.837964606470692,-55.62980122338854,-88633.05360981774,472603.90466239623,114.30499917416627,148.9076458362311,29.105465000970966,14.540085821752463,147.411,152.15704635459582,142.66495364540418,6.4392024402464125,0.11220353479738701,0.0,0.0,147.5353333333333,146.31733333333335,148.75333333333333,-1.6511298988264815,2.0621237000547556,0.0,1.0,147.13,156.42,151.77499999999998,6.302107712450218,-0.3659849300322937,2.995007353478317,3.906924297454575,44.40879818480405,0.008662582762476235,0.12374701878343969,0.20515710283259478,-0.48684882075671,-12.710136252291942,-36.59849300322937,-32.006767781010836,-136.59849300322938,-1.1989411764705835,-3.8531005418422763,-0.06729067967062571,0.34026025276204286,-0.4075509324326686,-0.20585409219880774,0.27448199344380897,-0.4803360856426167,145.46887588090266
141.36,2023-02-23,142.72,139.66,142.1,2742500,-0.5978666906392789,0.27900591547317555,-0.8768726061124544,145.715,146.4146153846154,145.03601826779143,145.6338849584307,0.9444605148973102,0.7332947642464548,0.2111657506508554,0.046004075409972825,24.821874815388565,0.5219999999999914,16.383087949985743,32.393876496724914,-16.01078854673917,145.525,149.57,147.5475,148.14499999999998,0.19531036652400144,18.87185591508698,48.80582187129405,55.24824339404133,-215.70283749935678,144.38,153.815,48.0,100.0,-52.0,149.09060655690516,152.71730934238235,0.0,0.0,34346.433647989936,4872.299999999992,22.211905825220462,-129.8734296200472,1914473.6842105377,1338431.123167197,110.30211042442718,147.9588281052416,21.577999416570037,14.128354455339519,147.238,152.7822135600978,141.6937864399022,7.53095472649425,-0.18341523264359286,0.0,1.0,146.73766666666666,145.63666666666666,147.83866666666668,-1.5006371915413856,3.714199212836779,0.0,1.0,142.72,156.42,149.57,9.304663198359112,-0.223357664233577,2.858506618130485,4.283994401634699,37.24562733846626,0.0,0.049988186397568156,0.13270115502806498,-4.354675021883306,-32.127582041624535,-22.3357664233577,-28.76250877157924,-122.3357664233577,-2.320705882352911,-6.362722091853843,-0.41052718658843174,0.19010276489194797,-0.6006299514803797,-0.5328970386388304,0.1130061870272811,-0.6459032256661115,144.62371616004629
144.0,2023-02-24,144.06,139.75,140.53,2421300,-0.9752569400453694,0.028153344369466538,-1.003410284414836,145.0475,146.24153846153845,144.2227846881312,145.19804162817658,0.9533485975958788,0.6949055523754993,0.2584430452203794,0.021579042634706797,24.987217860288958,1.717000000000013,6.645239579896105,28.20689304891485,-21.561653469018744,145.525,149.57,147.5475,148.14499999999998,0.09765518326200072,17.966110308273848,46.89914533696728,53.089883485258596,-181.41017245142962,144.76500000000001,153.815,44.0,96.0,-52.0,149.09060655690516,151.31768603444883,0.0,0.0,34346.433647989936,5016.299999999992,22.200974732647968,-109.4686539600404,281909.72222220973,1367144.1064134932,110.39490721663682,147.0516348738627,21.77330504003892,14.128354455339519,146.743,153.0524123339637,140.4335876660363,8.599268563357306,-0.054172055165623026,0.0,1.0,145.827,144.421,147.233,-1.9283123152777002,2.6610953058321383,0.0,1.0,142.72,156.42,149.57,9.336050101197324,-0.2167883211678833,3.012655956317437,4.57027803480374,37.48575823419082,0.013160036373639253,0.0072742063787053475,0.0603364705199044,-7.392944433962577,-16.17124368791298,-35.35714285714282,-31.430467427909985,-135.35714285714283,-3.4923529411764775,-5.420952896589058,-0.6716736183968716,0.017747488234184067,-0.6894211066310556,-0.640854486950595,-0.03776594776829412,-0.6030885391823009,143.8306593330174
143.82,2023-02-27,145.48,142.63,145.23,3384500,-1.0300754324285606,-0.18349241099013888,-0.8465830214384217,144.56166666666667,146.31615384615387,143.97774088995718,145.00781632238574,0.7172011661807582,0.6689636893718516,0.048237476808906665,-0.0001362391495934281,24.46725844912692,2.5434999999999945,0.5751088479501315,23.585056147783906,-23.009947299833776,145.525,149.57,147.5475,148.14499999999998,0.04882759163100036,17.64540285815659,55.04138400195501,41.968175867781994,-92.57183615243564,145.03750000000002,153.815,40.0,92.0,-52.0,149.09060655690516,150.114009989626,0.0,0.0,34346.433647989936,5160.119999999992,22.945258932887143,-34.65861768003474,-531914.8936170193,468101.63274826406,113.35878270858673,146.63289051215585,28.801550091325964,14.419514819070308,146.3965,152.80935357699474,139.98364642300527,8.760938378984108,0.20633198195013924,0.0,0.0,145.49833333333333,144.14433333333335,146.85233333333332,-1.8611897043493992,1.5592072870507279,0.0,1.0,142.72,156.42,149.57,9.358147223465034,-0.006569343065693685,3.2843903606856926,4.668851921476505,44.768953923216394,0.42748838345548495,0.14688280660970826,0.06804839979532726,-7.920741377073861,-11.313134952330008,-1.0714285714286114,-19.58811261730973,-101.07142857142861,-3.85032352941181,-3.9269836993129545,-0.7103585575955892,-0.1278737209317706,-0.5824848366638186,-0.7284031778260962,-0.17589339377985452,-0.5525097840462416,143.78350975021695
145.28,2023-02-28,146.53,143.04,143.7,3198100,-1.0285790896241735,-0.35250974671694585,-0.6760693429072278,144.07,146.37307692307692,143.83347306073298,144.86205215035716,0.6625,0.6249999999999993,0.037500000000000644,-0.01856432350447574,24.170564508598254,0.19050000000001432,-4.465669446368479,18.71812682587363,-23.18379627224211,145.195,149.57,147.3825,148.14499999999998,0.02441379581550018,17.34760308304771,52.71909866268276,40.197470401322654,-85.01588259452052,145.03750000000002,153.815,36.0,88.0,-52.0,149.09060655690516,149.07884859107835,0.0,0.0,34346.433647989936,5305.399999999991,22.64872342928823,-21.198129440029845,467511.0132158511,488384.75868394045,113.7764003205898,146.26302051237047,28.94603729959796,14.419514819070308,146.1195,152.6092965299364,139.6297034700636,8.882861671353105,0.26274294688633515,0.0,0.0,145.17800000000003,143.649,146.707,-2.106379754508253,1.1991497710922205,0.0,1.0,142.72,156.42,149.57,9.375887544099172,0.023357664233576162,3.345951324617124,4.710822599450439,45.73815441200848,0.4825600257045173,0.307736148511214,0.15396438716654254,-8.067756387026384,-8.92373510450299,3.809523809523726,-10.873015873015921,-96.19047619047628,-4.1127941176470415,-3.9613267087417787,-0.7100403966088903,-0.24430705606719455,-0.46573334054169574,-0.7091982081968421,-0.28255435666325207,-0.42664385153359,143.75018010975776
148.12,2023-03-01,152.82,143.0,143.3,7141600,-1.018875925436987,-0.4857829824609541,-0.5330929429760329,143.79416666666665,146.18884615384616,143.7052464360048,144.7241223614418,0.6005999571459183,0.7143775444611096,-0.11377758731519128,-0.03402509738727042,24.805032082662898,1.1385000000000218,-7.716111597785233,13.70425979234262,-21.420371390127855,145.195,149.57,147.3825,148.14499999999998,0.01220689790775009,17.071074720446607,52.14339395079075,39.75850475693158,-32.94622783440651,145.1875,153.815,32.0,84.0,-52.0,149.09060655690516,148.1886097883274,0.0,0.0,34346.433647989936,5157.279999999992,22.557828429832284,-19.01622523431113,-18928166.351606816,-902698.5948513645,113.73497973893434,146.0353616015281,36.27191360701485,14.419514819070308,145.8815,152.46168928298988,139.3013107170101,9.02127998819575,0.2810473319172744,0.0,0.0,145.137,142.65900000000002,147.615,-3.414704727257687,0.9311945117029902,1.0,1.0,142.72,156.42,149.57,9.391183940389967,0.020437956204379663,3.9893561921554124,4.774389591112602,45.65398198750841,0.4777772034681411,0.46260853754271464,0.30574249755454563,-8.210855910791466,-5.3792971132182315,3.3333333333333446,2.0238095238094673,-96.66666666666666,-3.9418235294117494,-2.262319732075731,-0.7040125093261175,-0.3362481467189792,-0.3677643626071383,-0.5309702267591664,-0.33223753068243495,-0.19873269607673144,143.74338388204865
146.59,2023-03-02,147.44,142.15,142.25,3681900,-1.0674688774220726,-0.6021201614531778,-0.4653487159688948,143.38833333333335,146.0942307692308,143.46597775354255,144.53344663096462,0.7994579945799457,0.7287888263498016,0.07066916823014413,-0.04791334410399,25.196458380648437,-1.8610000000000184,-13.004413633609973,8.602261152305086,-21.60667478591506,144.57,149.57,147.07,148.14499999999998,0.006103448953875045,16.58603847536762,52.14339395079075,64.09317236578559,-86.79203102294896,147.9525,153.815,28.000000000000004,80.0,-52.0,149.09060655690516,147.42300441796155,0.0,0.0,34346.433647989936,5010.689999999991,22.594466583900868,-34.099835915123705,11382665.939013582,-57794.24910882422,112.86364057809519,145.5566148969166,28.90049408823006,14.33380441629961,145.52100000000002,152.08939980512574,138.9526001948743,9.027425327101547,0.24339259941444086,0.0,0.0,144.80733333333333,142.07933333333335,147.5353333333333,-3.7677649842779326,0.9870478983382233,1.0,1.0,142.72,156.42,149.57,9.414448773716499,-0.04160583941605793,4.0344205729398706,4.812593500551611,43.8089754280477,0.48694098434948524,0.48242607117404807,0.41759025240932557,-8.834577021635093,-6.292768115662759,-10.160427807486485,-1.0058568882098238,-110.16042780748649,-3.373500000000007,-3.312474493266225,-0.7385618362423939,-0.4167108846236621,-0.3218509516187318,-0.46877882641448615,-0.3595457898288452,-0.10923303658564093,143.62648315724198
149.15,2023-03-03,149.23,145.67,146.59,1770200,-0.8125776702603105,-0.6442116632146044,-0.16836600704570603,143.5558333333333,146.19230769230768,143.80505809915138,144.6176357694117,0.6582979508953296,0.731954956618054,-0.07365700572272438,-0.055351131041561585,25.497193920173324,0.8870000000000005,-15.713020514923013,3.5580024348206996,-19.271022949743713,144.655,149.57,147.1125,148.14499999999998,15.290079590338488,15.8791942015491,60.25271559941695,52.69618705799958,6.993077661562834,147.9525,153.815,24.0,76.0,-52.0,149.09060655690516,146.76458379944694,0.0,0.0,34346.433647989936,5159.839999999991,22.66275963565646,45.77271207275072,-5425142.474019411,-554339.3822989265,116.55697860131008,145.51735274733323,36.24234625273181,14.33380441629961,145.173,150.87881492864747,139.46718507135253,7.860710915456001,0.5435520610302897,0.0,0.0,144.77166666666668,141.8586666666667,147.68466666666666,-4.024268100341893,0.3458061563107934,1.0,1.0,142.72,156.42,149.57,9.43701652511141,0.21532846715328402,4.338978515645882,4.690052470006029,52.389777485497774,1.0,0.6549060626058756,0.5333135571075461,-6.844714712026629,4.624994476906499,52.58467023172872,15.252525252525174,-47.41532976827128,-2.2447647058823463,1.3991368508979471,-0.5618800680408994,-0.4457447213071096,-0.11613534673378978,-0.27532934452149593,-0.3427025007673754,0.06737315624587947,143.6452954443526
144.06,2023-03-06,150.48,143.84,150.0,2563200,-0.7495993436206447,-0.6652891992958125,-0.08431014432483219,143.37083333333334,145.96884615384616,143.810433776205,144.56003311982565,0.6158042942625833,0.7590637099612807,-0.14325941569869738,-0.06049078750965849,25.694997299557244,1.5395000000000039,-17.872933020196776,-1.3375121357044435,-16.535420884492332,146.36,149.57,147.965,148.14499999999998,53.361115516065176,15.990715293345557,63.16399040347756,44.40366480564191,51.58539741811322,147.9525,153.815,20.0,72.0,-52.0,142.72,146.76458379944694,1.0,0.0,34346.433647989936,5015.779999999991,21.019082506805436,1.5723532052152365,-776343.1903373423,-636554.7249374196,114.7472044542654,145.5466531797752,43.48492707941083,14.153733968837345,144.8905,150.26313240878966,139.51786759121035,7.416127915618562,0.40223600647967506,0.0,0.0,144.91966666666667,142.18366666666665,147.65566666666666,-3.775885030557165,0.6973075048732917,1.0,1.0,142.72,151.12,146.92000000000002,5.797481546409189,0.13333333333333378,4.386080664081295,4.610323100450913,48.26337373658382,0.727524905072155,0.7381552964738803,0.6251624767512679,-6.371954474706125,4.905913423921251,15.384615384615445,19.26961926961921,-84.61538461538456,-1.3568823529411702,-1.5199233191838963,-0.5185384420874494,-0.46030346546317763,-0.05823497662427174,-0.39770281180710276,-0.3537025629753209,-0.044000248831781885,143.648773494895
142.02,2023-03-07,144.38,141.34,143.7,1573200,-0.8911451065824849,-0.710460380753147,-0.18068472582933792,142.94666666666666,145.65269230769232,143.43036704140422,144.3215121479867,0.7431274544805428,0.8529096751160292,-0.10978222063548637,-0.06710608044793344,25.83011387755301,1.1299999999999955,-21.261878902167478,-6.270065637468775,-14.991813264698703,146.36,149.57,147.965,148.14499999999998,51.465261070164416,15.126436279559227,63.163990403477555,68.27815329206153,-107.17381881231009,147.9525,153.815,16.0,68.0,-52.0,142.8656,146.76458379944694,0.0,0.0,34346.433647989936,4873.75999999999,21.41357870402088,-49.37369725267265,2968595.9723982853,-423906.9521904267,112.27883682356462,145.28990948354783,43.666880064577505,13.907736089790534,144.5,149.71035123575922,139.28964876424078,7.211558803818989,0.196757487449928,0.0,0.0,144.63000000000002,141.98499999999999,147.275,-3.657609071423646,1.121928166351603,0.0,1.0,142.72,151.12,146.92000000000002,5.813148788927339,-0.16428571428571365,4.001472597673164,4.432956914533194,43.25150185917524,0.39658049229564907,0.7080351324559349,0.7003654971785637,-7.5231156681959925,1.7447341762855557,-18.956043956043892,16.337747220100074,-118.95604395604389,-1.474382352941177,-3.476063648159532,-0.6174721240924279,-0.49173719718902775,-0.12573492690340016,-0.6009938450104366,-0.40316081938234405,-0.19783302562809257,143.56669454028182
141.71,2023-03-08,142.24,140.25,142.11,2481300,-1.0788388512781353,-0.7841360748581447,-0.29470277641999054,142.49833333333333,145.3323076923077,142.94107980426512,144.01991865554325,0.8177042801556419,0.9414396887159524,-0.12373540856031051,-0.07576620722870707,25.825889222024617,0.7955000000000041,-23.9336835413623,-10.749706914285225,-13.183976627077074,146.12,149.32999999999998,147.725,148.595,37.90968550327995,14.764731017550158,61.178452701973185,74.86823592593689,-139.1678162394529,148.1775,153.815,12.0,100.0,-88.0,142.8656,150.0,0.0,1.0,34346.433647989936,4732.04999999999,22.51401610641058,-64.38658335943377,171088.84341259545,-477391.60222847667,111.18598342042326,144.8844783037427,36.488724850275965,13.800481014526124,144.12449999999998,149.4226826129323,138.82631738706766,7.352230346585518,0.13435575148516732,0.0,0.0,144.20733333333334,141.62033333333335,146.79433333333333,-3.587889658870777,1.2648498904780354,0.0,1.0,142.24,151.12,146.68,6.1613396750725915,-0.22409909909910025,3.691325337905848,4.427178339250725,41.240654942204834,0.2638000524923258,0.4626351499533768,0.636275192961064,-9.09042178840778,-8.234318065379071,-25.644329896907365,-9.738586156111957,-125.64432989690737,-2.4724117647058677,-3.6942937581542235,-0.7490900295940497,-0.5432077636700321,-0.2058822659240176,-0.7714049592270937,-0.47680964735129405,-0.2945953118757997,143.45221830288386
139.64,2023-03-09,143.18,139.55,141.9,2074400,-1.269438350953891,-0.881196530077294,-0.38824182087659687,142.05083333333332,145.01653846153846,142.41937521899357,143.68881356994746,0.7868284228769492,0.9145002888503744,-0.12767186597342517,-0.08622913732570225,25.540340555019934,0.05099999999998772,-25.883803061269777,-14.36404498552588,-11.519758075743898,146.12,149.32999999999998,147.725,148.595,24.82807354787068,14.428861845684592,57.04063962103532,69.80451246973558,-120.08755854204746,148.1775,153.815,8.0,96.0,-88.0,142.8656,149.8448,0.0,0.0,34346.433647989936,4592.40999999999,22.734749960496494,-69.15250002237158,-334574.620452588,-492451.81090276176,110.48902798370312,144.4628304847527,36.07649392746275,13.731601608393017,143.679,148.9423407641895,138.4156592358105,7.326527556830863,0.10775862850333537,0.0,0.0,144.21233333333333,141.55933333333334,146.86533333333333,-3.6792969625806276,1.3786907903002896,0.0,1.0,142.24,151.12,146.68,6.180443906207585,-0.30292792792792783,3.6151928041152646,4.436445602980698,39.955915295926324,0.1789659988276942,0.2797821812052232,0.48348415453817833,-10.760426503273793,-11.081158239698164,-34.66494845360826,-26.42177410218652,-134.66494845360825,-2.9094411764705512,-3.7054926856196357,-0.8834635901116482,-0.6112589289583554,-0.2722046611532928,-1.011305761644377,-0.5837088702099107,-0.42759689143446633,143.4334898766976
140.29,2023-03-10,142.6,138.96,140.22,1880400,-1.4513674364439453,-0.9952307113506242,-0.45613672509332104,141.65333333333334,144.61653846153845,141.88716364684072,143.33853108328466,0.7780285929270124,0.8955981941309241,-0.11756960120391169,-0.09809114708201983,25.170081191647817,-3.5200000000000102,-28.225551822669715,-17.564118393372528,-10.661433429297187,146.12,149.32999999999998,147.725,149.095,15.135355484182522,14.24408779429069,55.40203696681465,70.28605204862602,-131.48567515009745,149.46500000000003,152.65,4.0,92.0,-88.0,142.8656,149.692704,0.0,0.0,34346.433647989936,4452.11999999999,22.385191880860525,-71.09801430489,1917029.0113336788,-457568.87634943734,109.89589935597112,144.0348008000066,36.32275703395795,13.731601608393017,143.18,148.24210628098425,138.11789371901577,7.070968404783123,0.08317745956338424,0.0,0.0,144.127,141.589,146.66500000000002,-3.5218938852539927,1.517927501970051,0.0,1.0,142.24,150.0,146.12,5.419751361922049,-0.4226804123711347,3.5586735237037366,4.437928914429047,38.85716417785128,0.10641315780277774,0.1830597363742661,0.3084923558442887,-12.46058916361346,-13.991737630365213,-42.268041237113465,-34.19243986254305,-142.26804123711347,-4.095764705882345,-3.318722604884145,-1.0125452140992364,-0.6915161859865316,-0.32102902811270473,-1.1532937798335763,-0.6976258521346439,-0.4556679276989324,143.39093946413303
142.29,2023-03-13,146.29,140.57,140.65,2531600,-1.4489316209567846,-1.0859708932718564,-0.36296072768492826,141.72916666666666,144.1526923076923,141.6845230857883,143.13345470674508,0.6957262046654178,0.8903456495828357,-0.1946194449174179,-0.10804232363028694,25.315444620378585,-3.1429999999999723,-30.648069910262326,-20.473274000471847,-10.174795909790479,146.12,149.32999999999998,147.725,149.095,8.713040409346682,13.948277005471308,53.23348571345108,65.19834143994393,-66.77735013709729,149.75500000000002,152.65,0.0,88.0,-88.0,142.8656,149.54364991999998,0.0,0.0,34346.433647989936,4594.40999999999,22.191031259272847,-28.214455118477453,-8165296.226017279,-1081914.044560966,111.54448096218871,143.7808775068074,43.46899481862064,13.731601608393017,142.89299999999997,147.86275693570423,137.92324306429572,6.955913775628273,0.26628635665148565,0.0,0.0,143.93266666666665,140.85566666666665,147.00966666666665,-4.275610354841845,1.0464196728415107,0.0,1.0,142.24,150.0,146.12,5.430636910135551,-0.21520618556701263,3.935806171333361,4.329908208333619,43.42880543564885,0.40828821935541804,0.23122245866196348,0.23135479208048426,-12.618855051842894,-5.844171647079688,-21.520618556701262,-32.817869415807685,-121.52061855670127,-5.260941176470595,0.651582414435054,-1.0122941725436496,-0.7556717832979553,-0.25662238924569436,-1.1411282254921329,-0.7863263268061417,-0.3548018986859912,143.3196975482759
141.49,2023-03-14,143.42,139.69,142.73,2157200,-1.500710607444546,-1.1689188361063945,-0.3317917713381515,141.72416666666666,143.77576923076924,141.3776733802824,142.87838398772695,0.7318511032508,0.905002526528549,-0.1731514232777489,-0.11727096678315735,25.205846664597622,0.10349999999999682,-32.72245951845101,-23.251757102768043,-9.470702415682968,146.12,146.68,146.4,149.095,4.713904850432881,14.319196589262983,48.41021142478252,71.32983466883253,-76.18098668914976,151.065,152.10000000000002,12.0,84.0,-72.0,142.8656,149.39757692159998,0.0,0.0,34346.433647989936,4452.91999999999,22.638055642129565,-41.97113295869487,192628.4543077293,-1061823.93685257,110.65872155406464,143.5097625989724,43.60962204969114,13.64563867593669,142.5265,147.30212676514626,137.75087323485374,6.701387833345036,0.2030232742745411,0.0,0.0,143.685,140.822,146.548,-3.985106308939694,1.197694725812086,0.0,1.0,142.24,150.0,146.12,5.444601530241738,-0.32860824742268224,3.8272255542000244,4.186067187598891,41.5980068531143,0.28739674873741095,0.2673660419652024,0.22721607900047736,-13.2724791231413,-17.91699643975671,-32.86082474226823,-32.216494845361005,-132.86082474226822,-5.135411764705879,-0.04293381037567247,-1.0503412521613171,-0.8146056770706277,-0.23573557509068943,-1.163329565141401,-0.8617269744731936,-0.3016025906682075,143.1554374896498
140.31,2023-03-15,141.2,139.39,139.87,1872400,-1.5481076981976685,-1.2447566085246493,-0.30335108967301916,141.45416666666668,143.4003846153846,141.07187747562358,142.61998517382125,0.7083544303797465,0.8702109704641344,-0.16185654008438788,-0.1258088777475854,25.174002377532375,0.7269999999999754,-34.29845230456003,-25.61776139954027,-8.680690905019759,145.6,146.16,145.88,148.81,2.3569524252164404,15.109966898866276,48.019747990959324,80.7022348887334,-115.90797846304443,151.065,152.095,8.0,100.0,-92.0,142.8656,149.25442538316798,0.0,0.0,34346.433647989936,4312.60999999999,6.864672218108365,-41.988542536024404,2407668.733518601,-1026595.7190448511,110.35739003427081,143.41721932658626,43.660571969444554,13.616333130781124,142.31300000000002,147.2460359820279,137.37996401797213,6.932656864837209,0.20373214277686721,0.0,0.0,143.06300000000002,141.019,145.107,-2.85748236790784,1.3984833659491247,0.0,1.0,141.2,150.0,145.6,6.183553153963453,-0.2056818181818182,3.595502998780021,3.9701584743973313,40.96400811533619,0.23337663636205788,0.3096872014849625,0.2694252340373761,-13.98885545766578,-15.282099569761536,-20.568181818181817,-24.983208372383785,-120.56818181818181,-5.256647058823546,-2.271611862861957,-1.0854773938665594,-0.8687800204298142,-0.21669737343674522,-1.2336779363935275,-0.9361171668572604,-0.2975607695362671,142.9711297002369
139.01,2023-03-16,140.79,138.29,139.27,2189700,-1.6553492057883545,-1.3268751279773903,-0.32847407781096427,141.05833333333334,143.03615384615384,140.64389632552763,142.299245531316,0.7415111111111105,0.8981333333333325,-0.156622222222222,-0.13477157171502716,25.11946834670291,1.0754999999999768,-35.281551226073894,-27.792042589668146,-7.489508636405748,145.39499999999998,145.95499999999998,145.67499999999998,148.605,1.1784762126082202,15.92492718885481,48.01974799095933,82.68075024259034,-121.89794945159686,151.20999999999998,148.14499999999998,4.0,100.0,-96.0,142.8656,148.93224836784125,0.0,0.0,34346.433647989936,4173.599999999989,6.931107813631592,-57.8346078880208,552190.4898928019,-1007289.949925523,109.26038881467113,143.28361006031935,43.810113648349834,13.508879465210716,141.92450000000002,146.83978422372326,137.0092157762768,6.926618341052085,0.13028587620036272,0.0,0.0,142.61333333333332,140.93633333333332,144.29033333333334,-2.351813762154086,1.789008149473262,0.0,1.0,140.79,150.0,145.39499999999998,6.489365824787127,-0.2714440825190009,3.3759526989020197,3.8416613359030674,38.63862937691307,0.0,0.1735911283664898,0.2502147906055516,-15.251177526650537,-11.048084598642872,-27.144408251900085,-26.85780493745006,-127.1444082519001,-5.429235294117632,-3.320749440715884,-1.1632874085928022,-0.9276814980624118,-0.23560591053039037,-1.3481976870549988,-1.0185332708968082,-0.32966441615819053,142.72537489145662
137.15,2023-03-17,139.27,135.45,138.33,6545000,-1.947058658108233,-1.4509118340035587,-0.49614682410467426,140.42916666666667,142.53576923076923,139.84483535236953,141.79189401047776,0.8349514563106785,0.8848543689320375,-0.04990291262135904,-0.14723102988196118,25.11458863774023,0.7745000000000175,-38.798483263097125,-30.117103727768185,-8.68137953532894,141.485,145.195,143.34,147.845,0.5892381063041101,16.980810255616664,47.92013447460382,90.3920618878302,-154.2892848598039,151.20999999999998,148.14499999999998,0.0,100.0,-100.0,142.8656,148.44371346577077,0.0,0.0,34346.433647989936,4036.4499999999894,7.083621579391476,-105.21623533258932,843018.592781617,-909080.4151827634,106.44380048579703,142.8152589158,36.816914229017144,13.231453637738026,141.3755,146.59836693301517,136.1526330669848,7.388645038235314,-0.06726507452672008,0.0,1.0,141.6653333333333,140.15833333333336,143.17233333333334,-2.127549435759383,2.5621543906215662,0.0,1.0,139.27,150.0,144.635,7.589716747244035,-0.35601118359739287,3.1363574290118192,4.122157035466042,33.37146507787165,0.0,0.07779221212068613,0.18702351399071282,-17.99836956558417,-19.677498721335674,-35.60111835973928,-27.77123614327375,-135.60111835973927,-5.603294117647096,-5.279720279720287,-1.3731805133827708,-1.0167813011264837,-0.3563992122562871,-1.5282777005122867,-1.120482156819904,-0.4077955436923828,140.73990138096545
141.08,2023-03-20,141.48,137.05,137.14,3140000,-2.02578191952,-1.565885851106847,-0.459896068413153,140.00416666666666,142.07846153846154,139.41486068277422,141.44064260229422,0.8083162409099378,0.884206600783142,-0.07589035987320414,-0.15908327522985438,25.38607001135006,4.723499999999973,-42.032840794684,-32.424988382492245,-9.607852412191754,141.0,144.635,142.8175,147.845,0.29461905315205505,17.9612731033241,43.78721351230304,82.59610614818614,-117.98388400175475,151.20999999999998,148.14499999999998,60.0,96.0,-36.0,142.8656,147.7098163885091,0.0,0.0,34346.433647989936,4177.52999999999,7.083448218948465,-57.93848742793325,-1568897.0796710378,-1054538.1361032554,108.11030473090595,142.39656301589136,43.89118659169114,13.231453637738026,140.94650000000001,146.11022065472022,135.7827793452798,7.327206641839575,0.12270422234806856,0.0,0.0,140.71033333333335,138.81733333333335,142.60333333333332,-2.690633950124468,1.4668075365381281,0.0,1.0,139.27,150.0,144.635,7.612817629384192,-0.206896551724138,3.425721686110637,4.286315575148793,38.46114953731091,0.2676201941765536,0.0892067313921847,0.1135300239597869,-18.83935213698276,-10.825318779727894,-20.6896551724138,-27.811727261351077,-120.68965517241381,-6.102352941176491,-3.5877594090749163,-1.4322488092875372,-1.0998748027586944,-0.33237400652884275,-1.4315934170459672,-1.1827044088651166,-0.24888900818085058,140.22370582874035
140.98,2023-03-21,143.0,139.46,142.64,3842400,-1.8721231423409392,-1.6271333093536655,-0.24498983298727373,139.48666666666668,141.815,139.42180519311665,141.2939283354576,0.828915662650602,0.8867469879518057,-0.05783132530120372,-0.1664667223334829,25.501482622800122,3.166499999999985,-42.385397468357354,-34.47517881882502,-7.910218649532332,141.0,144.635,142.8175,147.845,2.0609042003178355,17.069721783873884,56.61982321959781,63.184570419410846,-26.52432421790326,151.23,148.14499999999998,56.00000000000001,92.0,-35.99999999999999,142.8656,147.03463107742837,0.0,0.0,34346.433647989936,4318.509999999989,7.911364972587036,-1.1241606525142984,-896297.347141474,233452.5070728405,110.58941308552106,142.05048030067263,43.55225127585709,13.464126408748232,140.67350000000002,145.53663592242546,135.81036407757458,6.914075390781408,0.37523482590686164,0.0,0.0,140.56633333333335,138.70533333333336,142.42733333333334,-2.6478602036049264,0.7972416263657562,1.0,1.0,139.27,150.0,144.635,7.627591550647413,0.017707362534948548,3.6781495174995724,4.305172101167362,45.24583194016657,0.6243649072424236,0.2973283671396592,0.15477577021751002,-17.452734099767543,-2.101095253370333,1.7707362534948548,-18.173345759552763,-98.22926374650514,-5.952911764705902,-4.263060341868593,-1.3249848485323283,-1.1448968119134213,-0.18008803661890704,-1.3452245211488185,-1.2152084313218572,-0.13001608982696133,140.20633869358605
138.63,2023-03-22,141.76,138.54,140.95,1572500,-1.8037907882281274,-1.662464805128558,-0.14132598309956945,139.045,141.48884615384617,139.28614285571408,141.0899336439422,0.687368862778011,0.8581619806965998,-0.17079311791858875,-0.1714678420899586,25.65082776717206,0.9259999999999877,-43.10309127494557,-36.388433064789005,-6.714658210156564,141.0,144.635,142.8175,147.845,2.7547302174981345,16.5440776875175,53.041533216975445,64.45087357386626,-59.48274969186643,151.4125,148.14499999999998,52.0,88.0,-36.0,142.8656,146.4134605912341,0.0,0.0,34346.433647989936,4179.879999999989,7.83084688515205,-19.183509130726854,855983.5533434366,-518453.37761788414,109.67488849065512,141.79542165324273,43.806190173983566,13.375305267947653,140.41400000000002,145.1492566984257,135.67874330157434,6.74470736312002,0.30212265993699233,0.0,0.0,140.45466666666667,138.52566666666667,142.38366666666667,-2.7467937460248173,0.9962847762225697,1.0,1.0,139.27,150.0,144.635,7.641688150754191,-0.06803355079217324,3.540334565749613,4.411575362574382,43.28399481894272,0.5212097439884448,0.4710649484691409,0.28586668233366164,-16.901671400390995,-9.068987993374346,-6.803355079217324,-8.57409133271211,-106.80335507921734,-5.473470588235273,-3.684649610678539,-1.2784688047130388,-1.171611210473345,-0.10685759423969388,-1.395060597957246,-1.251178864648935,-0.1438817333083109,140.1717721043181
135.46,2023-03-23,139.07,134.29,138.56,2729500,-2.0687293622055165,-1.74371771654395,-0.3250116456615666,138.4575,141.12846153846152,138.51750549329654,140.58623485550206,0.8540501094624178,0.8708343468742382,-0.016784237411820446,-0.18011597417998737,25.511465027887056,0.10450000000000159,-45.196658488692336,-38.274111583235964,-6.922546905456372,140.89999999999998,144.535,142.71749999999997,147.745,2.718502576225897,16.666582750452495,52.99312100407958,76.66816848850223,-138.78080415045483,151.385,148.14499999999998,48.0,100.0,-52.0,142.8656,145.84198374393537,0.0,0.0,34346.433647989936,4044.419999999989,8.251797008701761,-98.68657925490874,956297.0618632606,-62636.26791197907,105.51937383784727,141.07821966071322,36.414500494648486,12.964990215336295,140.1455,145.57884694272192,134.71215305727807,7.753865722013087,-0.038848343546657095,0.0,1.0,140.031,138.179,141.88299999999998,-2.6451285786718506,2.049946004319663,0.0,1.0,139.07,150.0,144.535,7.799037428957767,-0.4373284537968891,3.2393011091746517,4.748724497470668,35.603883321752505,0.14990813434615258,0.4318275951923405,0.4000736369337135,-18.96616885837458,-26.061013640679885,-43.73284537968891,-16.255154735137143,-143.7328453796889,-5.217205882352971,-4.9879722654591845,-1.4715020743900047,-1.231589383256677,-0.23991269113332758,-1.598874129835376,-1.3207179176862232,-0.27815621214915276,139.78487425859382
137.39,2023-03-24,137.47,133.38,134.52,1951900,-2.3253196482310443,-1.8600381028813688,-0.4652815453496755,137.885,140.64076923076922,137.72712003278937,140.05243968102042,0.9850557244174257,0.835866261398175,0.14918946301925073,-0.19176906158609813,25.59543554704024,-0.2769999999999868,-49.29584120024146,-40.34608617101142,-8.94975502923004,140.1,143.735,141.91750000000002,146.945,1.915568392161985,17.114181626637734,52.40079706941344,83.58678423789748,-172.66245916853467,151.385,148.14499999999998,44.0,100.0,-56.0,142.8656,145.16478536954185,0.0,0.0,34346.433647989936,3907.0299999999893,8.283719432982611,-102.44919650420744,6055025.838852863,425318.6627444642,104.58836706146779,140.1429927541785,29.004633066219625,12.964990215336295,139.827,146.01073705779817,133.64326294220183,8.844839777436645,-0.021286718673608474,0.0,1.0,139.484,137.575,141.39299999999997,-2.737231510424123,2.0987427972760635,0.0,1.0,137.47,150.0,143.735,8.961073326324675,-0.32641660015961715,3.2333709982571874,4.959076378742615,34.20442605458665,0.07014782231126189,0.24708856688195327,0.3833270368478116,-21.072577616224937,-26.30297301808427,-65.650080256822,-38.72876023857609,-165.65008025682198,-5.173941176470578,-4.898395721925137,-1.6603207009653873,-1.3173356467984192,-0.3429850541669681,-1.6321069888647863,-1.382995731921936,-0.2491112569428504,139.33753844138317
138.73,2023-03-27,139.72,137.97,138.63,2015600,-2.1336987082427186,-1.9147702239536388,-0.21892848428907974,137.75333333333333,140.31538461538463,137.764486181591,139.89818488983371,0.7347614840989387,0.7195229681978781,0.015238515901060623,-0.19834120027407368,25.50439013371122,-0.6339999999999861,-51.210411085329945,-42.40030301177575,-8.810108073554197,140.055,143.735,141.895,146.945,50.95778419608099,16.33057176650289,57.980020637698395,65.57052586162764,-71.46432309102326,150.06,148.14499999999998,40.0,96.0,-56.0,142.8656,144.24141112519683,0.0,0.0,34346.433647989936,4045.7599999999893,7.298917615858781,3.1536458535365313,-2498522.309522095,34810.21403586555,109.36247637320868,139.827948018586,36.164595012658566,12.964990215336295,139.594,145.6882412160979,133.49975878390208,8.73137988179709,0.36675945844494917,0.0,0.0,139.11100000000002,137.657,140.565,-2.090417005125394,0.8923658872077065,1.0,1.0,137.47,150.0,143.735,8.97603048841641,0.03990422984836392,3.5440338984314694,4.896297336986179,45.78077380252791,1.0,0.406685318885805,0.36186716032003297,-18.89710802031325,-3.5089127699201454,9.505703422053248,-33.29240740481924,-90.49429657794676,-4.858000000000004,-1.132210677176648,-1.5251796940202993,-1.3589044562427954,-0.16627523777750386,-1.563637224424184,-1.4191240304223856,-0.14451319400179852,139.30934382647942
141.66,2023-03-28,142.24,138.28,138.94,1556300,-1.934523342630854,-1.918720847689082,-0.015802494941771883,137.6966666666667,140.03269230769232,137.84379599980778,139.77831934243864,0.6532374100719416,0.713874614594038,-0.06063720452209642,-0.2004174705274058,25.568583653886606,1.2139999999999986,-50.71243516832028,-44.224078885526886,-6.488356282793397,140.055,143.735,141.895,146.945,75.47889209804049,15.51974923173726,56.90994323305307,62.87405596742075,-39.181753638622574,150.0325,148.14499999999998,36.0,92.0,-56.0,142.8656,143.4288417901732,0.0,0.0,34346.433647989936,4187.419999999989,7.303059146713762,8.976639303031359,-3296272.765777239,-212858.4723348369,109.68076730602016,139.70369909234043,43.45305601747479,12.964990215336295,139.356,145.26222857667963,133.44977142332036,8.476461116392029,0.4089097225047715,0.0,0.0,138.89833333333334,137.18333333333334,140.61333333333332,-2.469432078618638,0.6802721088435362,1.0,1.0,137.47,150.0,143.735,8.991360257183043,0.06464485235434973,3.6166305085883237,4.784453422008661,46.46585094889606,1.0,0.690049274103754,0.44794105329050415,-16.99704238455321,3.530734137537646,15.399239543726306,-13.581712430347494,-84.60076045627369,-5.014441176470569,-0.48934945308002786,-1.3839938494978783,-1.363922334893812,-0.0200715146040662,-1.3251034330452078,-1.4003199109469502,0.07521647790174235,139.29718867444265
141.95,2023-03-29,143.77,141.03,143.1,1665600,-1.537055197577331,-1.8423877176667318,0.3053325200894008,137.73499999999999,139.8830769230769,138.33398123060658,139.8710364281839,0.6307361843389951,0.7516110134739302,-0.12087482913493508,-0.19522599556170375,25.5940287723264,0.43250000000000455,-48.832978204734886,-45.729792994267,-3.1031852104678848,140.285,143.735,142.01,146.945,87.73944604902024,15.081792237899533,62.21230446716315,51.53345313421476,43.98407902939582,149.8175,148.14499999999998,32.0,88.0,-56.0,137.47,143.4288417901732,1.0,0.0,34346.433647989936,4329.369999999989,7.624623083816166,63.46033368831259,-1342831.9830926696,-284876.855380557,112.5037532765148,139.78495723481325,43.55265497170979,12.964990215336295,139.2575,144.98021220663657,133.53478779336342,8.218892636499394,0.6548653799106355,0.0,0.0,139.14633333333333,137.49733333333333,140.79533333333333,-2.3701666590807293,-0.07115423488983297,1.0,0.0,137.47,150.0,143.735,8.997720050984688,0.2841181165203513,3.8039674577294926,4.650830927449809,52.231917569337085,1.0,1.0,0.6989115309965198,-13.41450342808914,8.322762445940318,63.23268206039086,29.37920834205679,-36.76731793960914,-4.406088235294135,0.3272390979583183,-1.098908849772143,-1.3109196378694783,0.2120107880973352,-1.1066188066140774,-1.3415796900803758,0.2349608834662984,139.3181809593718
140.81,2023-03-30,143.44,140.35,142.41,2546500,-1.262377246922,-1.7263856235177855,0.4640083765957854,137.79,139.75307692307692,138.6441379643594,139.9065152112814,0.6070792960253102,0.7540043504053782,-0.14692505438006798,-0.1859099463418404,25.637160313900942,0.2224999999999966,-47.26290554003849,-46.670284358371596,-0.5926211816668925,140.285,143.735,142.01,146.945,93.86972302451012,14.584820359541558,58.93472910144132,50.07830732254853,31.66891587944339,149.7525,148.14499999999998,28.000000000000004,84.0,-56.0,137.58259999999999,143.4288417901732,0.0,0.0,34346.433647989936,4188.559999999989,7.836393381439215,40.71588601855352,373055.89091684244,-395160.6496960454,111.82481404372744,139.89118451936866,43.50801891281309,12.902477322005593,139.1675,144.76057026596192,133.57442973403806,8.037897161279648,0.605711169694793,0.0,0.0,139.408,137.80800000000002,141.00799999999998,-2.295420635831488,0.2056249999999985,1.0,1.0,137.47,150.0,143.735,9.003538900964667,0.22984836392657584,3.664570711956543,4.486787460494526,50.77557186956977,0.9227830986331674,0.9742610328777227,0.8881034356604923,-11.034681769190229,2.271376349213809,51.154529307282374,43.262150303799835,-48.845470692717626,-3.3359999999999843,0.47247476555229195,-0.9023005433418213,-1.2291958189639471,0.32689527562212584,-0.9876080300734384,-1.2707853580789883,0.28317732800554984,139.33375630401437
143.55,2023-03-31,143.64,141.34,141.78,1330100,-0.9538132998624178,-1.571871158786712,0.6180578589242942,137.9525,139.8176923076923,139.05888596984258,140.012699269705,0.6535568450462055,0.7154523963034594,-0.06189555125725388,-0.17248394767543374,25.441799805929495,-0.6610000000000014,-42.83280742364255,-46.75916953936698,3.92636211572443,140.285,143.735,142.01,146.945,96.93486151225505,14.12334647249487,55.66223641930084,47.297588776019836,50.169967692091745,147.5475,148.14499999999998,24.0,80.0,-56.0,137.69294799999997,143.4288417901732,0.0,0.0,34346.433647989936,4332.109999999989,7.837193500256997,55.20140230161749,278578.892371998,207973.28733176013,112.83738618480335,139.8745385217717,43.53764997420662,12.902477322005593,138.951,143.80717091956078,134.0948290804392,6.989760303359864,0.7459756915038819,0.0,0.0,139.865,138.17299999999997,141.55700000000002,-2.419475923211699,0.06412529550827725,1.0,1.0,137.47,150.0,143.735,9.017567343883815,0.30885873902633715,3.627113640760888,4.388135094814275,52.837330639640115,1.0,0.9742610328777226,0.9828406885851485,-8.447562565741231,6.396067237001065,68.73889875666089,61.04203670811136,-31.261101243339116,-1.824323529411771,1.3989525790946389,-0.68123342013791,-1.1196033391987399,0.4383699190608299,-0.7276653259000643,-1.1621613516432034,0.43449602574313917,139.4563930139614
148.01,2023-04-03,148.89,145.12,145.28,3394100,-0.3996527909141605,-1.3374274852122017,0.9377746942980412,138.52166666666668,140.02423076923077,139.99136505140527,140.39101784231943,0.5561194612531711,0.7345305485067338,-0.1784110872535627,-0.15130651050815205,25.618872003764515,-3.5649999999999977,-36.798117527912865,-46.138360657095376,9.340243129182511,141.375,143.735,142.555,146.945,98.46743075612753,14.511615079226813,60.354306621930185,40.60714776350453,202.38220970486375,147.5475,148.14499999999998,20.0,76.0,-56.0,137.80108903999997,143.4288417901732,0.0,0.0,34346.433647989936,4480.119999999989,6.517415495333345,127.24088768710072,-10670731.70731703,-567981.0099271513,116.7957688082645,140.21916189923587,51.153590436935225,12.902477322005593,139.015,144.1527874615429,133.87721253845706,7.391702278952527,1.0941273403869676,1.0,0.0,140.65233333333333,139.03333333333336,142.27133333333333,-2.3021303118564007,-0.8797611694461701,1.0,0.0,137.47,145.28,141.375,5.618098766320183,0.9795134443021771,4.019402276684797,4.248762847125277,59.76656938750289,1.0,0.9742610328777226,0.9742610328777227,-3.7873063166182885,22.362554359983115,97.95134443021772,72.6149241647203,-2.048655569782286,-0.21747058823530097,4.93889652180202,-0.2846711969586485,-0.9526169107507216,0.6679457137920731,-0.2646939279716629,-0.9826678669088954,0.7179739389372325,139.93135802174498
148.89,2023-04-04,149.07,147.66,148.1,1562600,0.24169407838618895,-1.0216031724925236,1.2632972508787126,139.53916666666666,140.2176923076923,141.17115504349675,140.92946096511056,0.4794112166946146,0.7432457611328482,-0.2638345444382336,-0.12199562103156919,25.51192821415349,-2.2809999999999775,-29.86400516191498,-44.66735108898087,14.803345927065891,142.785,143.735,143.26,146.945,99.23371537806376,15.432177699348689,63.89556805526296,36.41184631835776,227.49748120592074,147.5475,148.14499999999998,16.0,72.0,-56.0,138.10024547839996,143.4288417901732,0.0,0.0,34346.433647989936,4629.009999999989,6.202195344115253,163.08941801751473,-977231.5131976617,-809759.5989783129,119.4017541996647,140.83179976013108,58.65371086679296,12.902477322005593,139.331,145.64475609284892,133.01724390715106,9.062959560828435,1.159591523454127,1.0,0.0,141.31,139.63,142.99,-2.377751043804411,-1.389880952380943,1.0,0.0,137.47,148.1,142.785,7.6293143665085275,0.9586077140169335,4.0124620490163165,4.089551974382856,63.6330885489155,1.0,1.0,0.9828406885851485,1.4594370164633812,29.919164979460856,95.86077140169334,87.51700486285729,-4.1392285983066595,1.3744705882352832,9.014396456256927,0.17150003748756573,-0.7277935211030642,0.8992935585906299,0.1480398961640016,-0.756526314294316,0.9045662104583176,140.58964420165054
148.7,2023-04-05,149.52,148.45,148.9,1913800,0.8044394138393329,-0.6563946552261524,1.4608340690654853,140.48916666666665,140.42576923076922,142.29097734449726,141.48653793065793,0.4428228339183442,0.7461666358765932,-0.30334380195824895,-0.08712076954045586,24.65689561761289,-0.2810000000000059,-21.87947159719531,-42.07655254548119,20.197080948285883,143.185,143.735,143.46,146.945,99.61685768903187,16.436938566004596,63.92302678000391,34.80068657349824,202.1766909010797,147.3825,148.14499999999998,12.0,68.0,-56.0,138.70023074969595,143.4288417901732,0.0,0.0,34346.433647989936,4777.709999999989,4.830798588044169,156.57278687215532,-260591.79556154116,-867815.476510766,120.19731833348564,141.53793125532655,65.96772986098141,12.971507235891442,139.741,147.20112305528446,132.28087694471557,10.677071232185888,1.0837035083376327,1.0,0.0,142.164,140.503,143.825,-2.3367378520581883,-1.392233594220348,1.0,0.0,137.47,148.9,143.185,8.179417636914009,0.960629921259841,3.797215844114686,3.858897420222029,64.76720653332288,1.0,1.0,0.9914203442925743,6.003670709058486,27.267952207750874,96.06299212598411,96.62503598596504,-3.9370078740158947,2.4890294117647045,8.31813206858809,0.5685625117448176,-0.46852231453348786,1.0370848262783054,0.45697291084918507,-0.5138264692656159,0.9707993801148009,141.50316392400262
149.04,2023-04-06,149.35,147.29,147.74,1404600,1.1436337431676975,-0.2963889755473824,1.4400227187150798,141.14166666666665,140.59076923076924,143.06005775303615,141.91642400986845,0.4308973172987974,0.7555966697502311,-0.3246993524514337,-0.05143104486456803,23.93090835023127,-1.5879999999999939,-11.876265270575894,-37.918821886629466,26.042556616053574,144.31,143.735,144.0225,146.945,99.80842884451593,17.30912293917762,63.92302678000391,35.45397929696926,151.72561629153293,147.3825,148.14499999999998,8.0,64.0,-56.0,139.51621228972027,143.4288417901732,0.0,0.0,34346.433647989936,4628.669999999989,4.666648005057054,109.5071887475618,718364.1975308645,-876719.3618858196,119.03270802698513,142.29519145679606,65.22557346528106,12.971507235891442,140.128,148.27935228044927,131.9766477195507,11.63415203306875,0.9393136104041162,0.0,0.0,143.246,141.475,145.017,-2.472669393909779,-0.6417278373800099,1.0,0.0,137.47,148.9,143.185,8.156828042932181,0.8591426071741022,3.5074942597032184,3.3791756006042193,61.723398693404754,0.9004080194197048,0.9668026731399019,0.9889342243799675,8.79356391542531,27.119608145711528,85.91426071741022,92.61267474836252,-14.085739282589786,3.598911764705889,5.614513122042151,0.805850169313858,-0.2136478177640187,1.0194979870778766,0.7109522339042846,-0.26887072863163586,0.9798229625359205,142.87928215347392
152.93,2023-04-10,153.47,148.17,148.17,1698100,1.466550853118207,0.05619899018573546,1.4103518629324716,141.94416666666666,140.82230769230767,143.8462027141075,142.3796518609893,0.41217712177121735,0.8011070110701106,-0.38892988929889327,-0.015415219374160426,23.794635593586577,-6.298500000000018,1.163767129974741,-32.09946875159561,33.26323588157035,145.57,143.735,144.6525,146.945,99.90421442225797,18.20866848521984,63.3938529679424,34.20815746364105,161.77412357716887,147.07,148.14499999999998,4.0,60.0,-56.0,140.26691530654264,143.4288417901732,0.0,0.0,34346.433647989936,4781.599999999989,4.598219396205732,113.08879035505288,-7884326.162296464,-1327821.4392162072,119.94640481563337,143.14036837707778,65.63503519007295,12.971507235891442,140.5885,149.43486710746197,131.74213289253805,12.584766332185005,0.9285092348024389,0.0,0.0,144.72733333333332,142.72133333333335,146.73333333333335,-2.7721093919139905,-0.3580923894981652,1.0,0.0,137.47,148.9,143.185,8.130110215273657,0.9361329833770763,3.7747448337328975,2.9866672629870155,63.13867857025349,0.9467153204793516,0.9490411132996855,0.9719479288131959,11.512229243576416,22.149791622682063,93.61329833770763,91.8635170603673,-6.386701662292369,5.112235294117625,6.951061065396273,1.0300284021975672,0.03508742622829847,0.9949409759692687,1.1136415636303456,0.007631729820760436,1.1060098338095852,144.46053600710914
153.07,2023-04-11,154.29,152.88,153.86,1105800,2.078562254325931,0.4606716430137745,1.6178906113121563,143.49333333333334,141.09961538461536,145.23601768116788,143.15745542684195,0.3967261357366193,0.8033842192385502,-0.4066580835019309,0.025807378577402087,23.716938828962494,-7.824000000000012,13.298488692925408,-24.98714387812387,38.28563257104928,148.65,145.66500000000002,147.15750000000003,146.945,99.95210721112898,20.047577229341584,70.59000299250641,27.483411672812785,186.25195909301047,147.1125,148.14499999999998,100.0,56.00000000000001,43.99999999999999,140.95756208201922,143.4288417901732,0.0,0.0,34346.433647989936,4934.669999999989,4.827294481823997,199.92749173290264,-914385.5752269772,-1329113.4555080289,124.81216509099276,144.03983158478715,66.0541432712663,12.971507235891442,141.204,151.54609727279646,130.86190272720356,14.648448022430596,1.0644889857452895,1.0,0.0,146.21766666666664,144.27766666666668,148.15766666666667,-2.653578112995919,-1.2170962199312707,1.0,0.0,137.47,153.86,145.66500000000002,11.607319905951682,0.9402074435631472,4.009270350359609,2.7608080504338393,69.61454184138931,1.0,0.9490411132996855,0.9549616332464245,16.229604861865855,32.39373614911789,94.02074435631471,91.18276780381085,-5.9792556436852795,6.29023529411765,13.8431752178122,1.4519413244168362,0.31845820586600604,1.13348311855083,1.4204594369440744,0.29019727124542327,1.1302621656986511,146.9840226127946
150.17,2023-04-12,153.24,149.98,153.24,1393300,2.3030320159066093,0.8291437175923415,1.4738882983142678,144.87666666666664,141.33576923076924,145.96586111483435,143.66282909892774,0.39233263398817375,0.8281518214762532,-0.43581918748807946,0.06464589721369893,23.620175043791917,-3.748500000000007,22.42172074197792,-17.069955106266892,39.49167584824481,148.65,145.66500000000002,147.15750000000003,146.945,99.97605360556449,21.361235008971892,69.65699398697792,30.97520010700854,132.03727396165795,147.965,148.14499999999998,96.0,52.0,44.0,142.2478058738173,143.4288417901732,0.0,0.0,34346.433647989936,4784.499999999989,4.328555718059368,109.15313577105931,-0.0,-1390255.137889703,121.96357142275623,144.88730883521475,65.29454094275744,12.725449079271314,141.7185,152.71146734280526,130.72553265719475,15.513807079252542,0.8757629647379521,0.0,0.0,147.451,145.84099999999998,149.061,-2.1837763053489145,-0.28540372670806674,1.0,0.0,137.47,153.86,145.66500000000002,11.565180269336759,0.7632702867602184,3.644343315323649,2.4835139339063694,62.35124678455034,0.7948807877226429,0.913865369400665,0.9373158653333454,17.77940328539565,25.691783366373276,76.32702867602184,87.9870237900147,-23.67297132397816,7.031088235294135,12.445644024591388,1.603081347034254,0.5753828340996556,1.0276985129345984,1.4850115551864802,0.5291601280336347,0.9558514271528455,147.45656979371228
148.88,2023-04-13,150.58,148.07,150.3,1796400,2.300288586764367,1.1233726914267468,1.1769158953376202,145.71833333333333,141.5946153846154,146.28957478947524,143.98928620271087,0.38685714285714196,0.8419047619047608,-0.45504761904761887,0.09740106086743226,23.56998445281323,-3.872499999999974,28.958636400938126,-8.600894890602824,37.55953129154095,148.75,145.66500000000002,147.2075,146.945,99.98802680278224,21.64537759693585,68.78667370358272,40.97412987373186,83.32176183070467,147.965,148.14499999999998,92.0,48.0,44.0,143.40902528643556,143.4288417901732,0.0,0.0,34346.433647989936,4635.619999999989,5.107962343305625,52.93685923233664,526598.6029016674,-1420947.884958388,120.0675799572275,145.73668755932636,64.48775057290791,12.563390086462885,142.15249999999997,153.4252918015007,130.87970819849926,15.860138656021833,0.7624682556104796,0.0,0.0,148.15266666666668,146.58166666666668,149.72366666666667,-2.120785316047858,0.5263102058137118,1.0,1.0,137.47,153.86,145.66500000000002,11.529871089147232,0.6467358145210484,3.339908983791287,1.9303614289542546,58.054961501821055,0.673551467350002,0.8228107516908817,0.8952390781304108,17.612929255481998,16.30681424220671,64.67358145210486,78.34045149481379,-35.32641854789515,7.040911764705868,7.32043197796622,1.5975414889729898,0.7798145650743225,0.8177269238986673,1.448205938304005,0.7129692900877087,0.7352366482162962,147.50226471841427
147.9,2023-04-14,149.6,146.32,148.97,1387400,2.1323239219177026,1.3251629375249379,0.8071609843927647,146.38833333333335,141.8280769230769,146.29425559109444,144.16193166917674,0.34159292035398203,0.8615535889872165,-0.5199606686332344,0.12202320446038782,23.50468259708894,-1.524000000000001,36.3614163235184,0.19846330352616962,36.16295301999223,151.375,145.66500000000002,148.52,146.945,99.99401340139113,21.58527218163172,66.2784629854332,43.4505474312433,57.58842616211432,147.725,148.595,88.0,44.0,44.0,144.45412275779202,143.4288417901732,0.0,0.0,34346.433647989936,4487.719999999989,5.4644530549098675,8.39945077057427,491987.82961460744,-1818307.7427611207,118.3195891420725,146.63081139144586,63.76660241318553,12.41490671608867,142.554,153.81991567516735,131.28808432483265,15.805821899304611,0.6671413184949145,0.0,0.0,148.77566666666667,147.24466666666666,150.30666666666667,-2.0581322662532258,1.3019812758545601,0.0,1.0,137.47,153.86,145.66500000000002,11.497397477447153,0.5399633923123848,3.158918085412158,1.6661135063650878,54.35914857450192,0.359925243796399,0.6094524996230147,0.7820428735715206,16.26276296183517,3.2998524022880096,46.67609618104659,62.558902103057754,-53.32390381895341,6.983323529411763,5.814289846687873,1.4791171963559466,0.9196750913306473,0.5594421050252993,1.349691714014326,0.8403137748730322,0.5093779391412939,147.4383994618499
146.68,2023-04-17,148.81,145.39,147.75,2024000,1.9022396526285092,1.4405782805456522,0.46166137208285707,146.75166666666664,142.0526923076923,146.15513934631068,144.25289969368217,0.38425531914893574,0.8248936170212758,-0.4406382978723401,0.13859347942668102,23.392927645424844,-2.7009999999999934,43.499381584375286,9.120407649335965,34.37897393503932,151.335,145.66500000000002,148.5,146.945,99.99700670069556,21.266658476282412,62.385995180309614,44.143209453461886,38.83992307056984,147.725,148.595,84.0,40.0,44.0,145.3947104820128,143.4288417901732,0.0,0.0,34346.433647989936,4341.039999999989,5.385056674805419,-12.287956482365054,726274.8841014436,-1587965.086073725,117.38730100647926,147.20817832389378,56.92995086134646,12.3359984106898,143.051,153.88834450868754,132.21365549131244,15.151721426187237,0.6079138897044836,0.0,0.0,149.28199999999998,147.83100000000002,150.733,-1.9439718117388478,1.8411440385940876,0.0,1.0,137.47,153.86,145.66500000000002,11.457452237313976,0.4832214765100659,3.0920262768709432,2.0605969045245955,52.44827722253799,0.2584347556164367,0.43063715558761273,0.6209668023005032,14.571039506652655,-4.480492563309625,27.108433734939553,46.15270378936365,-72.89156626506045,6.389294117647069,3.091540806920503,1.3186838231105737,0.9994768376866325,0.3192069854239412,1.1911398460083245,0.9104789891000906,0.28066085690823384,147.37295619119308
149.38,2023-04-18,149.74,146.85,146.89,1974500,1.8167634911896755,1.5158153226744568,0.30094816851521866,147.29333333333332,142.35615384615383,146.2620409853398,144.44527749415013,0.4078164825828375,0.7890824129141876,-0.3812659303313501,0.15079231084847866,23.223344694909787,-2.2009999999999934,47.62595590578862,17.730403323525255,29.895552582263367,151.335,145.66500000000002,148.5,146.945,99.99850335034779,20.97080289274377,58.504644773652444,41.396835632411985,41.10944918053783,147.725,149.095,80.0,36.0,44.0,146.24123943381153,143.4288417901732,0.0,0.0,34346.433647989936,4490.419999999989,5.371947276727869,20.62386587225869,-66776.00749765101,-1357286.7461966116,118.8873684113902,147.75843008238482,57.2503768480003,12.3359984106898,143.541,154.13211495546994,132.94988504453005,14.756919563706465,0.6562158476190938,0.0,0.0,149.42166666666665,148.04666666666668,150.79666666666668,-1.8404292104000983,1.4351515151515224,0.0,1.0,137.47,153.86,145.66500000000002,11.418340404483747,0.5723001830384373,3.217823649183851,2.273263757405332,55.11579273390774,0.23038525305950025,0.28291508415744543,0.4410015797893578,13.975512609520152,5.023380106949455,32.72552783109397,35.50335258236002,-67.27447216890603,5.14317647058823,4.63127894549341,1.2577520862620464,1.0511318874017153,0.20662019886033112,1.199360344251408,0.9682552601303542,0.2311050841210538,147.36551857603888
148.49,2023-04-19,149.98,147.73,149.57,2314500,1.7992905613878634,1.5725103704171381,0.22678019097072522,147.82583333333335,142.63153846153847,146.48788083374907,144.6885902723612,0.41390876565295226,0.7918157423971367,-0.37790697674418444,0.16044321943004777,23.106805998337038,1.1655000000000086,50.49684210802258,25.772215957438352,24.724626150584225,151.335,145.66500000000002,148.5,146.945,99.9992516751739,21.32950976489952,62.840647833575915,36.91219226113619,54.78773468073519,147.725,149.095,76.0,32.0,44.0,147.0031154904304,143.4288417901732,0.0,0.0,34346.433647989936,4638.909999999989,4.9628198618622035,36.34491360479307,-403124.7895481126,-1290164.803800572,119.77719612674599,148.20424143189663,57.513207689400915,12.40992199667146,143.9545,154.52173327082252,133.38726672917747,14.681351775488128,0.6786418404533866,0.0,0.0,149.50333333333333,148.1843333333333,150.82233333333335,-1.7645091525272796,1.1722264341672926,0.0,1.0,137.47,153.86,145.66500000000002,11.385541959438584,0.6259914582062222,3.209041284265466,2.4450537694834957,56.692735565015234,0.3140916782762918,0.2676372289840763,0.32706315624304494,13.952018132977692,4.145531667015481,41.170825335892374,33.66826230064195,-58.829174664107626,4.399735294117619,4.521013159756605,1.2435607797414336,1.089617665869659,0.15394311387177462,1.143829057482701,1.0033700196008237,0.1404590378818773,147.36715193859564
149.85,2023-04-20,150.36,148.07,148.14,1718100,1.7922187154019582,1.6164520394141024,0.17576667598785578,148.07166666666666,142.95384615384614,146.73128378240307,144.9390650670011,0.42256341789052076,0.797952825990208,-0.37538940809968724,0.16811088381980208,23.18528319326094,3.2290000000000134,51.73905837040306,32.84058525088046,18.8984731195226,151.335,145.66500000000002,148.5,145.66500000000002,99.99962583758695,21.662594717615576,61.75464727344537,36.27428251874455,47.13867613176438,146.4,149.095,72.0,28.000000000000004,44.0,147.68880394138736,143.4288417901732,0.0,0.0,34346.433647989936,4788.759999999989,4.668472732292126,38.431211661251275,777777.7777777747,-1261256.0975962195,120.12207529820746,148.66551180989097,57.08623542886237,12.40992199667146,144.43099999999998,154.83687891530442,134.02512108469554,14.409481226751103,0.6748530820711335,0.0,0.0,149.49333333333334,148.01433333333335,150.97233333333332,-1.9786835533356917,0.981180978138391,1.0,1.0,137.47,153.86,145.66500000000002,11.347979311920582,0.6467358145210484,3.1511371558389216,2.5823921459399752,57.31670208280929,0.2836042067605663,0.2760270460321195,0.27552645305788054,14.109319206610763,-11.94378116341665,43.34637964774946,39.08091093824525,-56.65362035225054,4.032176470588212,2.032800441014325,1.2365325487462389,1.119000642444975,0.11753190630126387,1.1604907121658936,1.0347941581138378,0.12569655405205582,147.37143240970727
150.99,2023-04-21,151.9,150.23,150.97,1436100,1.938561642730349,1.6808739600773517,0.25768768265299724,148.28583333333333,143.3707692307692,147.26954781587952,145.33098617314917,0.39445910290237435,0.8441072999120482,-0.4496481970096739,0.1767404288027057,23.231742494816512,3.22199999999998,56.05727659222377,38.93986408001924,17.11741251220453,151.335,145.66500000000002,148.5,145.66500000000002,99.99981291879348,22.584363523669328,65.92281898452363,32.05461025706635,78.22937857998213,145.88,148.81,68.0,24.0,44.0,148.30592354724863,143.4288417901732,0.0,0.0,34346.433647989936,4939.749999999989,3.958589344890948,79.53223856678673,-1345817.6038148336,-1377284.4187524219,122.32467136763408,149.27611754531816,57.4136951136435,12.40992199667146,145.228,154.81440620879255,135.64159379120747,13.201870450316108,0.7608902591365367,0.0,0.0,149.784,148.373,151.195,-1.8840463600918673,0.3419560595322475,1.0,1.0,137.47,153.86,145.66500000000002,11.285702481615125,0.7785234899328847,3.21902344025503,2.623616840884967,61.146615111864996,0.5067111618316097,0.3681356822894894,0.3039333191018952,15.363834855065003,7.854413879155449,28.118811881187806,37.5453389549432,-71.88118811881219,4.358499999999992,1.7404848977380423,1.3338942325903727,1.1619793604740545,0.17191487211631817,1.2212492376172635,1.072085174014523,0.14916406360274048,147.4476675405927
153.46,2023-04-24,153.68,150.86,150.99,1898700,2.081382322059085,1.7609756324736985,0.3204066895853863,148.48666666666665,143.85423076923078,147.82192507497498,145.7405427529159,0.41590140164330475,0.821411309811502,-0.40550990816819726,0.1861295999851468,23.49679139103157,1.1879999999999882,59.75274840235354,44.10144849217792,15.651299910175617,151.025,145.66500000000002,148.34500000000003,145.66500000000002,99.99990645939674,23.44440939556709,63.9109734517139,31.035686873454672,93.11403826954489,145.67499999999998,148.605,64.0,20.0,44.0,148.86133119252378,143.4288417901732,0.0,0.0,34346.433647989936,5093.209999999989,3.9115552946230423,81.98189020010344,-1577609.8005995133,-727775.7111297421,122.96821659828043,149.66460741284354,57.63455512595586,12.40992199667146,146.102,154.29422460629434,137.90977539370567,11.214390776709877,0.7903973113935557,0.0,0.0,149.97466666666665,148.82466666666664,151.12466666666666,-1.533592340039659,0.11507246376810464,1.0,1.0,139.72,153.86,146.79000000000002,9.6781700455846,0.7878359264497881,3.2421210962295293,2.647275450246136,62.21164170125898,0.5687529987158213,0.4530227891026659,0.3657285058080917,16.707860245170966,13.132768367634984,40.594059405940726,37.35308364495932,-59.405940594059274,5.107882352941175,1.623442236443264,1.4281422881674026,1.2152119460127242,0.21293034215467843,1.3865221425658796,1.1349725677247944,0.2515495748410852,147.530906898422
152.36,2023-04-25,155.42,152.02,153.56,1479300,2.2620950215666653,1.861199510292292,0.4008955112743733,148.88083333333333,144.49153846153845,148.46778275574806,146.2056877341814,0.3939033103119784,0.8247201714693964,-0.43081686115741796,0.19681206687213137,23.538134852855578,1.3654999999999973,59.95000403630463,48.27125774710311,11.67874628920152,151.185,145.66500000000002,148.425,145.66500000000002,99.99995322969838,24.750478053428562,67.30197965028886,27.67054349392451,131.13017688804163,143.34,147.845,60.0,16.0,44.0,149.3611980732714,143.4288417901732,0.0,0.0,34346.433647989936,5245.569999999989,3.926590923386121,95.51842017151716,-2630808.611184001,-845888.3609859092,124.13975047074497,150.05301991848643,57.81397768771303,12.505344968407766,146.8045,154.48025266667528,139.1287473333247,10.457108149512166,0.8397386697100991,0.0,0.0,149.97366666666667,148.68066666666667,151.26666666666668,-1.72430271092037,-0.29131219386439544,1.0,0.0,142.24,153.86,148.05,7.915288700278265,0.8416523235800342,3.373908986606574,2.65154113377344,64.15971446425758,0.6822356232851347,0.5858999279441887,0.4690194664454481,18.407467236740573,18.17993556385076,63.56435643564358,44.09240924092402,-36.43564356435642,6.035529411764713,3.211351755041088,1.5472004247053726,1.281609641751254,0.26559078295411864,1.4402104835083709,1.1960201508815098,0.24419033262686107,147.5768735174004
153.23,2023-04-26,154.25,151.48,151.81,1350500,2.3348232616758082,1.9559242605689953,0.37889900110681296,149.15666666666667,145.04653846153846,148.93120079332527,146.59637753164947,0.47167138810198234,0.8002832861189791,-0.3286118980169968,0.20673815046225427,23.79166996544601,5.415500000000009,60.61300967583937,51.788410333203245,8.824599342636127,151.185,145.66500000000002,148.425,145.66500000000002,99.99997661484919,25.451173905641664,67.30197965028887,32.73052573367291,99.50157156196124,142.8175,147.845,56.00000000000001,12.0,44.00000000000001,149.81107826594425,143.4288417901732,0.0,0.0,34346.433647989936,5092.339999999989,3.9101128859668934,70.0523315755857,2324871.108790695,-661212.4392464637,123.59545235207635,150.30938806416543,50.59544344995485,12.505344968407766,147.4645,154.32113321171343,140.60786678828654,9.299367931554299,0.7928186382450919,0.0,0.0,150.00966666666665,148.47266666666664,151.54666666666668,-2.0492012736957226,0.021687269572768515,1.0,1.0,143.44,153.86,148.65,7.0661074360269875,0.7715930902111305,3.259518087945915,2.662812491614756,62.54331571685557,0.5880742676675041,0.6130209632228202,0.550647893423225,19.392168223653552,18.38859660356976,52.8712871287125,52.343234323432256,-47.1287128712875,6.367264705882349,2.2339204967267343,1.592688237587406,1.3438253609184845,0.2488628766689216,1.5113954927184374,1.2590952192488953,0.2523002734695421,147.654825345142
153.37,2023-04-27,153.91,152.06,153.23,1375400,2.4114642103462245,2.047032250524441,0.36443195982178356,149.08833333333334,145.53115384615384,149.41255451742907,147.00109030708285,0.4379129642287533,0.8099794941900196,-0.37206652996126627,0.21608370794183124,23.967807459106396,1.9639999999999986,61.52022343415573,54.58383334549629,6.936390088659444,151.185,145.66500000000002,148.425,145.66500000000002,99.99998830742459,26.391691250540852,68.34506737474612,30.26386062330258,104.77550721453139,142.8175,147.845,52.0,8.0,44.0,150.21597043934983,143.4288417901732,0.0,0.0,34346.433647989936,5245.709999999989,3.7821480545220205,72.75265563621659,-239421.0080198202,-729625.6682143698,124.18268895096732,150.66385594130392,57.754844371417306,12.505344968407766,148.016,154.47664826468446,141.55535173531553,8.72966201584216,0.8129716890877295,0.0,0.0,150.35133333333334,148.77433333333335,151.92833333333334,-2.097753262358828,-0.041745931092790345,1.0,0.0,143.44,153.86,148.65,7.039779483299114,0.8272552783109397,3.176566279151324,2.6584780540400104,63.603934793616894,0.6498593502297638,0.6400564137274677,0.6129924349648256,20.51136249969522,18.902338002533494,64.35643564356421,60.26402640264009,-35.64356435643579,6.906852941176481,-0.5363683935112462,1.6404396765416607,1.4031482240431197,0.237291452498541,1.5565131415760525,1.318578803714327,0.23793433786172558,148.0378453191861
153.71,2023-04-28,155.37,152.7,154.0,1195600,2.4950835950840826,2.136642519436369,0.35844107564771344,149.315,146.07576923076925,149.91831536090152,147.42323176581743,0.44197952218429987,0.7791321306679666,-0.33715260848366674,0.22505112589353268,24.1923145821965,-0.5635000000000048,62.693516990581564,56.71651505729699,5.977001933284576,151.87,145.735,148.8025,145.735,99.9999941537123,27.418257042668383,65.97979653348666,27.765732494237227,119.59395081274295,142.8175,147.845,100.0,4.0,96.0,150.58037339541485,143.4288417901732,0.0,0.0,34346.433647989936,5399.419999999989,3.679766399208328,76.4129048310425,-993787.0014963356,-237444.29958578918,124.82963357808818,150.96107708118248,57.85359372266751,12.505344968407766,148.6335,154.36492312170103,142.90207687829897,7.712155229744341,0.854754823858921,0.0,0.0,150.92399999999998,149.27299999999997,152.575,-2.1878561395139418,-0.037855844942458874,1.0,0.0,143.64,154.0,148.82,6.970164868619802,0.8745173745173735,3.1899096512361917,2.6581863390007374,64.78874364189666,0.7188789578489225,0.6522708585820637,0.635116078510784,21.782931695983525,18.15917286543362,74.9518304431597,64.05985107181212,-25.048169556840307,7.1664117647058845,1.8135751433524465,1.692462962043551,1.461011171643206,0.23145179040034503,1.5913600443638214,1.3731350518442258,0.2182249925195956,149.09736635173505
153.67,2023-05-01,154.67,152.91,153.71,1468900,2.5489154937238823,2.219097114293872,0.32981837943001047,149.71833333333333,146.79192307692307,150.37857453614743,147.82965904242354,0.5261730404122582,0.7190127474911848,-0.19283970707892661,0.23318729000513877,24.18500577190632,-2.891999999999996,63.84812155031791,58.51897790668912,5.32914364362879,151.99,145.735,148.8625,145.735,99.99999707685615,28.038858443314844,63.06130997955742,29.60322570802533,101.55774613605918,142.71749999999997,147.745,96.0,0.0,96.0,150.99072858796507,143.4288417901732,0.0,0.0,34346.433647989936,5553.089999999989,3.733232401264379,70.10687556946517,309234.0730135968,-150042.89614003387,125.04096756630038,150.96815398916107,50.457274909684685,12.52254288879654,149.212,154.16469865830413,144.25930134169585,6.638472318987942,0.8733318191890804,0.0,0.0,151.56866666666664,149.92766666666665,153.20966666666666,-2.165355196544588,0.09130611415803351,1.0,1.0,148.81,154.0,151.405,3.4782725249979887,0.7899807321772632,3.0679186861125727,2.6581863390007374,65.18917873228955,1.0,0.7895794360262288,0.6939689027785869,22.9614090626448,14.827566333684558,78.99807321772631,72.76877976815005,-21.001926782273678,7.222117647058809,3.268724252042955,1.724224699045274,1.5136538771236197,0.21057082192165444,1.5977453426903592,1.4180571100134527,0.17968823267690648,150.42926209449166
154.69,2023-05-02,154.89,152.22,153.83,1183700,2.5070012776300246,2.2766779469611027,0.23032333066892186,150.21,147.51653846153846,150.66187076135552,148.1548694837255,0.4985710574175101,0.7032995583268375,-0.20472850090932743,0.23899304639820146,24.19747805200407,-4.177000000000021,63.07889929415494,59.916984260703835,3.161915033451102,152.18,146.86,149.52,145.735,99.99999853842807,28.642836334615456,60.98125070393906,28.3721354726764,88.5946573751452,141.91750000000002,146.945,92.0,0.0,92.0,151.35184115740927,143.4288417901732,0.0,0.0,34346.433647989936,5398.39999999999,3.8784667696779818,44.84359334525592,-116491.04660934601,-158363.6851835586,124.3429353905107,151.07982083408135,50.31231185229986,12.52254288879654,149.567,154.30892408205435,144.82507591794567,6.340869419129004,0.7797387678600957,0.0,0.0,152.15066666666667,150.68866666666668,153.61266666666666,-1.921779288950412,0.47628818969448244,1.0,1.0,148.81,154.0,151.405,3.4700167817767276,0.6570327552986509,2.9591268175013146,2.612179029158636,62.667401199631676,0.802072284231397,0.84031708069344,0.7607224584339108,23.348203555839856,9.517910081830307,65.70327552986508,73.21772639691702,-34.29672447013491,6.864205882352934,4.0322580645161334,1.692149091262514,1.5493529199513985,0.14279617131111544,1.6375875983583046,1.4619632076824232,0.17562439067588143,150.83753634177828
152.31,2023-05-03,155.53,152.03,154.94,1115100,2.4304359940507254,2.3074295563790272,0.12300643767169817,150.76333333333335,148.0573076923077,150.87235218268543,148.4419161886347,0.3956310679611649,0.6337378640776695,-0.23810679611650465,0.24224298528958965,23.971870583468394,-2.935500000000019,62.49039971069733,61.11157774295876,1.378821967738574,153.42000000000002,148.59,151.005,146.20499999999998,99.99999926921404,29.462341200158086,58.62255693965839,25.05467751683701,94.74976972674197,141.895,146.945,100.0,0.0,100.0,151.66962021852015,143.4288417901732,0.0,0.0,34346.433647989936,5246.089999999989,4.327551078793903,34.30323715307656,-338946.88464316394,-220188.36286533228,124.15282305310431,151.40199074882037,57.43934164244855,12.50691233335789,149.7855,154.55842562271468,145.01257437728535,6.373014240650352,0.7351283235295208,0.0,0.0,152.658,151.17800000000003,154.13799999999998,-1.938974701620584,0.7121621621621657,1.0,1.0,148.81,154.94,151.875,4.092518968792036,0.5252854812398045,2.994214135751183,2.477916316839025,61.9566649162293,0.7462884542678424,0.8494535794997465,0.8264500320731386,23.502124017481798,8.829196048231482,52.52854812398044,65.74329895719059,-47.47145187601956,6.87285294117649,4.567026618061776,1.6372976423736096,1.5669418644358408,0.07035577793776882,1.5246521659580623,1.474500999337551,0.05015116662051122,151.05511574688958
151.68,2023-05-04,153.63,151.34,152.5,1130200,2.2877089371831687,2.3034854325398557,-0.015776495356687015,151.1375,148.5596153846154,150.94429800073382,148.65658906355065,0.4293675793554636,0.647443663678216,-0.21807608432275244,0.2422239315816958,23.890202560657894,-2.200000000000017,62.21885849289772,61.796197954144745,0.4226605387529787,154.285,149.19,151.7375,146.20499999999998,99.99999963460702,29.271333202288314,57.374186206597024,33.129777063567325,38.80092752893347,141.895,146.945,96.0,4.0,92.0,152.12747338792732,143.4288417901732,0.0,0.0,34346.433647989936,5094.409999999989,4.355854722843939,14.451460416922817,1616627.109704636,-139856.9857160445,123.46441155537362,151.6959384362822,57.226008260251426,12.450148737291213,149.93,154.7074344579456,145.15256554205442,6.372886624352149,0.6475687434764233,0.0,0.0,153.02133333333333,151.65033333333332,154.3923333333333,-1.7919070107871606,1.113177729151466,0.0,1.0,148.81,154.94,151.875,4.08857466817848,0.4127243066884181,2.854792722176064,2.213642011334157,59.32526612896318,0.5397568532463515,0.6960391972485304,0.7952699524805724,22.979986257989246,3.951755962907311,41.272430668841814,53.1680847742291,-58.727569331158186,6.388470588235322,3.0575417092271087,1.538921988991133,1.5613378893468994,-0.02241590035576646,1.3856910588454898,1.4567390112391387,-0.07104795239364892,151.08565350508061
155.47,2023-05-05,156.18,151.56,151.56,1971000,2.1673648449116456,2.2762613150142137,-0.10889647010256809,151.45666666666668,148.96461538461537,151.0390213852363,148.87165654032466,0.41127922971114134,0.6932599724896833,-0.28198074277854196,0.23983469364713222,24.26248890384506,-2.0734999999999957,61.37199725407565,61.976114493224976,-0.6041172391493248,154.285,149.19,151.7375,146.20499999999998,99.99999981730352,29.09396863283781,56.76483495561345,32.77791723891031,53.03257144758259,142.01,146.945,92.0,0.0,92.0,152.5212271136175,143.4288417901732,0.0,0.0,34346.433647989936,5249.879999999989,4.3212629022785665,17.273166071648106,-2392165.6911301445,-362602.7410897294,123.69041525565113,152.0994912925642,64.17684799219056,12.450148737291213,150.1435,154.8102987957448,145.47670120425516,6.216451322561183,0.6517635602044355,0.0,0.0,153.228,151.488,154.968,-2.2711253817840014,0.9793103448275854,1.0,1.0,148.81,154.94,151.875,4.082760825476957,0.4486133768352369,3.053313449958458,1.800388762982105,59.90991337244399,0.47591948122571476,0.5873215962466364,0.7109381243316379,22.67025040435027,6.418936477131238,34.99999999999994,42.93365959760738,-65.00000000000006,5.782235294117669,2.5925675218303748,1.4558613071686848,1.5402425729112568,-0.08438126574257199,1.4597174748257369,1.4573347039564584,0.0023827708692785166,151.10633682221453
155.54,2023-05-08,155.79,154.36,155.47,1565900,2.271740671822414,2.275357186375854,-0.00361651455343992,151.98083333333332,149.50346153846152,151.54994117212303,149.2782005003006,0.38459770114942504,0.7466666666666665,-0.36206896551724144,0.2392388939985712,24.367147587230544,-0.2230000000000132,62.876724028964894,62.30130560352057,0.575418425444326,154.55,149.555,152.0525,146.47,99.99999990865176,29.896796590078413,64.06884142772373,27.240523790556182,112.80587030305927,142.01,146.945,100.0,0.0,100.0,152.85985531771104,143.4288417901732,0.0,0.0,34346.433647989936,5405.419999999989,4.673956649626111,77.02157091855577,-362093.3521923525,-383696.8371393509,126.56394389117504,152.62387604691682,64.40274860940342,12.450148737291213,150.453,155.36957238327318,145.53642761672683,6.535692054360069,0.8973296532043479,0.0,0.0,153.5643333333333,152.06133333333338,155.06733333333332,-1.957485787715427,0.23530716345087258,1.0,1.0,148.81,155.47,152.14,4.426631572650592,0.8333333333333355,3.1709821049626115,1.4595089637436367,66.50815598316998,1.0,0.6718921114906888,0.6517509683286187,24.16861624291452,13.656499966651657,79.78142076502762,52.01795047795645,-20.218579234972374,5.590235294117662,4.247990815155008,1.5218167583804973,1.536557410005105,-0.014740651624607581,1.5039139661920033,1.4666505564035675,0.0372634097884359,151.47697539531399
155.17,2023-05-09,155.38,152.7,154.22,992200,2.195206169580757,2.2593269830168348,-0.06412081343607756,152.18666666666667,149.9403846153846,151.72687329948872,149.53166712990796,0.43802850930176307,0.7122493355883064,-0.2742208262865433,0.23715043807942723,24.22882851685353,0.4159999999999968,62.02213696468498,62.45787530228118,-0.43573833759619873,154.55,152.14,153.345,146.47,99.99999995432589,30.43713807606046,64.06884142772373,29.148248965712746,75.2421912333282,142.01,146.945,96.0,36.0,60.0,153.27747846687728,143.4288417901732,0.0,0.0,34346.433647989936,5250.249999999989,4.575577553881689,29.2210322159044,620480.7630340885,-310582.15481205087,124.89523308526675,152.97498322069447,57.30949332901827,12.316258824723814,150.44400000000002,155.34339751397707,145.54460248602297,6.513250796279079,0.7302323901626713,0.0,0.0,153.60766666666666,152.17466666666667,155.04066666666668,-1.8657922890133614,0.8167015585019821,1.0,1.0,148.81,155.47,152.14,4.426896386695379,0.5840840840840823,2.9558838944663486,1.1841511403640792,60.183940687028304,0.311946144244546,0.595955208490087,0.6183896387424709,23.697948363060735,5.366842229537361,45.79256360078242,53.52466145526998,-54.20743639921758,5.325882352941193,1.6441456433468675,1.4680543671553115,1.5228568014351462,-0.05480243427983478,1.5014774426039488,1.4736159336436438,0.027861508960304926,151.4929617162436
154.12,2023-05-10,156.0,152.36,156.0,1025500,2.0831041388263714,2.224082414178742,-0.14097827535237073,152.31166666666667,150.21884615384613,151.82427740725967,149.7411732684333,0.40204469805040366,0.7244412743699474,-0.32239657631954377,0.23322562018305426,24.046429905051973,1.4569999999999936,61.211600436852784,62.42358385813642,-1.2119834212836338,154.815,152.405,153.61,146.735,99.99999997716294,31.32898244720442,62.631512350651896,25.012226163638374,88.97379347477143,142.555,146.945,100.0,32.0,68.0,153.62828191217693,143.4288417901732,0.0,0.0,34346.433647989936,5096.129999999989,4.569634170617304,17.560770470775754,0.0,-366137.71036760614,124.55207133019147,153.3919331215277,64.27451783736609,12.288835589619652,150.56300000000002,155.5267288402938,145.59927115970623,6.593557301984926,0.6810131110922691,0.0,0.0,153.83499999999998,152.64600000000002,155.024,-1.5458120713751657,1.1202691337258213,0.0,1.0,148.81,156.0,152.405,4.775409629191764,0.49374130737135086,2.990295505019715,0.9028059221511286,58.94755756681605,0.0,0.43731538141484877,0.568387567131875,22.96047308260587,3.3365572649998336,11.21951219512216,45.59783218697739,-88.78048780487784,5.048147058823531,0.9942993503910911,1.3911365146659413,1.4965127440813053,-0.10537622941536395,1.427452310276626,1.4643832089702402,-0.03693089869361432,151.50774740480176
155.21,2023-05-11,155.43,153.22,154.44,984600,2.040139822550742,2.1872938958531423,-0.14715407330240016,152.41166666666666,150.43269230769232,152.03900395998897,149.99886413743823,0.4324455205811139,0.6605326876513311,-0.2280871670702172,0.2289242827301139,23.980338307913158,0.6595000000000084,60.74287122626942,62.206845439879515,-1.4639742136100935,154.815,152.405,153.61,146.735,99.99999998858146,31.85866576719224,57.12899851369677,25.222342790156638,70.55034816639538,143.26,146.945,96.0,28.000000000000004,68.0,154.05519116798507,143.4288417901732,0.0,0.0,34346.433647989936,5251.339999999989,3.9095360763142013,34.120746117807464,679305.4571226129,-221486.06315778857,125.42815822964012,153.62726198047963,57.158905424649305,12.288835589619652,150.82049999999998,155.77451846988515,145.8664815301148,6.569423214861601,0.7421771350456466,0.0,0.0,153.9646666666667,152.74466666666666,155.18466666666666,-1.5847791917626104,0.8051912568305987,1.0,1.0,148.81,156.0,152.405,4.767256440603233,0.6133518776077883,2.998265954517743,0.7996260305975003,61.12310347722137,0.2877478462153881,0.1998979968199782,0.4110561955749714,22.920721483137303,6.69814827033178,-17.299578059071553,13.237499245611,-117.29957805907155,4.948029411764651,0.7893698197605502,1.3601035143049083,1.469230898126026,-0.10912738382111775,1.4097041692238992,1.4534474010209721,-0.04374323179707296,151.54559400133797
158.72,2023-05-12,159.04,155.3,155.75,1428100,2.1491547904538493,2.1796660747732837,-0.030511284319434395,152.73,150.69615384615386,152.54069565845222,150.39154086799837,0.39546599496221685,0.6679642775360655,-0.2724982825738486,0.22685750862145382,24.170809601325757,0.7905000000000086,60.4184821792471,61.82577439864943,-1.4072922194023292,154.815,152.405,153.61,146.735,99.99999999429073,32.64574890741777,56.57681351512841,22.619257172541808,139.72949744424815,143.46,146.945,92.0,24.0,68.0,154.40525675774776,143.4288417901732,0.0,0.0,34346.433647989936,5410.0599999999895,3.506573311656726,76.40886810097811,-5099168.346774168,-473025.9593131211,127.58282211163987,153.97967027131332,57.361077837337675,12.288835589619652,151.2695,156.13757754662578,146.4014224533742,6.436297530732612,0.9139724523075523,0.0,0.0,154.23200000000003,152.82000000000002,155.644,-1.8310078323564392,0.12181303116147169,1.0,1.0,148.81,156.0,152.405,4.7531062111000555,0.9026425591098763,3.280439359065968,0.717425819934332,65.83847645312784,0.9114250627842372,0.3997243029998752,0.3456458937449008,24.271046320236195,12.439660673991378,70.46413502109758,21.461356385716055,-29.535864978902417,5.023617647058842,2.521785054132573,1.4290396773979495,1.4611926539804108,-0.0321529765824613,1.5611122979537877,1.4749803804075352,0.08613191754625249,151.73609096330148
159.15,2023-05-15,159.98,157.58,158.81,1916300,2.391953927238859,2.222123645266399,0.1698302819724602,153.19,151.09192307692308,153.31597324945957,150.92401932222072,0.39689426809773903,0.6615665677095224,-0.26467229961178335,0.22892122944571025,23.948934737399497,0.820999999999998,61.29764657013978,61.6278574293144,-0.33021085917462045,156.22,153.81,155.015,148.14,99.99999999714537,33.96868064486207,60.66521891790746,19.59740704776757,202.7265917602993,144.0225,146.945,100.0,20.0,80.0,154.69231054135318,143.4288417901732,0.0,0.0,34346.433647989936,5569.209999999989,3.392661228770241,117.3307440865527,-1470311.0273326891,-390133.27475231315,129.9193449706225,154.3551264981256,57.59813088827078,12.288835589619652,151.879,156.70217281464807,147.05582718535192,6.351336017024177,1.0910010089920443,1.0,0.0,154.73466666666667,153.30166666666668,156.16766666666666,-1.8522029107892124,-0.49278902070249747,1.0,0.0,149.74,158.81,154.275,5.9718591773714556,0.864388092613011,3.420395423159369,0.7014960673387917,70.11709415305381,1.0,0.7330576363332085,0.44422664538435414,26.83292280467015,18.505713595635473,76.25482625482648,43.139794405617494,-23.745173745173517,5.181911764705831,3.630145995001979,1.5848729300881326,1.485928709201955,0.09894422088617749,1.6825718861113788,1.5164986815483041,0.16607320456307462,152.27128038644238
158.82,2023-05-16,159.38,157.13,158.12,1331700,2.519025001047737,2.2815039164226665,0.2375210846250706,153.55916666666667,151.43653846153848,153.90274659569656,151.38372159464882,0.3604704797047969,0.6653597785977856,-0.3048892988929887,0.23257081989195488,23.91057372001867,0.5169999999999959,62.68030069891921,61.648957539116836,1.0313431598023755,156.22,153.81,155.015,148.14,99.99999999857269,34.87609823162607,59.351514339567245,21.579135196998703,173.93109173931165,144.6525,146.945,96.0,16.0,80.0,155.51584843308254,143.4288417901732,0.0,0.0,34346.433647989936,5410.389999999989,3.4649968513518816,90.35935207418765,511711.3713638013,-519644.6845685198,129.4658039121125,154.76700558259617,57.296976887553576,12.25374245587597,152.393,157.15352980244415,147.63247019755585,6.247701406815476,0.9975286571641586,0.0,0.0,155.191,153.738,156.644,-1.8725312679214683,-0.16724019270474502,1.0,0.0,149.98,158.81,154.39499999999998,5.794229393738566,0.8097395243488104,3.2583558808434305,0.6618321055426897,68.29889162122105,0.8372177289724789,0.9162142639189055,0.6829987344173297,28.373525966099667,18.47581284549234,67.56756756756748,71.4288429478305,-32.43243243243252,5.43779411764703,2.901113294040607,1.663999916578072,1.5215429506771785,0.1424569659008934,1.7402727868187453,1.5612535026023924,0.17901928421635294,152.76897743574602
158.92,2023-05-17,160.37,157.79,160.0,1601500,2.6425248451880634,2.353708102175746,0.2888167430123172,153.96583333333334,151.62538461538463,154.500785580974,151.85826073578593,0.3448041657233413,0.6565542223228433,-0.311750056599502,0.2375019020004495,23.928284477944747,-0.6760000000000161,64.06164089459978,61.85371113930595,2.2079297552938257,157.69,154.405,156.0475,148.735,99.99999999928635,36.06599412570366,60.03012814200985,19.199449788698267,191.13328249838466,147.15750000000003,146.945,100.0,12.0,88.0,156.17467874646604,143.4288417901732,0.0,0.0,34346.433647989936,5569.3099999999895,3.6397135647930665,92.43475892073221,-334098.91769444215,-526407.3924024213,130.1333225272719,155.22399008503356,57.531232732059095,12.25374245587597,152.89600000000002,157.70509721257093,148.0869027874291,6.290677601207249,1.0088273103740888,1.0,0.0,155.713,154.28199999999998,157.144,-1.837996827496756,-0.2257162823200494,1.0,0.0,150.36,160.0,155.18,6.304939305148588,0.7707468879668038,3.256520292759089,0.6461210219135832,69.5462058089536,0.948888806649005,0.9287021785404947,0.8593246929308697,30.024757291811994,13.957596902075652,65.3061224489795,69.70950542379114,-34.693877551020506,5.78214705882354,3.1914197894186094,1.740125846552214,1.5652595298521856,0.1748663167000284,1.7698174648862537,1.6029662950591648,0.16685116982708892,153.39318293448213
160.68,2023-05-18,161.03,158.95,159.03,1616300,2.8017053516206545,2.443307552064728,0.35839779955592643,154.52666666666667,151.9703846153846,155.18528010697798,152.38357475535733,0.3736961451247162,0.6324263038548745,-0.2587301587301583,0.244099030187518,24.156906690429196,-1.4099999999999966,65.89076906555005,62.35579689613644,3.5349721694136065,157.69,154.405,156.0475,148.735,99.99999999964317,37.17089745591858,57.100260040154396,18.262389395023767,167.61455940645743,147.15750000000003,146.945,96.0,8.0,88.0,156.93974299717283,143.4288417901732,0.0,0.0,34346.433647989936,5729.98999999999,3.631593118038445,105.85676478919896,192930.04729898073,-441641.8889170416,131.3145684870919,155.63556338468817,57.778706818559236,12.25374245587597,153.44,158.40143124511022,148.47856875488978,6.466933322614989,1.055283317231335,1.0,0.0,156.43099999999998,154.913,157.949,-1.9407917867941789,-0.3297101449275283,1.0,0.0,151.9,160.0,155.95,5.2789363920750745,0.8703703703703689,3.2548682634831807,0.6453543147702172,71.65700035703998,1.0,0.9287021785404947,0.9245395403332984,32.07144824241093,20.058960487835968,83.51648351648335,72.13005784434344,-16.48351648351665,6.298058823529402,4.421232426750748,1.8385874961383626,1.6199251231094212,0.21866237302894143,1.8616434850636747,1.654701733060067,0.20694175200360765,154.4245241351372
160.08,2023-05-19,161.1,158.35,161.1,1529300,2.846627909633412,2.523971623578465,0.3226562860549471,155.0533333333333,152.36576923076922,155.67216009051984,152.82553218088643,0.33626919602529304,0.6614724480578132,-0.3252032520325202,0.2502150766680302,24.253687316843433,-2.5060000000000002,66.24951825322334,62.730551809942945,3.518966443280398,158.24,154.95499999999998,156.5975,149.285,99.99999999982158,38.55789708715413,60.37256236525437,16.7370735496678,152.4916251099278,147.2075,146.945,100.0,4.0,96.0,157.55179439773826,143.4288417901732,0.0,0.0,34346.433647989936,5569.90999999999,3.49518243157987,77.01322696217068,0.0,-463730.03698944143,130.71030299479872,156.09924052905802,64.93742705065463,12.207487372682982,153.846,159.0148737651402,148.6771262348598,6.719542614224881,0.9356848517346041,0.0,0.0,157.13933333333335,156.08333333333331,158.19533333333334,-1.3440301388576739,-0.07323232323231772,1.0,0.0,153.63,161.1,157.365,4.855504855504854,0.6318607764390897,3.1443814371348635,0.6531921460003006,68.9932760887159,0.7904137646087046,0.9131008570859033,0.9235017380556311,33.01805574935477,18.734978504172833,63.186077643908966,70.66956120312393,-36.813922356091034,6.498176470588248,4.157074261658879,1.8626651378279537,1.6684731260531278,0.19419201177482592,1.8806333230243302,1.6998880510529197,0.18074527197141044,154.99646963549623
160.0,2023-05-22,161.04,159.13,160.19,2249500,2.911605664092008,2.6014984316811733,0.3101072324108345,155.70250000000001,152.85846153846154,156.2041354612091,153.29252979711708,0.3325183374083129,0.6261391420315623,-0.2936208046232494,0.25624101593266135,24.316919020797474,-2.6995000000000005,64.8325201076169,63.04281660360204,1.7897035040148594,158.265,154.95499999999998,156.60999999999999,149.285,99.99999999991078,39.80953318614274,56.057381187739296,15.773850199526857,126.287130440853,148.52,146.945,96.0,0.0,96.0,158.2614355181906,143.4288417901732,0.0,0.0,34346.433647989936,5729.90999999999,3.61321886693908,83.83990882471775,257656.249999998,-437005.230088774,131.49843056031813,156.5649831122365,64.58769106899118,12.267618980833866,154.2595,159.7215709442439,148.7974290557561,7.081665562566831,0.9458473763630519,0.0,0.0,157.63066666666666,156.52166666666665,158.73966666666666,-1.4070866075129318,-0.17598437030357422,1.0,0.0,153.63,161.1,157.365,4.8424894414930675,0.7362784471218208,3.098943293421377,0.6419622215444107,70.5271202958132,0.9110991661966588,0.9005043102684546,0.9141024486316177,34.26074783112343,20.251902925196784,73.62784471218207,73.44346862419145,-26.37215528781793,6.344235294117709,5.147350336989555,1.8993787028927782,1.7146542414210582,0.18472446147172006,1.869237906106984,1.7337580220637328,0.13547988404325118,155.44321636107836
156.13,2023-05-23,159.01,155.69,159.01,2027300,2.6549175154303555,2.6121822484310098,0.04273526699934571,156.04666666666665,153.2546153846154,156.12503769794617,153.4701201825158,0.40526315789473655,0.6614832535885169,-0.25622009569378035,0.2569170988626217,24.034223832135112,-0.08299999999999841,62.94077825587947,63.23494747238278,-0.2941692165033061,158.265,155.42000000000002,156.8425,149.285,49.99999999995539,39.793072085745344,55.77737629892942,24.144883090994927,57.01372250054529,148.5,146.945,92.0,0.0,92.0,158.8291484145525,143.4288417901732,0.0,0.0,34346.433647989936,5573.77999999999,3.4791845445365817,-4.863963864527577,-0.0,-412794.73832854803,128.12328319652752,156.8260399874528,57.5614585539992,12.002423170527397,154.443,159.83797210372333,149.0480278962767,6.986360150635922,0.6155705697847236,0.0,0.0,158.01100000000002,157.018,159.004,-1.2568745213940735,1.6686807653575073,0.0,1.0,153.63,161.1,157.365,4.836735883141352,0.27576974564926404,2.80104896407924,0.8498570105136448,57.1093310886667,0.0,0.5671709769351212,0.7935920480964932,31.101959900952856,5.54219345402308,27.576974564926406,54.79696564033915,-72.4230254350736,6.089617647058844,2.724993401953019,1.729924699526507,1.717708333042148,0.012216366484358865,1.6426563162888086,1.715537680908748,-0.07288136461993933,155.45377472004205
155.35,2023-05-24,157.95,155.05,157.12,2671000,2.372498965733257,2.564245591891459,-0.19174662615820193,156.10416666666666,153.57,155.9596472828775,153.58714831714425,0.3721149317004233,0.6453132359868113,-0.273198304286388,0.2526525509087771,23.90990619362624,-1.9215000000000373,61.55856862216409,63.32558051637108,-1.7670118942069948,159.52499999999998,155.54,157.53249999999997,149.285,24.999999999977696,39.21830632285379,52.41731605894532,27.15576585161918,19.511872165553182,148.5,146.945,88.0,0.0,88.0,158.8291484145525,161.1,0.0,1.0,34346.433647989936,5418.429999999989,3.7123654446298358,-18.372540455309046,788059.2211135963,-471978.15894219367,127.48468084570217,157.11611782308233,57.35948536848454,11.953084415121543,154.62150000000003,159.84606610638173,149.39693389361832,6.757877923033602,0.5410081900845872,0.0,0.0,158.20299999999997,157.127,159.279,-1.360277617997122,1.9651486988847635,0.0,1.0,153.63,161.1,157.365,4.831152200696538,0.1900937081659995,2.7469440676713153,1.0566517820081145,55.012365294369346,0.0,0.303699722065553,0.590458336423043,27.87661128502804,-4.797621627034782,-5.769230769230492,31.81186283595932,-105.76923076923049,5.3147647058823395,0.44700699663125015,1.5447249276575217,1.683111651965223,-0.13838672430770127,1.4068936171676767,1.6538088681605339,-0.24691525099285716,155.43926036694384
136.66,2023-05-25,141.21,129.26,134.74,13120000,0.0668719086687588,2.0647708552469193,-1.9978989465781605,154.15083333333334,152.85961538461538,151.85200923935787,151.7851373306891,0.6376661488002757,0.6841015018125324,-0.04643535301225665,0.21129802413827103,24.428856702546074,-1.121499999999969,44.91194257302661,61.60263167123547,-16.690689098208864,151.155,151.155,151.155,149.285,12.499999999988848,38.74482772764729,32.199825869872356,63.333886231195805,-421.88787767197994,148.5,146.945,84.0,100.0,-16.0,158.8291484145525,161.037,0.0,0.0,34346.433647989936,5281.7699999999895,3.631571849264389,-519.2423775331224,92604419.72779153,6313492.228123641,104.75355282248384,156.0227866456097,51.27530753175616,9.964886755876236,153.48149999999998,165.70551615672832,141.25748384327164,15.928976660676813,-0.49073412900669316,0.0,1.0,156.27366666666666,154.64966666666666,157.89766666666668,-2.078405190893765,8.817015599343142,0.0,1.0,141.21,161.1,151.155,12.9592165831061,-0.6008044243338374,4.503249660904184,5.1213507109372856,21.2119835247467,0.0,0.0,0.29029023300022483,1.5883679097458674,-27.789884454718795,-60.080442433383745,-12.75756621256261,-160.08044243338375,1.2146470588235445,-15.350360183366076,0.044056954353223175,1.3553007124428231,-1.3112437580896,0.24687653169729695,1.3724224008678865,-1.1255458691705895,150.24600635474826
142.45,2023-05-26,142.71,134.59,136.51,4864100,-1.3151079441158515,1.388795095374365,-2.703903039490217,152.67,152.34115384615387,149.1963155102259,150.51142345434175,0.6095309009679816,0.6458674609084138,-0.03633655994043228,0.15364505345170953,25.24749424517876,0.6440000000000055,29.527482781698005,58.07261347251972,-28.545130690821715,151.155,151.155,151.155,149.285,6.249999999994424,37.80628744867327,30.8084188425871,52.015771215371046,-271.30543775951884,148.5,145.66500000000002,80.0,96.0,-16.0,158.8291484145525,160.24392,0.0,0.0,34346.433647989936,5424.219999999989,3.57539610626085,-336.5993950283904,-7116181.116181097,5831057.387838731,110.62743878875338,154.89477669402152,50.62461219000959,9.964886755876236,152.576,167.3205737815631,137.8314262184369,19.327513870547275,-0.10991929188519596,0.0,1.0,154.39766666666668,152.48266666666666,156.31266666666664,-2.4806074357773005,5.671714534377736,0.0,1.0,141.21,161.1,151.155,13.036126258389253,-0.33283056812468625,5.397924694813767,6.573830208998611,30.690005323278996,0.18788816802346217,0.06262938934115417,0.12210970380223585,-9.65910398986142,-14.192893665999451,-33.28305681246862,-33.04424333836096,-133.28305681246863,-2.7536470588235034,-11.66316618535049,-0.8737595552106348,0.9094886589121316,-1.7832482141227664,-0.37603517582547336,1.0227308855292145,-1.398766061354688,148.12909902042253
138.48,2023-05-30,142.23,138.16,141.9,3243900,-2.0980823821195713,0.6914195998755779,-2.789501981995149,151.415,151.87692307692308,147.498420816345,149.59650319846457,0.5445302968686454,0.6642266503998914,-0.11969635353124597,0.09197562300910905,25.4773490315472,3.461500000000001,14.070019716485055,52.67147114113814,-38.601451424653085,151.155,151.155,151.155,149.285,3.124999999997212,35.61321371309899,37.78437515841801,43.562662823775916,-175.5939216179983,148.5,145.66500000000002,76.0,92.0,-16.0,158.8291484145525,159.48256320000002,0.0,0.0,34346.433647989936,5562.699999999989,4.524173589331085,-217.88896716719194,-585030.3292893994,5744949.4526727665,114.30062104597904,154.0438289005323,57.1711629936061,10.229205395585563,151.8385,167.86250483649331,135.8144951635067,21.10664269798938,0.07318722318254683,0.0,0.0,152.595,150.764,154.426,-2.3998165077492564,4.441835062807233,0.0,1.0,141.21,161.1,151.155,13.09944447554473,-0.15334338863750696,5.622132225332389,7.45229631154665,36.22402071330002,0.2975920741281842,0.16182674738388225,0.07481871224167892,-14.221791096520972,-7.707319336094062,-15.334338863750697,-36.23261270320102,-115.3343388637507,-6.110411764705873,-9.82900404646913,-1.402494267754452,0.44709207357881486,-1.849586341333267,-1.0755242381145442,0.6030798608004628,-1.678604098915007,146.9754343185015
134.88,2023-05-31,139.08,134.44,138.4,5526600,-2.9843662593918054,-0.04373757197789885,-2.9406286874139065,149.67666666666668,151.2453846153846,145.48943299844578,148.47379925783758,0.6076481299901939,0.7009385067936682,-0.0932903768034743,0.02527614008270547,25.4844506462709,6.630500000000012,-1.4652478077356839,45.39070572976753,-46.85595353750322,150.09,150.09,150.09,149.285,1.562499999998606,34.139758843242205,37.568509325929334,50.81222599683463,-170.76563150979098,148.34500000000003,145.66500000000002,72.0,100.0,-28.0,158.8291484145525,158.751660672,0.0,0.0,34346.433647989936,5427.819999999989,4.906830678451261,-258.4410575718788,1676304.8635824544,5864685.514357229,110.66893604308386,152.93310013595374,50.80079708124584,9.953780930678366,150.9495,168.67292796977952,133.22607203022048,23.48259248262435,0.03424642151195032,0.0,0.0,150.50466666666665,148.73166666666665,152.27766666666668,-2.3560731228710656,5.030362850159778,0.0,1.0,139.08,161.1,150.09,14.58766011149423,-0.21071752951862027,5.1519190027991515,8.521274478022729,33.24527245953149,0.2385426686403932,0.24134097026401333,0.15526570232968337,-18.749064731987644,-13.541010939718268,-21.071752951862027,-23.229716209360447,-121.07175295186202,-9.7379411764706,-13.432066967160342,-2.01002889015401,-0.04433211916775015,-1.96569677098626,-1.8133972915597147,0.11978443032842728,-1.933181721888142,145.3186558241896
129.56,2023-06-01,133.46,129.47,132.99,4691700,-4.041205579084959,-0.843231173399311,-3.197974405685648,147.33416666666668,150.37807692307692,143.02490484483874,147.0661104239237,0.6866848215565422,0.7798480722373511,-0.09316325068080888,-0.04844616546295597,25.27874229666002,7.308499999999981,-19.982785916960264,35.84919962059972,-55.83198553755999,147.28,147.28,147.28,147.28,0.781249999999303,33.62270315848293,36.64780714243468,63.62113427358209,-174.19897395219365,148.425,145.66500000000002,68.0,100.0,-32.0,158.8291484145525,157.57136103168003,0.0,0.0,34346.433647989936,5298.259999999988,5.080378211297043,-313.5085064901818,2000656.0666872447,5959067.700754702,105.87934068455962,151.54082480204247,51.89079131420987,9.58580792245558,149.82150000000001,169.84824838809251,129.79475161190751,26.734144816454915,-0.008107946572610023,0.0,1.0,147.76333333333335,145.98033333333333,149.54633333333334,-2.4133185950506455,5.629930828192183,0.0,1.0,133.46,161.1,147.28,18.448620525091513,-0.1443560057887124,4.781727102519236,9.868531925618424,29.728036497369246,0.16881851781186924,0.2349844201934823,0.21271737928045942,-23.632882838442324,-22.582615920884198,-14.435600578871242,-16.947230798161325,-114.43560057887125,-14.093617647058778,-17.83855819266405,-2.7478836337182164,-0.5850424220778434,-2.162841211640373,-2.673342866183033,-0.43884102897386484,-2.2345018372091685,142.71170366865397
133.61,2023-06-02,134.0,129.86,130.03,2354900,-4.7920488571455735,-1.6329947101485636,-3.15905414699701,145.06166666666667,149.54653846153846,140.9995348687097,145.79158372585528,0.7450350467289714,0.742114485981308,0.0029205607476633366,-0.12322409119958984,25.430092751038085,9.04249999999999,-38.31799587421163,24.230586939773616,-62.54858281398525,146.825,147.28,147.0525,147.28,0.3906249999996515,33.14258002263502,36.10331832439027,62.67589364653359,-144.01023381493226,148.425,145.66500000000002,64.0,96.0,-32.0,158.8291484145525,155.6424521491456,0.0,0.0,34346.433647989936,5431.869999999988,5.005439920138908,-261.2775912772984,3595314.7219519718,6580102.205663711,106.28181152722588,149.85087474077875,45.146922312086204,9.58580792245558,148.7475,170.5577699433081,126.9372300566919,29.325225557818584,0.06700444219409778,0.0,0.0,144.926,142.946,146.906,-2.7324289637470214,4.304545454545444,0.0,1.0,133.46,161.1,147.28,18.581824904620238,-0.1302460202604919,4.756554392267312,11.025171021012449,30.350739585138953,0.18116271208263166,0.1961746328449648,0.2241666744341536,-26.800148854238522,-17.59625653081779,-13.02460202604919,-16.17731851892749,-113.0246020260492,-14.777676470588204,-17.355056322790034,-3.286917347819257,-1.1254174072261263,-2.1614999405931306,-3.1087008685418547,-0.9728129968874628,-2.1358878716543916,140.44113386421276
130.24,2023-06-05,133.89,130.0,133.61,2730200,-5.31453804813728,-2.3693033777463066,-2.945234670390973,142.74583333333334,148.69807692307694,139.30729873506203,144.6218367831993,0.7545333923042896,0.743771192687601,0.010762199616688672,-0.19525716471484028,25.41215693211352,11.28049999999999,-56.875150693749255,10.707512406288487,-67.58266310003773,146.235,147.28,146.7575,147.28,0.19531249999982575,31.846201978464336,41.848226262839056,56.61041302567526,-113.53671313913455,148.425,145.66500000000002,60.0,92.0,-32.0,158.8291484145525,153.86785597721396,0.0,0.0,34346.433647989936,5562.109999999988,6.160969128380313,-221.3474210948275,-373003.685503649,6658481.301508643,106.42222119918027,148.059682873996,43.702633507704924,9.596142229471932,147.6695,170.90204740660118,124.43695259339881,31.465600420670736,0.11972529979688168,0.0,0.0,142.15766666666667,140.1496666666667,144.16566666666668,-2.8250322998173325,3.527307436919002,0.0,1.0,133.46,161.1,147.28,18.71747381822244,-0.12518089725036213,4.683898953040578,12.061933654128893,30.58852123689789,0.18587639178164833,0.1786192072253832,0.20325942008794354,-29.035271945570567,-17.401236776536923,-12.518089725036214,-13.326097443318881,-112.51808972503622,-15.52232352941175,-17.612015970593824,-3.6747825683504725,-1.6352904394509955,-2.039492128899477,-3.611929808681549,-1.50063635924628,-2.111293449435269,138.64683991949553
131.29,2023-06-06,131.69,128.85,130.14,2089800,-5.755069031983936,-3.046456508593833,-2.7086125233901033,140.23749999999998,147.7807692307692,137.69848354505248,143.45355257703642,0.7836680448907261,0.7649143532191374,0.01875369167158869,-0.26368488902233866,25.439346668614974,11.955999999999989,-77.10401865123562,-4.853020583390968,-72.25099806784465,144.405,146.39499999999998,145.39999999999998,146.39499999999998,0.09765624999991288,30.997437608835593,41.68603155162639,62.48152192760838,-110.01569966421278,148.8025,145.735,56.00000000000001,100.0,-43.99999999999999,158.8291484145525,152.23522749903685,0.0,0.0,34346.433647989936,5430.819999999988,5.913329467406101,-211.2954323669951,3346979.968009784,6861000.486983356,105.26080966071873,146.1106065088028,44.886692166587615,9.596142229471932,146.394,170.7892006755422,121.99879932445782,33.32814278664725,0.14042107639661597,0.0,0.0,139.16833333333335,137.09033333333335,141.24633333333333,-2.986311541179131,2.982755854988787,0.0,1.0,131.69,161.1,146.39499999999998,20.089621159337128,-0.09656579394763698,4.38450905773652,13.08997551652556,29.691809239899214,0.16810036446898366,0.17837982277775466,0.18439122094936766,-31.069785941670663,-5.650983711283993,-9.656579394763698,-11.733090381949701,-109.6565793947637,-17.240558823529426,-18.936772569990563,-4.011799588506802,-2.110592269262157,-1.9012073192446453,-3.9163896643713407,-1.9837870202712922,-1.9326026441000486,136.78825289232734
132.34,2023-06-07,133.65,130.44,130.45,1931500,-5.907791950587608,-3.6187235969925884,-2.28906835359502,137.91166666666666,146.91653846153847,136.58179376889055,142.48958571947816,0.7749711316397224,0.765877598152425,0.009093533487297467,-0.3244215241122229,25.630238380008667,13.84899999999999,-93.86464991171992,-22.12226708715586,-71.74238282456406,136.79500000000002,146.39499999999998,141.595,146.39499999999998,0.04882812499995644,30.13394109857128,40.67020828409298,59.636732630524634,-89.90175479636558,148.8625,145.735,52.0,96.0,-44.0,158.8291484145525,150.18070474913316,0.0,0.0,34346.433647989936,5563.159999999988,5.813673929479741,-151.05028488599575,-2744446.1236210032,6688832.829417172,106.8938760169469,144.0915558719454,43.372359367497,9.596142229471932,145.281,170.44294817576684,120.11905182423315,34.639007407392356,0.20509040285097677,0.0,0.0,136.52933333333334,134.13133333333332,138.92733333333334,-3.512798226510557,1.7696691687517312,0.0,1.0,131.69,161.1,146.39499999999998,20.243528059415887,-0.04250255015300919,4.426058151962869,13.948680214783908,32.6323672555332,0.22639270334182018,0.19345648653081748,0.1834851721779852,-31.76640262894898,-13.187464994881198,-4.250255015300919,-8.80830804503361,-104.25025501530091,-18.057235294117646,-17.6255131038838,-4.146121922354652,-2.5176981998806562,-1.628423722473996,-4.05772228686648,-2.39857407359033,-1.6591482132761501,135.8422508887452
132.88,2023-06-08,133.51,131.29,132.89,1456300,-5.8923151266949105,-4.073441902933053,-1.818873223761858,135.59166666666667,146.11153846153846,135.76767165059968,141.6599867772946,0.7684850238749819,0.7971350021704531,-0.028649978295471223,-0.37587762471040803,25.74952007077234,11.462500000000006,-109.56924236454302,-39.28684319133026,-70.28239917321275,136.79500000000002,146.39499999999998,141.595,146.39499999999998,0.02441406249997822,28.7428967639651,44.78514251578244,55.47185737129454,-75.25554448503664,149.52,145.735,48.0,92.0,-44.0,158.8291484145525,148.33163427421985,0.0,0.0,34346.433647989936,5696.039999999988,6.135742224041829,-113.33624418799647,-536574.3527995183,6636725.372267281,107.75977604761233,142.0474237442691,41.748471450676924,9.596142229471932,144.2275,169.87533333928968,118.5796666607103,35.565801721987405,0.24778571295180016,0.0,0.0,134.11499999999998,131.738,136.492,-3.5447190843678866,1.094236432477915,0.0,1.0,131.69,161.1,146.39499999999998,20.391395538298866,-0.013600816048963132,4.290452336766582,14.711509298804627,34.21634228947778,0.26369913207582985,0.21939739996221133,0.19707790309026127,-31.843624237146113,-22.501263220206347,-1.3600816048963134,-5.088972004986977,-101.36008160489631,-17.590176470588233,-17.495129768114122,-4.1594773942470376,-2.8460540387539326,-1.313423355493105,-4.096106583285096,-2.738080575529283,-1.3580260077558126,135.23338834651207
131.77,2023-06-09,133.65,131.56,131.69,2895800,-5.791502058098672,-4.4170539339661765,-1.3744481241324955,133.58083333333335,145.32423076923075,135.12033755050743,140.9118396086061,0.7914021927293708,0.7758222735141378,0.015579919215233051,-0.4180084959469514,25.877459802559443,11.90549999999999,-113.57994095202426,-55.18766805063273,-58.39227290139153,136.79500000000002,146.39499999999998,141.595,146.39499999999998,0.01220703124998911,27.451212738973645,44.241891639882205,54.79897495065361,-69.61033763765045,151.005,146.20499999999998,44.0,88.0,-44.0,158.8291484145525,146.66747084679787,0.0,0.0,34346.433647989936,5827.809999999989,6.051429528300365,-92.0627950182825,788343.3254913702,6693035.609802378,108.03076317534483,139.89511682531202,33.586749861540795,9.615876850554706,143.14450000000002,169.01030559348544,117.27869440651459,36.139433360674595,0.2760653547377297,0.0,0.0,133.83800000000002,131.91199999999998,135.76399999999998,-2.8781063673993956,1.0913811007268885,0.0,1.0,131.69,161.1,146.39499999999998,20.54567238000761,-0.0044202652159128,4.0974071030899255,15.422682875552368,34.741228856855074,0.2743426505114362,0.25481149530969555,0.2225551272675749,-31.754602898209793,-10.641085079254822,-0.456140350877177,-2.0221589903581365,-100.45614035087718,-16.90726470588237,-15.498747511079708,-4.11001806106927,-3.098846843217,-1.0111712178522696,-4.147487768500017,-3.01996201412343,-1.1275257543765873,135.17364892741062
134.22,2023-06-12,134.32,131.19,131.57,1458900,-5.676033106257194,-4.66884976842438,-1.0071833378328137,131.5925,144.54923076923077,134.51567023504475,140.19170334130195,0.8074650526012396,0.812076668107797,-0.0046116155065574205,-0.4519117026371605,25.687745097764825,-12.679000000000002,-120.54827505587792,-70.14525635867307,-50.40301869720486,135.04500000000002,146.39499999999998,140.72,146.39499999999998,0.006103515624994555,26.251791858624436,44.227447787369684,54.781084478915474,-63.63540609910923,151.7375,146.20499999999998,40.0,84.0,-44.0,158.8291484145525,145.16972376211808,0.0,0.0,34346.433647989936,5693.589999999988,6.0922407524946465,-86.00545287281366,-563440.6198777951,6634385.833382537,107.65328217808121,137.682796818518,41.30554011787051,9.615876850554706,141.939,167.67336915877257,116.20463084122741,36.26116734480669,0.29115477955410124,0.0,0.0,133.28033333333332,131.69933333333333,134.86133333333333,-2.372443046110834,1.1610794855576627,0.0,1.0,131.69,161.1,146.39499999999998,20.720168523097946,-0.017001020061203673,3.963666392780932,15.985847134772815,34.33690328481586,0.36562366444201755,0.301221815676428,0.25847690364944503,-31.7910424352498,-1.8842289409953499,-1.8301610541727678,-1.2154610033154194,-101.83016105417276,-16.49797058823532,-15.388584327636254,-4.048765348430555,-3.288830544259711,-0.759934804170844,-4.001477853618313,-3.216265182022407,-0.7852126715959065,135.03759622309462
136.03,2023-06-13,136.17,134.09,134.14,1951000,-5.289542809444015,-4.7929883766283075,-0.49655443281570744,131.995,143.87730769230768,134.4501825065763,139.73972531602033,0.7296969696969701,0.8049831649831655,-0.0752861952861954,-0.4742742221335344,25.706917507852978,-6.174499999999995,-127.49136327326048,-84.14815807706469,-43.34320519619578,132.915,146.39499999999998,139.65499999999997,146.39499999999998,0.0030517578124972774,24.477007929882518,48.25801260905367,49.633204933872925,-45.96457746096946,151.7375,146.20499999999998,36.0,80.0,-44.0,158.8291484145525,143.82175138590628,0.0,0.0,34346.433647989936,5829.619999999988,6.0186034830592385,-17.363673890983044,-3298022.4950378523,6398812.798022689,110.6602720401134,135.81457177046926,49.42365099847262,9.615876850554706,140.7645,165.66697254792157,115.86202745207842,35.381751148793306,0.3659872029342511,0.0,0.0,132.684,130.933,134.435,-2.639353652286643,0.09851513420902282,1.0,1.0,131.69,161.1,146.39499999999998,20.893051870322417,0.08160489629377783,4.0652997535028375,16.37884395010457,40.21034961517832,0.5620754883752819,0.40068060110957865,0.31890463736523417,-30.15132431735792,7.224974608784831,9.437672040896599,2.383790211948885,-90.5623279591034,-15.081294117647047,3.736654804270473,-3.7852821003345714,-3.388120855474683,-0.39716124485988846,-3.737263577423043,-3.3204648611025345,-0.4167987163205087,134.9940339637611
137.79,2023-06-14,138.98,136.49,137.69,1574800,-4.735004339753374,-4.781391569253321,0.046387229499947225,132.15333333333334,143.19,134.76400058248765,139.49900492224103,0.6999219562955262,0.8266129032258069,-0.1266909469302807,-0.4838827483219172,25.70576079159648,-1.5725000000000193,-129.6520265762415,-96.3336292614293,-33.3183973148122,134.69,146.39499999999998,140.5425,146.39499999999998,14.030682524673148,23.429711117580176,53.792998094410564,44.17735262143771,-24.900907812300282,152.0525,146.47,32.0,76.0,-44.0,158.8291484145525,142.60857624731565,0.0,0.0,34346.433647989936,5967.409999999988,6.058245616041472,32.359136664871784,-2977139.1247550505,6129870.05903207,113.12649621790443,134.2297040697057,57.98478922607328,9.615876850554706,139.73250000000002,163.52244314831356,115.94255685168648,34.05069421689805,0.43185145547037873,0.0,0.0,132.72533333333334,130.91333333333333,134.53733333333332,-2.7304508559029137,-0.538815305371603,1.0,0.0,131.69,161.1,146.39499999999998,21.047358345409975,0.16320979258755566,4.147769778152552,16.36769176748695,44.624877564950346,1.0,0.6425663842724333,0.4481562670194801,-27.443806290831045,13.727049592219917,47.01273261508333,18.206747867269055,-52.98726738491667,-13.392088235294096,1.4116947767293304,-3.394292555988296,-3.389355195577406,-0.0049373604108899904,-3.3854203330310364,-3.333455955488235,-0.051964377542801365,135.0262046891046
138.44,2023-06-15,139.51,137.72,138.21,1346700,-4.148457056209423,-4.654804666644542,0.5063476104351183,132.11666666666667,142.61384615384617,135.2187697236434,139.3672267798528,0.5264306091626122,0.8300050344017461,-0.3035744252391339,-0.48192100056957243,25.822573664760267,-4.288999999999987,-129.22626772755743,-106.43454835624549,-22.79171937131194,134.95,146.39499999999998,140.67249999999999,146.39499999999998,57.01534126233658,22.56772409793128,52.5317788147226,41.812484692042275,-15.154262121113174,153.345,146.47,28.000000000000004,72.0,-44.0,158.8291484145525,141.51671862258408,0.0,0.0,34346.433647989936,6105.849999999988,5.457262140751122,52.0622885698899,-492993.3545218134,-519945.16113316815,114.37406893385429,134.48107410906698,65.38850421438187,9.615876850554706,138.72899999999998,161.03435173450515,116.4236482654948,32.1567253198757,0.47738210963875743,0.0,0.0,133.376,131.481,135.271,-2.841590690978881,-0.6461741424802157,1.0,0.0,131.69,161.1,146.39499999999998,21.19960498525903,0.20503230193811636,4.034992800337295,15.580153474501774,46.793104473045474,1.0,0.8540251627917607,0.6324240493912576,-24.545324791685733,24.244780072413555,59.0597453476983,38.50338333455941,-40.9402546523017,-11.827441176470614,-0.3184713375796162,-2.9766374434374065,-3.306811645149406,0.3301742017119995,-3.033221284719105,-3.2734090213344094,0.24018773661530446,135.7119081572631
136.22,2023-06-16,139.07,136.09,139.07,2592600,-3.7716640898292724,-4.478176551281488,0.706512461452216,132.25416666666666,141.98807692307693,135.35280515077517,139.12446924060444,0.5708570225310604,0.8917666877237326,-0.32090966519267217,-0.47346906594164606,25.783805852820986,-8.116000000000014,-122.16651145071825,-113.68914399590872,-8.477367454809524,135.38,146.39499999999998,140.8875,146.39499999999998,78.50767063116828,21.955009502354386,53.01540072283606,40.00246235205355,-12.044770183512243,153.61,146.735,24.0,68.0,-44.0,158.8291484145525,140.53404676032568,0.0,0.0,34346.433647989936,5969.629999999987,5.442899251359557,12.905018774191436,0.0,-11646.509977375461,112.76182234657576,134.47976533972397,57.82487278120628,9.502067096950261,137.586,157.88176349881908,117.29023650118094,29.50265797220512,0.46314501792240886,0.0,0.0,134.054,132.55599999999998,135.552,-2.234920256016239,-0.17957276368491631,1.0,0.0,131.69,161.1,146.39499999999998,21.375721366999546,0.14960897653859254,3.7664935203035648,15.030452888676852,44.31668358025034,0.8551910332502033,0.9517303444167343,0.8161072971603095,-22.742913104440625,15.471067469015031,43.09500489715967,49.7224942866471,-56.90499510284033,-10.088176470588223,1.2273132996132146,-2.7109998050066135,-3.1876492771208476,0.47664947211423403,-2.8515014209474097,-3.1890275012570095,0.33752608030959985,135.76197888304077
136.54,2023-06-20,137.63,134.76,136.22,2721100,-3.5395708644336707,-4.290455413911925,0.7508845494782541,132.695,141.27807692307692,135.26160435834822,138.8011752227819,0.704276395264558,0.9197873882580347,-0.21551099299347676,-0.4618702324496972,25.50223027873465,-6.5464999999999804,-117.74628974253258,-118.20495189494171,0.4586621524091328,136.29,146.39499999999998,141.34249999999997,146.39499999999998,89.25383531558414,20.97287498615683,52.77846584889677,44.77415049291094,-22.261914282921285,153.61,146.735,20.0,64.0,-44.0,158.8291484145525,139.6496420842931,0.0,0.0,34346.433647989936,5833.089999999987,5.640893209983536,-14.88115533640758,2215065.1823641327,188360.31228359113,111.42742452160697,134.1413448590209,50.28386256322826,9.502067096950261,136.4065,154.34310087642024,118.46989912357975,26.29874804561402,0.45410222897459573,0.0,0.0,134.42433333333332,132.81333333333333,136.0353333333333,-2.3968874682906964,0.39582040140699243,1.0,1.0,131.69,160.19,145.94,20.893432497718216,0.1077192982456138,3.543844168273208,14.62328246515385,42.347357487418236,0.7400344871533266,0.8650751734678434,0.8902768935587795,-21.74531212832789,7.444680891448961,41.59891598915983,47.9178887446726,-58.40108401084017,-8.78438235294115,4.085888622846986,-2.550101509409057,-3.0601397235784895,0.5100382141694326,-2.6582700986238637,-3.0828760207303807,0.42460592210651704,135.68706943513888
142.77,2023-06-21,145.6,137.46,137.96,5274500,-3.1020098375347516,-4.05276629863649,0.9507564611017383,133.32833333333335,140.59192307692308,135.5998190724485,138.70182890998325,0.4999025531085573,0.8698109530305996,-0.36990839992204233,-0.44410825470587134,25.870074318439833,-5.3230000000000075,-112.35109597956519,-120.25900145803563,7.90790547847044,136.29,146.39499999999998,141.34249999999997,146.39499999999998,94.62691765779208,20.467053031875313,52.94757654525725,40.03150983998648,40.90315457837986,153.61,146.735,16.0,60.0,-44.0,158.8291484145525,139.07,0.0,0.0,34346.433647989936,5975.859999999988,5.531560121436404,42.31315256879385,-25980388.03670236,-1787117.752022467,114.28790982881982,134.38450639698468,57.897760305557256,9.502067096950261,135.323,149.95092685242864,120.69507314757138,21.619276623232754,0.5730452107656391,0.0,0.0,135.43566666666666,133.21566666666666,137.65566666666666,-3.2783092587624614,0.04406906906906614,1.0,1.0,131.69,159.01,145.35,20.18873362251797,0.21120058565153776,4.273459751445887,14.023110407706557,47.45240762114266,1.0,0.8650751734678434,0.8939602304508071,-19.393167105399414,13.707265051598819,78.18428184281862,54.29273424304605,-21.815718157181387,-7.089382352941186,5.85245649160634,-2.236459217526208,-2.8954036223680335,0.6589444048418254,-2.1151819301663184,-2.8893372026175683,0.7741552724512499,135.97649611876145
144.07,2023-06-22,144.5,142.45,143.58,3413800,-2.325778151644869,-3.7073686692381655,1.3815905175932968,134.36583333333334,140.01,136.65369306130256,138.97947121294743,0.3792618629173997,0.8124780316344473,-0.4332161687170476,-0.41527219683757005,26.035637442150836,-5.811000000000007,-102.9341550055032,-119.5217695292534,16.587614523750204,138.615,146.39499999999998,142.505,146.39499999999998,97.31345882889605,21.087682467676558,59.91108361118099,32.86222335315039,111.0229679666446,155.015,148.14,12.0,56.00000000000001,-44.00000000000001,131.69,139.07,1.0,0.0,34346.433647989936,6119.929999999988,5.737984220815717,138.96974505896577,-1443187.3394877329,-2033106.566749251,119.51786254233646,135.24168312954487,65.14483101351354,9.502067096950261,134.661,146.46858891560865,122.85341108439135,17.536761075008574,0.829830249666957,0.0,0.0,136.63533333333334,134.64333333333335,138.6273333333333,-2.9157904495176594,-0.9595046854083177,1.0,0.0,131.69,157.12,144.405,18.884458009371684,0.42312229650019617,4.550113776301297,13.108503441715943,55.32575602543122,1.0,0.913344829051109,0.8811650586622655,-14.731510663277595,26.1035135997081,90.49621530698046,70.0931377129863,-9.503784693019533,-5.619117647058829,9.576923076923068,-1.6734688449643473,-2.6510166668872963,0.977547821922949,-1.5914895473258583,-2.629767671559226,1.0382781242333678,137.29827663572595
143.67,2023-06-23,144.37,142.06,143.96,3491300,-1.722225940173928,-3.310340123425318,1.58811418325139,135.46666666666667,139.4303846153846,137.48543259033295,139.20765853050688,0.3442622950819676,0.8474857248112,-0.5032234297292324,-0.37982462942003936,26.137156391106636,-3.5715000000000146,-92.14897856273694,-117.14055148599927,24.991572923262325,139.14,146.39499999999998,142.76749999999998,146.39499999999998,98.65672941444802,21.728468431923623,58.33277078419291,31.36945917518562,145.3473995214927,155.015,148.14,8.0,52.0,-44.0,131.9278,139.07,0.0,0.0,34346.433647989936,5976.2599999999875,5.962674813457257,111.11245290768524,-35672.026171086225,-2292462.763043755,119.12452242299635,136.13689090118274,64.37528061628478,9.476052311637446,134.0115,142.10708713127133,125.91591286872871,12.081928985603934,0.9970918025766508,0.0,0.0,137.72533333333337,135.75433333333334,139.69633333333334,-2.8622185218889817,-0.599611026551663,1.0,0.0,131.69,143.96,137.825,9.155930647742924,0.8451507742461284,4.287102398671168,12.15202628288884,54.636723003985026,0.9731202913382387,0.9910400971127463,0.9231533665438997,-11.182877731903709,21.501647123432985,84.51507742461284,84.3985248581373,-15.484922575387156,-4.296352941176451,10.252231276678314,-1.237163212393597,-2.3682459759885566,1.1310827635949596,-1.1869626527073684,-2.3412066677888546,1.154244015081486,138.14083852031303
143.41,2023-06-26,145.97,142.84,143.81,2453400,-1.1675086697602524,-2.8817738326923052,1.7142651629320529,136.5,138.8553846153846,138.3092121918202,139.47672086158045,0.3481631899575416,0.8152113716079016,-0.46704818165036,-0.33955042690893306,26.149943265866952,-3.400499999999994,-77.15834324121762,-112.31944795103702,35.1611047098194,140.065,146.39499999999998,143.23,146.39499999999998,99.32836470722401,22.32348397015304,55.20306687342242,29.686406617601,137.2421852176452,156.0475,148.735,4.0,48.0,-44.0,132.409088,139.07,0.0,0.0,34346.433647989936,6119.669999999987,5.912799374154469,111.21921677801595,-1091974.0603862947,-2343817.789821087,119.91193478397061,136.98571012712688,64.83869301480627,9.528081882263079,134.6905,143.3373201669749,126.04367983302508,12.839539784877052,0.971242598008784,0.0,0.0,138.916,136.925,140.907,-2.866480463013619,-0.485434455047713,1.0,0.0,131.69,143.96,137.825,9.109773889027075,0.9087204563977177,4.249392158804051,11.123663755525277,55.821770254060525,1.0,0.9910400971127463,0.9651416744255341,-7.904575974617925,19.04615965235854,90.87204563977176,88.62777945712169,-9.127954360228228,-2.868235294117653,9.506286415210063,-0.8370634630268601,-2.062009473396217,1.224946010369357,-0.8719623155562214,-2.047357797342328,1.1753954817861065,138.99903880515615
146.68,2023-06-27,146.83,142.76,142.91,2438400,-0.7259779459915592,-2.450614655352156,1.7246367093605968,137.45583333333335,138.2326923076923,138.99394877769402,139.71992672368557,0.3217637683725877,0.8014875154949533,-0.47972374712236565,-0.2971275461232938,26.479294450506007,-3.5389999999999873,-62.71413447827563,-105.1219780849276,42.40784360665197,140.79500000000002,146.39499999999998,143.595,146.39499999999998,99.664182353612,22.875998398508923,55.07577638599874,29.617953950344727,121.15787057663974,156.0475,148.735,0.0,44.0,-44.0,132.87112448,139.07,0.0,0.0,34346.433647989936,5972.989999999987,5.877045567631068,93.65441438115627,53449.68639213575,-2579069.952793776,119.82978412589163,137.98770695758878,63.85640189764308,9.528081882263079,135.099,144.43288215053107,125.7651178494689,13.81784047332858,0.9103865827984611,0.0,0.0,140.09666666666666,137.98866666666666,142.20466666666667,-3.0093506864308037,-0.13172043010752413,1.0,0.0,131.69,143.96,137.825,9.08222858792442,0.9022004889975537,4.223452942923647,9.89308237448181,55.66116357747955,0.9930741349145049,0.9887314754175813,0.9902705565476916,-5.256093477575591,16.51828011773046,88.51674641148311,87.96795649195592,-11.483253588516892,-0.9627647058823356,8.736385101683295,-0.5195951379414014,-1.753526606305254,1.2339314683638525,-0.4304756703244712,-1.723981371938757,1.2935057016142857,139.73557391689644
145.66,2023-06-28,146.99,145.37,146.34,1898000,-0.16357093510737286,-1.9932059113031995,1.8296349761958266,138.60666666666665,137.73346153846154,139.97487973497186,140.13845067007924,0.3116279069767446,0.8198568872987478,-0.5082289803220033,-0.25084917043950167,26.646741907119157,-4.269499999999994,-48.005066884942316,-96.05009367478324,48.045026789840925,141.985,145.94,143.9625,146.39499999999998,99.832091176806,24.016625568344104,59.66605116251077,26.280358473366395,140.84820863400455,156.5975,149.285,0.0,40.0,-40.0,133.3146795008,139.07,0.0,0.0,34346.433647989936,6118.649999999987,4.878107498853584,134.5855837552771,-801009.199505706,-2440253.0296426835,122.49280317884765,139.04294708954012,64.37570291280093,9.702278391878565,135.4595,145.74668907185057,125.17231092814941,15.188582671352806,0.981691350804404,0.0,0.0,141.24,139.27,143.20999999999998,-2.789578023222861,-0.5482233502538177,1.0,0.0,131.69,146.34,139.015,10.815040657908828,0.933788395904437,4.224107648631284,8.640304286147405,59.73175826251194,1.0,0.9976913783048351,0.9924876502783877,-1.7243302330664445,23.762172170665753,92.43959469992207,90.60946225039231,-7.560405300077926,0.2535000000000025,10.497111584068106,-0.1167209529756109,-1.4261654756393254,1.3094445226637146,-0.1387603249947137,-1.4069371625499483,1.2681768375552345,140.82120634720724
143.61,2023-06-29,145.64,143.43,145.22,1863400,0.12416755986009775,-1.5697312170705402,1.693898776930638,139.62666666666667,137.1296153846154,140.50643669882234,140.38226913896224,0.3470809792843695,0.8186440677966107,-0.4715630885122412,-0.20609912725770985,26.802322215248996,-1.8190000000000168,-35.783715514478644,-85.66758787333005,49.883872358851406,141.985,145.35,143.66750000000002,146.39499999999998,99.916045588403,24.574409693426542,59.666051162510755,30.856654078445402,104.015122343963,156.60999999999999,149.285,0.0,36.0,-36.0,134.096198730752,139.07,0.0,0.0,34346.433647989936,5975.039999999987,4.739708892314282,75.55858607595187,361186.5468978415,-2376127.251092872,120.5762908310455,139.90098824677355,57.209641558321806,9.572798993926826,135.90900000000002,146.74947766475267,125.06852233524738,15.952553053517644,0.8468943081933645,0.0,0.0,141.94433333333333,140.06133333333335,143.82733333333334,-2.6531527617634083,0.10550539918569747,1.0,1.0,131.69,146.34,139.015,10.779271424261823,0.8013651877133109,3.8286968837681536,7.2745613879724855,55.6426616514099,0.8389793281082555,0.9440178210075869,0.9768135582433346,0.19709415300726862,21.850331074454278,77.06855791962177,86.00829967700899,-22.93144208037823,0.842382352941172,9.329979419163054,0.08844960308853976,-1.1232424598937525,1.2116920629822923,-0.024508468343906072,-1.1304514237087397,1.1059429553648337,141.05737825971417
143.5,2023-06-30,144.82,143.06,144.73,2143600,0.31867301819804084,-1.192050370016824,1.5107233882148647,140.37416666666667,136.64384615384614,140.89929259131122,140.58061957311318,0.33608286974870577,0.8269710339535783,-0.4908881642048725,-0.16438970773969255,26.79741848125765,-0.09850000000000136,-23.975097033351254,-74.7574307158448,50.78233368249355,141.985,144.405,143.195,146.39499999999998,99.9580227942015,24.790937896234794,56.962721157468124,32.31647952787716,86.93900236209528,156.8425,149.285,0.0,32.0,-32.0,134.83082680690688,139.07,0.0,0.0,34346.433647989936,5831.539999999987,5.945127665229643,57.179502350815795,41080.13937282393,-2429503.1929584825,120.20611025515481,140.72171243513247,56.53777122985449,9.548104469575206,136.5885,147.4330512124753,125.74394878752472,15.87915704832441,0.7983756484341806,0.0,0.0,142.51666666666668,140.75466666666665,144.27866666666665,-2.472693252251199,0.34581914491108096,1.0,1.0,131.69,146.34,139.015,10.725646741856016,0.7761092150170649,3.5848271953913367,5.626614160269004,54.87113541866692,0.8085981255607076,0.8825258178896545,0.9414116724006923,1.5803914415138578,20.327688869159395,72.71214642262896,80.74009968072427,-27.287853577371035,1.2632058823529349,6.689536878216122,0.22668346402635203,-0.8532572751097316,1.0799407391360836,0.058970969963598664,-0.8925669449742721,0.9515379149378708,141.18830072239896
147.47,2023-07-03,147.74,143.17,143.5,1300600,0.47620666198761796,-0.8583989636159355,1.3346056256035534,140.9308333333333,136.18692307692308,141.24863219264796,140.77242553066034,0.3100832562442184,0.8046253469010184,-0.4945420906568,-0.12603615105796523,26.31815967920043,0.4660000000000082,-14.889298216549584,-63.3288761018467,48.43957788529712,145.35500000000002,139.015,142.185,146.39499999999998,99.97901139710075,24.99199979884246,56.037292550601556,31.791459057987016,85.68689283940321,157.53249999999997,149.285,88.0,28.000000000000004,60.0,135.52137719849247,139.07,0.0,0.0,34346.433647989936,5979.0099999999875,5.924604054916458,51.328387729270375,-2429511.0870007887,-2562793.940610125,120.31950114009818,141.58996381080908,57.09249751244567,9.548104469575206,137.254,147.99836671004846,126.50963328995152,15.656180089539784,0.7753070590222488,0.0,0.0,143.18933333333334,141.00333333333333,145.37533333333332,-3.0533000595947457,0.5044220799024098,1.0,1.0,131.69,146.34,139.015,10.673641569644605,0.783617747440272,3.6943444758522035,3.759550440258383,55.070592352390825,0.7612279936182899,0.8029351490957511,0.8764929293309976,2.7847896101344025,8.232511884134503,68.82989183874129,72.87019872699734,-31.17010816125871,1.7555294117646838,4.894131438200584,0.33828120826397196,-0.614949578434991,0.9532307866989629,0.34547253970980346,-0.6449590480374571,0.9904315877472605,141.42166096312826
145.44,2023-07-05,147.49,144.61,147.47,2480500,0.7090753953043816,-0.5449040918318722,1.2539794871362537,141.505,136.7773076923077,141.76576570147137,141.05669030616698,0.31560217269151525,0.803146656677281,-0.4875444839857658,-0.08933904603811295,25.420772826469882,-1.8944999999999936,-3.2206216677870048,-51.20326784498247,47.98264617719546,145.92000000000002,139.57999999999998,142.75,146.39499999999998,99.98950569855037,25.96652272602402,61.335983567236696,27.14937964672086,97.99598516552692,151.155,149.285,100.0,24.0,76.0,136.17049456658293,139.07,0.0,0.0,34346.433647989936,6124.449999999987,19.584370176246548,73.91484662508944,-25577.557755788654,-2329047.873661406,121.78233273889684,142.41248308917258,57.54150424161963,9.644139046904176,137.9845,148.6430617697697,127.32593823023029,15.448926176157038,0.8108064738523897,0.0,0.0,144.22133333333335,142.17433333333332,146.26833333333335,-2.838692380230402,0.4050643217716957,1.0,1.0,131.69,147.47,139.57999999999998,11.436067094492499,0.8187579214195193,3.756910028266985,1.049153639376633,57.70588678805605,0.883466131466647,0.8177640835485483,0.8344083501779848,4.54357346685599,12.442102421585405,70.93495934959365,70.82566587032132,-29.065040650406345,2.627970588235314,5.002904443799023,0.5026882409939692,-0.39142201454919895,0.8941102555431681,0.4518776889472078,-0.42559170064052415,0.8774693895877319,142.0656018144062
144.27,2023-07-06,145.56,144.14,144.62,1258700,0.8459488998083202,-0.2667334935038337,1.112682393312154,142.17583333333332,137.14461538461538,142.1310325166296,141.28508361682128,0.36804853387259845,0.8078867542972705,-0.4398382204246721,-0.05581180469582369,24.919563893896335,-3.9890000000000043,6.612849143380972,-39.03137849510645,45.64422763848742,145.92000000000002,139.57999999999998,142.75,146.39499999999998,99.99475284927519,26.13992493559809,61.313561539933644,34.19477710649523,67.8106833112593,151.155,149.285,96.0,20.0,76.0,137.0744550012563,139.07,0.0,0.0,34346.433647989936,5980.179999999987,19.47306117696615,53.668882821504674,1557219.103070628,-2005165.143102429,121.31343778004197,142.90564013155156,50.52360887647371,9.612794427914858,138.749,148.85629024021742,128.64170975978257,14.569172015967574,0.766688690631883,0.0,0.0,144.66466666666668,143.28766666666667,146.04166666666666,-1.903712954556969,0.6905107722101225,1.0,1.0,133.51,147.47,140.49,10.061333775378568,0.7614613180515751,3.4762190254402854,1.0234737717385165,56.54021586439092,0.8164134364243675,0.8203691871697681,0.813689473271356,5.740593356758923,8.608329551027982,66.15853658536574,68.64112925790023,-33.84146341463426,2.714735294117645,5.915203174369889,0.5987531579077484,-0.19338698005780947,0.7921401379655579,0.46477403562851904,-0.24751855338671552,0.7122925890152345,142.3491315040654
143.54,2023-07-07,145.18,143.28,144.47,1378900,0.8749415440799737,-0.03839848598707221,0.9133400300670459,142.88583333333335,137.34153846153848,142.30779674484043,141.43285520076046,0.3901411417737518,0.8150410785759428,-0.42489993680219096,-0.026948900347815514,24.5941297393512,-1.9310000000000116,11.688095084310623,-27.493925867656717,39.18202095196734,146.14499999999998,139.57999999999998,142.86249999999998,146.39499999999998,99.9973764246376,26.159507236823874,60.52722415553839,35.23303533264683,55.649500384319424,151.155,149.285,92.0,16.0,76.0,137.9060986011558,139.07,0.0,0.0,34346.433647989936,5836.639999999987,19.57009410244437,28.366985275575747,131078.44503274525,-1960588.5859913894,120.45701763296275,143.31138417586433,43.586722488303074,9.555440444232282,139.39100000000002,148.92025789345598,129.86174210654406,13.672701814975085,0.7040557640207575,0.0,0.0,144.74466666666666,143.38866666666667,146.10066666666668,-1.873644164206408,1.0400688298918377,0.0,1.0,133.51,147.47,140.49,10.014993794434366,0.6998567335243556,3.2325971228962587,1.0899071990622788,54.375770897079406,0.6919084278644823,0.7972626652518323,0.8117986453233831,6.225477032658796,7.108347311830764,57.41869918699191,64.83739837398377,-42.58130081300809,3.0454999999999757,6.32235084594836,0.6186267984465249,-0.03098422435694259,0.6496110228034675,0.42895878763162715,-0.11222308518304698,0.5411818728146741,142.36247820671417
144.9,2023-07-10,145.68,144.09,144.09,1543400,0.9523011195739457,0.15974143512513136,0.7925596844488143,143.43833333333333,137.7126923076923,142.58198186101882,141.62968074144487,0.39509480626545757,0.8046166529266285,-0.409521846661171,-0.0012874505799499141,24.49377748012668,2.4189999999999827,16.054137553571763,-17.136983557124566,33.19112111069633,146.14499999999998,139.57999999999998,142.86249999999998,146.39499999999998,99.9986882123188,26.177690802247817,58.542591710196554,34.07777625634491,55.36603765212294,150.09,149.285,88.0,12.0,76.0,138.67121071306335,139.07,0.0,0.0,34346.433647989936,5981.539999999986,19.248876862452885,41.081558807636405,-65838.50931677282,-1965291.3366568733,121.27617592442004,143.7592523058451,50.49602891485236,9.555440444232282,140.031,149.0009072458968,131.0610927541032,12.811316416931668,0.7262565202029683,0.0,0.0,144.86033333333333,143.3863333333333,146.33433333333332,-2.035063659018692,0.7613071008593317,1.0,1.0,133.65,147.47,140.56,9.869243238997074,0.755426917510854,3.149337410606633,1.0406411894679406,56.08111355933456,0.7900045707409377,0.7661088116765958,0.7945802213660654,7.081496404065659,1.4102412015101695,65.6504065040651,63.07588075880759,-34.349593495934904,3.5129411764705765,4.823221300742031,0.6723881001415513,0.1096902405427562,0.562697859598795,0.4715495347921755,0.0045314388119975235,0.46701809598017796,142.42722323819913
147.51,2023-07-11,147.66,144.91,145.34,2914800,1.0674711445954586,0.3412873770191968,0.7261837675762617,143.64333333333332,138.30653846153848,142.94013849778514,141.87266735318968,0.3295746785361031,0.8144411473788331,-0.48486646884273,0.022255957704084763,24.31130340256864,1.3615000000000066,20.446968955414295,-7.896860953381239,28.343829908795534,146.14499999999998,139.57999999999998,142.86249999999998,146.39499999999998,99.9993441061594,26.486634883696386,60.68497683054031,32.31674671306898,74.2572569873778,147.28,147.28,84.0,8.0,76.0,139.3751138560183,139.07,0.0,0.0,34346.433647989936,6129.0499999999865,19.16101339472285,52.49250754940249,-2540031.184326471,-2304941.0771347736,122.11563876014769,144.42927084464182,57.346396532087525,9.555440444232282,140.6985,149.01032116025064,132.38667883974935,11.815081412027343,0.7533439975910768,0.0,0.0,145.0366666666667,143.54666666666668,146.52666666666667,-2.0546528464066482,0.5425055928411677,1.0,1.0,134.32,147.47,140.89499999999998,9.346226150243254,0.8053231939163498,3.191403669545969,0.8718521724516481,57.80074135256613,0.8427427503014538,0.7748852496356248,0.7794189088546845,8.266555428562604,11.546785242649465,17.419354838709452,46.829486843255495,-82.58064516129055,4.118352941176454,1.7269217269217325,0.752414939755807,0.23823518038536637,0.5141797593704406,0.6439173259172429,0.13240861623304662,0.5115087096841964,142.52219675641865
147.67,2023-07-12,148.81,146.97,148.06,1518600,1.309869641183866,0.5350038298521307,0.7748658113317353,144.05249999999998,138.96461538461537,143.56011719043357,142.2502475492497,0.3836276083467095,0.8085301536344878,-0.42490254528777827,0.046175957276626406,24.24409032050898,1.352499999999992,26.905203128230998,0.4265023814157962,26.4787007468152,146.44,139.875,143.1575,146.39499999999998,99.9996720530797,27.345420628268077,63.841518343512945,28.3419867270023,111.9449656035023,147.0525,147.28,100.0,4.0,96.0,140.02270474753684,139.07,0.0,0.0,34346.433647989936,6276.719999999987,19.21273024782982,88.45074932805933,-982765.6260581039,-519396.61923161213,124.21487414762959,144.97236380492924,57.608685311397814,9.555440444232282,141.4875,148.9961826407825,133.97881735921752,10.61391662271578,0.8650773552621904,0.0,0.0,145.41466666666668,144.24166666666667,146.58766666666665,-1.6133173178312883,-0.16297243535096054,1.0,0.0,136.17,148.06,142.115,8.403569219895761,0.9083263246425566,3.2622633025913728,0.8703909515595304,61.84275855165413,1.0,0.877582440347464,0.8061921672198951,10.436781502851286,18.97470272331525,70.46070460704595,51.176821983273506,-29.539295392954042,4.66758823529409,3.456286076305784,0.9208206409133767,0.37475227249096843,0.5460683684224082,0.7796558052229636,0.26185805403103,0.5177977511919336,142.88384346860323
148.0,2023-07-13,148.49,146.27,147.3,1466300,1.4290152480131724,0.713806113484339,0.7152091345288334,144.33833333333334,139.5903846153846,143.9770222380592,142.54800699004602,0.4258335521134156,0.7652927277500661,-0.33945917563665046,0.06823663995733782,24.18709280252723,0.6634999999999707,30.487869636459884,7.7900118426311895,22.697857793828696,146.44,139.875,143.1575,146.39499999999998,99.99983602653985,28.000529215425647,62.967763467853175,29.281246913567216,101.41780559458407,146.7575,147.28,96.0,0.0,96.0,140.82643427278316,139.07,0.0,0.0,34346.433647989936,6128.719999999987,19.22369944299278,61.01492799547968,434189.18918918195,-385298.29575468967,123.5099683845487,145.24900997217486,50.39422626625638,9.555440444232282,142.09650000000002,149.06260730609193,135.1303926939081,9.804755649987033,0.79955754459526,0.0,0.0,145.52666666666667,144.29966666666664,146.75366666666667,-1.6862888817628172,0.19709318120075686,1.0,1.0,137.63,148.06,142.845,7.340082268036162,0.8283796740172588,3.0880369723322363,0.8796499170440056,59.748474152427484,0.7195275396037971,0.8540900966350837,0.8355192622060575,11.747564306141383,15.400046762140983,51.49051490514924,46.45685811696822,-48.50948509485076,5.555499999999995,2.401288154578554,1.0024799912586355,0.5002978162445019,0.5021821750141336,0.8945719926534399,0.38840084175551204,0.5061711508979279,142.93349035199208
147.91,2023-07-14,148.41,146.53,147.81,1376900,1.5268186123607563,0.8764086132596225,0.6504099991011338,144.6525,140.27038461538461,144.36978804758854,142.8429694352278,0.4270425476376933,0.7692508483424702,-0.34220830070477687,0.0883104996054472,23.926827808742217,2.771500000000003,33.16540671134628,14.138956703153136,19.026450008193144,146.62,140.785,143.7025,146.39499999999998,99.99991801326993,28.718114559962142,61.046682433937875,27.396825166748744,106.58404857407128,145.39999999999998,146.39499999999998,92.0,4.0,88.0,141.54979084550484,139.07,0.0,0.0,34346.433647989936,6276.6299999999865,19.289748330963228,57.79230971041097,-87215.1984314734,-388979.9509161459,123.77288354145033,145.54408095824118,57.54113669206975,9.572425571158517,142.5985,149.31886092780633,135.87813907219368,9.425570293946045,0.7925066110462112,0.0,0.0,145.80866666666665,144.56366666666668,147.05366666666666,-1.7077174196321074,0.21030789825970303,1.0,1.0,137.63,148.06,142.845,7.314242435930256,0.8533077660594439,2.993233275099011,0.880245457344303,60.28642889028532,0.7915719519885229,0.8370331638641068,0.8562352336155516,12.997234967622532,12.974662789648859,52.77777777777788,58.24299909665769,-47.22222222222212,6.4897058823529505,2.640795741103958,1.0688790763714087,0.6140140682698833,0.4548650081015254,0.9688441728997382,0.5044895079843573,0.4643546649153809,143.25891144344803
149.11,2023-07-17,149.86,147.29,147.41,1368600,1.6466723181902125,1.0304613542457406,0.616210963944472,144.8125,140.91846153846154,144.81905142488262,143.1723791066924,0.4452690166975886,0.782136231115824,-0.33686721441823536,0.10705118603674185,23.979311229610694,0.35300000000000864,36.42544353539478,19.840594675591397,16.58484885980338,146.62,140.785,143.7025,146.39499999999998,99.99995900663497,29.384443808460315,58.72111226174822,26.35314454594788,122.72947266810473,141.595,146.39499999999998,88.0,0.0,88.0,142.20081176095437,139.07,0.0,0.0,34346.433647989936,6425.739999999986,19.191230935312436,65.72535118035206,-862618.201327894,-372597.3895548316,124.54626510154038,145.8305147975573,57.74262946886821,9.572425571158517,143.077,149.7019138862316,136.4520861137684,9.260627335255297,0.8179663971750459,0.0,0.0,146.207,144.726,147.68800000000002,-2.0258947929989795,0.13436866981769824,1.0,1.0,137.63,148.06,142.845,7.289781026999452,0.9261744966442944,3.0269099475891115,0.880245457344303,61.889784022547445,1.0,0.8370331638641068,0.8427188081210991,14.49998774780977,16.113377982434105,76.23456790123431,60.167620194720485,-23.765432098765682,6.926176470588246,1.3207676962234212,1.1501326781495391,0.7212377902458145,0.42889488790372465,1.0810557159994945,0.6198027495873848,0.46125296641210967,143.81604634317213
148.88,2023-07-18,150.57,147.78,149.68,1350600,1.7608976168521622,1.176548606767025,0.5843490100851372,145.175,141.5526923076923,145.27458197490068,143.51368435804852,0.3760129659643444,0.8009184224743391,-0.4249054565099947,0.12453874849207973,23.939411671838315,-0.6014999999999873,40.14243757176059,24.658712368874465,15.483725202886124,147.43,141.66500000000002,144.5475,146.39499999999998,99.99997950331749,30.49274841399259,62.356009378581824,23.711215711227265,149.22205710168424,141.595,146.39499999999998,100.0,0.0,100.0,142.78673058485893,139.07,0.0,0.0,34346.433647989936,6574.619999999986,19.37768847422103,66.75761529744483,-890717.3562600585,-440037.89260141685,125.04155466634452,146.20514381163093,64.96027597122803,9.60427083241093,143.6615,149.75928082584008,137.5637191741599,8.48909530506098,0.8377048239047364,0.0,0.0,146.661,145.51500000000001,147.80700000000002,-1.5627876531593274,0.011780104712048524,1.0,1.0,137.63,149.68,143.655,8.387772646116053,0.8423236514522818,3.0522189528302004,0.8801181803630707,62.928968443161864,1.0,0.9305239839961744,0.8681967705747962,16.063486192927932,19.534715663736517,60.905349794238674,63.30589849108363,-39.094650205761326,7.341911764705884,3.0328383183434386,1.2269893458096615,0.8223881013585839,0.4046012444510776,1.1433724736204247,0.7245166943939928,0.4188557792264319,144.40265985166818
150.84,2023-07-19,151.47,149.51,149.66,1484400,1.9683288609109297,1.334904657595806,0.6334242033151238,145.7125,142.24307692307693,145.9261847479929,143.95785588708196,0.3930921052631586,0.7500000000000008,-0.3569078947368422,0.1425610118257324,23.877095122887024,-1.2290000000000134,44.7174862171858,28.89256093263056,15.824925284555242,147.43,142.0,144.715,146.39499999999998,99.99998975165875,31.521888404843985,57.47497264872812,21.855174634362946,163.35808096094433,141.595,146.39499999999998,96.0,0.0,96.0,143.61392291467587,139.07,0.0,0.0,34346.433647989936,6725.459999999986,19.19934672056907,94.49984168352393,-527976.6640148481,-420535.56863778416,126.80737683443219,146.49768721733693,65.11849583338375,9.60427083241093,144.399,149.49811325624182,139.29988674375818,7.062532643912799,1.0011655696942618,1.0,0.0,147.03,145.70499999999998,148.355,-1.8023532612392066,-0.4358490566037731,1.0,0.0,144.37,149.68,147.025,3.677310784700727,0.967984934086626,3.1159970575471805,0.8801181803630707,66.41136539185717,1.0,1.0,0.9225190492867604,18.426098246524646,20.643850519239383,96.5020576131684,77.8806584362138,-3.4979423868315935,7.517911764705872,4.508597791136578,1.3672952051014517,0.9313695221071574,0.43592568299429435,1.2849761283644359,0.8366085811880815,0.4483675471763544,145.19476740094075
151.9,2023-07-20,152.83,149.55,151.39,1794200,2.11160600242809,1.4902449265622628,0.621361075865827,146.24416666666667,142.94923076923075,146.48369478676324,144.37208878433515,0.3200101188970406,0.7546167467746014,-0.4346066278775608,0.15990608339826928,23.824546394812838,-0.39349999999998886,49.11188288123392,33.05075957673315,16.061123304500768,148.535,143.77999999999997,146.15749999999997,146.39499999999998,99.99999487582937,32.82808413168601,60.160757915566656,20.15605492166717,177.5252591370731,140.72,146.39499999999998,100.0,0.0,100.0,144.34185216491477,139.07,0.0,0.0,34346.433647989936,6877.359999999986,19.26879306712008,81.86786430016382,-1464647.7946017398,-550952.3073163257,126.84801625654444,146.96929703598036,72.23387484423557,9.60427083241093,145.0035,149.4997085138458,140.5072914861542,6.201517223854322,1.0055926550113656,1.0,0.0,147.67833333333334,146.30333333333334,149.05333333333334,-1.8621553601859897,-0.1806060606060617,1.0,0.0,144.37,151.39,147.88,4.841262452285622,0.7378917378917408,3.1363973517924646,0.8046096362408826,66.48974802837027,1.0,1.0,0.9768413279987249,20.431288177663795,19.75807148979012,71.99391171993948,76.4671063757822,-28.00608828006053,7.967676470588231,4.4562408325766745,1.4626137366360568,1.0376183650129374,0.4249953716231194,1.437348207859567,0.9567565065223786,0.4805917013371883,146.06272270347696
151.57,2023-07-21,153.34,151.19,152.53,4477800,2.3306224978910564,1.6583204408280214,0.6723020570630349,146.7925,143.60692307692307,147.20774174264582,144.87711924475477,0.2871452420701176,0.7483901740996901,-0.4612449320295725,0.17796705132686316,23.770958284829167,-1.3004999999999995,55.14745417833444,37.394461423929,17.75299275440544,150.095,145.07999999999998,147.58749999999998,146.39499999999998,99.99999743791469,34.25412575204354,57.594202723446244,17.794497432619767,179.415043814406,139.65499999999997,146.39499999999998,100.0,12.0,88.0,145.3285928618267,139.07,0.0,0.0,34346.433647989936,7028.929999999986,19.272391665414634,105.68314082871154,-440885.3994853891,-585378.4172347694,128.51016804524386,147.55555528167258,79.23017934617597,9.709593494832552,145.4405,150.52011602879372,140.36088397120625,6.985146542804428,1.0659384456826113,1.0,0.0,148.4826666666667,147.09766666666667,149.86766666666665,-1.8655376160629173,-0.47737665463298046,1.0,0.0,144.37,152.53,148.45,5.610541767939465,0.8357843137254897,3.201757616613217,0.6833989512188053,69.62002959706794,1.0,1.0,1.0,23.109228072187655,19.966068705124457,81.76870748299314,83.42155893870034,-18.231292517006864,8.35297058823528,4.550169421201842,1.60868914983995,1.1518325219783399,0.4568566278616102,1.5212417415537782,1.0696535535286587,0.4515881880251196,147.76452561699392
150.8,2023-07-24,151.9,149.43,151.9,1957900,2.3352579573233925,1.7937079441270958,0.5415500131962967,147.23333333333335,144.10461538461539,147.5496276283926,145.21436967106922,0.3203371970495267,0.7639620653319278,-0.4436248682824011,0.1929087324136352,23.61562503175776,-2.5289999999999964,60.14603936541095,41.80546924726196,18.34057011814899,150.47,145.07999999999998,147.77499999999998,146.39499999999998,99.99999871895734,34.76169405237333,55.91332892643872,23.194334499479705,121.69178106012045,140.5425,146.39499999999998,96.0,8.0,88.0,146.48081800393444,139.07,0.0,0.0,34346.433647989936,6878.129999999986,18.724366313495963,52.67012071032438,-0.0,-411841.9110204274,126.75470802804696,148.0076306011562,71.89920402305462,9.596564296136176,145.809,150.923391068346,140.694608931654,7.0151925715778995,0.8540010874814701,0.0,0.0,149.12833333333333,147.90233333333336,150.35433333333336,-1.6442214200297272,0.376971179989132,1.0,1.0,144.82,152.53,148.675,5.287739439952272,0.5979247730220505,2.9525818549518963,0.6326409675863183,62.83628181490461,0.554996545540884,0.8516655151802949,0.9505551717267652,23.631955000858817,16.456423188502733,57.82312925170073,70.52858281821112,-42.17687074829927,8.421117647058793,3.6700430137366595,1.6081452287491087,1.2430950633324938,0.36505016541661495,1.5274274046145297,1.161208323745833,0.3662190808686967,148.00238965279877
151.92,2023-07-25,152.43,150.56,151.0,1269500,2.4024195513820814,1.915450265578093,0.48696928580398846,147.84,144.59846153846155,148.01276183940914,145.61034228802706,0.34907205240174766,0.6970524017467247,-0.347980349344977,0.20626662619752253,23.694350351472284,-2.1049999999999898,65.20290811406359,46.06076980124336,19.14213831282023,150.47,145.07999999999998,147.77499999999998,146.39499999999998,99.99999935947866,35.23300747410813,52.279896853468635,21.687090332485443,114.65821508319593,140.67249999999999,146.39499999999998,92.0,4.0,88.0,147.44868712330492,139.07,0.0,0.0,34346.433647989936,7030.049999999986,18.661290339653448,69.67004632313508,174137.70405476863,-397576.5351768162,127.9035375803457,148.35427463657265,72.05225404390798,9.596564296136176,146.195,151.5159416459849,140.8740583540151,7.279238887766207,0.9101717600392938,0.0,0.0,149.66433333333333,148.52733333333333,150.80133333333333,-1.519400079733983,0.10612723541483278,1.0,1.0,144.82,152.53,148.675,5.273778172988139,0.7444876783398189,2.9573236694567067,0.6269879524528914,65.18207051270971,0.7088766878272956,0.7546244111227267,0.868763308767674,24.74296107532065,18.156832221039682,73.19727891156462,70.9297052154195,-26.80272108843538,8.210735294117626,5.080960357342268,1.6498962323911952,1.324455297144234,0.32544093524696116,1.574295606190385,1.2438257802347437,0.33046982595564134,148.3842232750585
151.73,2023-07-26,153.08,151.22,152.0,978400,2.4803106059706863,2.0284223336566116,0.4518882723140747,148.43416666666667,145.1803846153846,148.50618309488465,146.02587248891396,0.2708714996074335,0.6728605077204918,-0.40198900811305827,0.2184561381918867,23.7542310338742,-1.7079999999999984,68.85386719766309,50.32365841915483,18.53020877850826,150.47,145.07999999999998,147.77499999999998,146.39499999999998,99.99999967973933,35.9087234308141,53.31519038716861,20.379015985230666,120.49949363175612,140.8875,146.39499999999998,88.0,0.0,88.0,148.26169718357613,139.07,0.0,0.0,34346.433647989936,7181.779999999985,18.701459923595234,74.02315399125857,-587227.3116720578,-550751.2790870081,128.5686664326305,148.8743205130663,78.97415483319206,9.638632125808398,146.618,152.12136115478307,141.11463884521692,7.507074376656453,0.9181081225243882,0.0,0.0,150.07966666666667,148.90966666666665,151.24966666666666,-1.5591719064763403,0.012678062678058417,1.0,1.0,144.82,152.53,148.675,5.258563068654604,0.8300907911802852,2.913591302511037,0.5847881696408334,66.51164808773338,0.7960949383956006,0.6866560572545936,0.7643153278525384,26.05428761299838,18.75174518748869,82.17687074829928,71.06575963718821,-17.823129251700724,7.96970588235294,4.948296203761535,1.6985418841849325,1.3992726145523737,0.29926926963255873,1.5822085762594258,1.31150233943968,0.2707062368197457,148.71900519312484
151.25,2023-07-27,154.96,151.07,151.73,1613300,2.501104901093157,2.122958847143921,0.3781460539492363,148.94750000000002,145.80769230769232,148.90061646490238,146.39951156380923,0.2593497922268408,0.6871180640430214,-0.42776827181618066,0.22866791496465472,23.51722917612601,0.06700000000000728,73.13995621780647,54.76527503098374,18.374681186822734,151.195,148.45,149.8225,146.39499999999998,99.99999983986967,36.536173962041076,52.116252492241934,19.92073806577509,116.55786758088006,141.34249999999997,146.39499999999998,84.0,8.0,76.0,148.94462563420396,139.07,0.0,0.0,34346.433647989936,7030.529999999985,18.542139271973888,60.207346278221515,-1719107.438016523,-682907.4135905271,128.41863667466197,149.45534283035417,85.75187225872422,9.629071255428347,146.903,152.70081372587757,141.10518627412242,7.893390503771299,0.8593595963079403,0.0,0.0,150.603,149.22899999999998,151.977,-1.824664847313811,0.33005822416302927,1.0,1.0,144.82,152.53,148.675,5.2483611634888385,0.8106355382619965,2.9962321722599343,0.4416291410216319,65.89576222824812,0.7249213040068958,0.7432976434099308,0.7281927039290839,26.982228455490464,16.649920263250596,78.68613138686118,78.0200936822417,-21.31386861313882,7.590382352941191,4.250914360637635,1.7084106868778952,1.461100229017478,0.24731045786041728,1.5443099747423905,1.3580638665002223,0.18624610824216825,149.0948265958524
152.44,2023-07-28,153.0,151.36,152.31,1004300,2.512028010934472,2.2007726799020313,0.31125533103244063,149.31333333333336,146.34230769230768,149.2789831626097,146.76695515167523,0.300939663699309,0.6965875370919883,-0.39564787339267926,0.23703330276451046,23.37877604058942,-1.029500000000013,78.29118134136363,59.41702367609139,18.874157665272236,151.55,148.45,150.0,146.39499999999998,99.99999991993484,35.936283447713244,49.21819121265189,27.602586147254083,95.07902321404976,141.34249999999997,146.39499999999998,80.0,4.0,76.0,149.5182855327313,139.07,0.0,0.0,34346.433647989936,7182.969999999985,18.219233828166885,57.92166823847603,312319.60115455056,-655896.1199854326,128.71126658132778,149.9895220466359,78.49176055636602,9.629071255428347,147.29950000000002,153.17712018166992,141.42187981833013,7.980502556586949,0.8454204145976609,0.0,0.0,151.06699999999998,149.684,152.45000000000002,-1.8309756598065892,0.39407086044829925,1.0,1.0,144.82,152.53,148.675,5.234233653203172,0.8482490272373558,2.8896089550339417,0.3737079789361487,66.5408354860744,0.7394771963171349,0.7534978129065438,0.7278171711903562,27.937922557396938,13.149485581333618,75.9753593429161,78.9461204926922,-24.02464065708391,6.96217647058819,2.9870041505069165,1.711576020868209,1.511195387387624,0.20038063348058488,1.5599703764229926,1.3984451684847765,0.16152520793821612,149.45860718646463
154.33,2023-07-31,154.51,151.94,152.2,1284400,2.538226709403517,2.2682634858023283,0.26996322360118885,149.78583333333333,146.7073076923077,149.68837036836206,147.15014365895854,0.3155922038980527,0.6696651674162922,-0.3540729635182395,0.24409952087747305,23.531386946864593,-1.213499999999982,83.08038036098883,64.18790620822786,18.89247415276097,152.0,148.45,150.225,146.39499999999998,99.99999995996743,35.379242255837404,47.29938055359314,26.526477188107204,100.35649509037411,142.505,146.39499999999998,76.0,0.0,76.0,150.0001598474943,139.07,0.0,0.0,34346.433647989936,7337.299999999985,16.3821637172078,62.434487061550534,-1047754.8111190145,-549304.9504706144,129.30264739528124,150.4825718689971,78.63157737182144,9.629071255428347,147.74349999999998,153.6146200805274,141.87237991947256,7.9477203132827094,0.8573849574222158,0.0,0.0,151.5366666666667,150.16766666666666,152.9056666666667,-1.8068234310728057,0.3526905283662098,1.0,1.0,145.18,152.53,148.85500000000002,4.974838148547987,0.919727891156462,2.9156480595305454,0.36401302164616245,67.85058557522481,0.8207532711773595,0.7617172571671302,0.7528375711612018,29.10710520766407,14.977755288737683,85.67961165048537,80.11370079342089,-14.32038834951463,6.644794117647081,3.8763929719012697,1.7249230250744572,1.5539409149249908,0.1709821101494664,1.6539798239223396,1.4495520995722893,0.2044277243500503,149.84595204804603
153.03,2023-08-01,154.82,152.64,154.57,685700,2.5856675505469866,2.33174429875126,0.2539232517957264,150.295,147.11423076923077,150.14246723476788,147.5567996842209,0.3151282051282069,0.665384615384616,-0.35025641025640913,0.2504346304082306,23.480781244239292,-0.9270000000000209,82.88413917119482,68.42864542533998,14.455493745854838,153.235,149.695,151.465,146.39499999999998,99.99999997998371,35.571725435656376,52.27359171932492,23.44463061799074,116.70003388695935,142.76749999999998,146.39499999999998,100.0,16.0,84.0,150.4049342718952,139.07,0.0,0.0,34346.433647989936,7490.3299999999845,17.136858376095287,68.81827462418593,-218911.3245768809,-494743.92893624125,130.0076691143809,150.9151191191475,78.74685402900997,9.673433173809286,148.217,154.06379433535773,142.3702056646423,7.889505704956534,0.878241455600077,0.0,0.0,152.00333333333336,150.69833333333332,153.30833333333334,-1.7170676081664962,0.2560664112388304,1.0,1.0,145.18,154.57,149.875,6.335305666691396,0.7944621938232151,2.9120832535774905,0.36401302164616245,69.40708489683198,0.9784284552287472,0.8462196409077474,0.787144903660474,30.537301205350726,11.40006321274645,68.66883116883105,76.77460072074417,-31.33116883116896,6.6010882352941,4.169794581314396,1.7523201615109891,1.5936167642421906,0.15870339726879856,1.6390867839437793,1.4874590364465874,0.15162774749719188,150.29672898614416
151.36,2023-08-02,154.14,150.93,152.73,1422600,2.456959747448053,2.356787388490619,0.10017235895743415,150.59833333333333,147.42538461538462,150.26362612172667,147.80666637427862,0.3301693175987708,0.6657260133401753,-0.33555669574140456,0.25316279517691204,23.30065820273046,-0.7529999999999859,81.00789442317975,71.9726467077784,9.035247715401354,153.235,149.695,151.465,146.39499999999998,99.99999998999186,35.34636477614676,52.050732949284765,26.565849858875968,74.18159975973491,143.23,146.39499999999998,96.0,12.0,84.0,151.15464610295408,139.07,0.0,0.0,34346.433647989936,7338.969999999985,3.3361663729495,22.012006820731237,1173757.9281183952,-441917.59044129745,128.31200873702244,151.28457684441236,78.42986954141824,9.565063344621565,148.533,154.24750470294407,142.8184952970559,7.694592720734225,0.7097294625346181,0.0,0.0,152.24200000000002,150.977,153.507,-1.661827879297435,1.018577075098813,0.0,1.0,145.18,154.57,149.875,6.32182747268283,0.612353567625134,2.7708749282197416,0.4538140595766286,61.56562516902282,0.13705281797708835,0.6454115147943985,0.7511161376230922,29.66802600869268,9.566280518846545,40.9090909090911,65.08584457613586,-59.0909090909089,6.2424411764706065,2.471315092674326,1.6622793867947045,1.6073492887526935,0.0549300980420111,1.5202440084090245,1.494016030839075,0.026227977569949434,150.31360645516847
150.57,2023-08-03,152.1,150.53,151.47,1647600,2.2962119273854,2.344672296269575,-0.04846036888417515,150.82750000000001,147.7242307692308,150.30460671838412,148.00839479099872,0.3909497500657738,0.6700868192580911,-0.2791370691923173,0.252312688780856,23.206628698485247,0.6574999999999704,80.36705680902156,74.77482477785473,5.59223203116683,153.235,149.695,151.465,146.39499999999998,99.99999999499593,34.03141994654273,50.65530237681764,35.981507119854,38.25987219400319,143.595,146.39499999999998,92.0,8.0,84.0,151.76940980442234,139.07,0.0,0.0,34346.433647989936,7188.399999999985,3.4319441906052983,10.263434417769512,690376.5690376484,-386375.3213363602,127.91296282169745,151.54867236236063,71.39974697339584,9.539713676975314,148.85250000000002,154.25482866456397,143.45017133543607,7.258633431838837,0.6552571218966534,0.0,0.0,152.25300000000001,151.06900000000002,153.43699999999998,-1.5553059709824875,1.227618243243253,0.0,1.0,145.18,154.57,149.875,6.308258175039039,0.5697550585729502,2.610787435397766,0.5796851957706928,59.86192809623983,0.0,0.37182709106861206,0.6211527489235862,28.461474098087734,4.490660240332746,14.22505307855606,41.267658385492744,-85.77494692144394,5.534852941176496,1.8608742725673297,1.5514065473298724,1.5961607404681293,-0.044754193138256904,1.3680794242669805,1.4688287095246562,-0.10074928525767568,150.3172600326764
150.21,2023-08-04,152.46,149.03,151.01,1250900,2.0244441261694988,2.28062666224956,-0.25618253608006114,150.7875,147.86499999999998,150.10851337709425,148.08406925092476,0.408358372029502,0.6667577164709108,-0.2583993444414088,0.24658371715200328,23.293851582727203,0.4099999999999966,77.12826238388809,76.66173844657442,0.46652393731366715,153.33499999999998,149.695,151.515,145.94,49.999999997497966,32.8103997476247,49.38784426501553,35.08120545479483,17.09442182024858,143.9625,146.39499999999998,88.0,4.0,84.0,152.1,139.07,0.0,0.0,34346.433647989936,7038.189999999985,3.4029499586646703,-23.390627641911845,48265.76126755657,-321312.18115097086,126.41615155484034,151.734381539303,64.40902125188822,9.444652423301873,149.14000000000001,153.89923103032083,144.3807689696792,6.382232842055544,0.48844351122069835,0.0,0.0,152.101,150.853,153.34900000000002,-1.6410148519733658,1.73036858974359,0.0,1.0,145.68,154.57,150.125,5.960842161727227,0.3768278965129358,2.54270869185799,0.857650956781246,53.844494099946346,0.0,0.0456842726590296,0.3543076261740136,25.624394285522715,-5.130017749461819,-38.4999999999998,5.544714662549128,-138.4999999999998,4.972176470588238,-0.3210487592803089,1.3670910965710488,1.5503468116887134,-0.18325571511766459,1.2142839626304973,1.4179197601458244,-0.20363579751532712,150.25995797974602
149.8,2023-08-07,151.71,149.66,150.47,1045400,1.8387064571123801,2.1922426212221238,-0.35353616410974364,150.79666666666665,148.10461538461539,150.03951131907974,148.20080486196736,0.46542627048042395,0.6095529019716762,-0.14412663149125227,0.2382183717771561,23.510120118599783,1.7715000000000032,73.563917303924,77.59073946767002,-4.026822163746019,153.14,149.695,151.4175,145.35,24.999999998748983,31.280029423334813,45.69403747927478,36.35282555209608,0.8296679111690773,143.66750000000002,146.39499999999998,84.0,0.0,84.0,152.1,154.57,0.0,1.0,34346.433647989936,7187.989999999985,3.4640400888996705,-6.567109407353108,533911.882510014,-219552.9498102514,127.04940660415924,151.82300943403638,57.44126487428834,9.484578149844717,149.4185,153.57705876476066,145.25994123523932,5.566323801618502,0.5290365020264299,0.0,0.0,152.0546666666667,150.68266666666668,153.42666666666668,-1.8046141300058747,1.3726919339164287,0.0,1.0,147.66,154.57,151.115,4.624594678704442,0.28943560057887135,2.5564378226721916,1.0038999423691954,55.85177368796371,0.1272400286116189,0.04241334287053978,0.1533082355327273,23.761674728826957,-2.4454511451543803,-58.38709677419373,-27.55401456521248,-158.38709677419374,4.1656470588235095,0.07355399531928132,1.2406858780726135,1.4884146249654935,-0.24772874689287994,1.0582965792010675,1.3459951239568733,-0.2876985447558058,150.25588575331457
146.8,2023-08-08,149.92,146.63,149.49,1988600,1.4305221698782873,2.0398985309533564,-0.6093763610750691,150.41666666666666,148.2419230769231,149.51497111614438,148.0844489462661,0.5546347452424822,0.6356660527931273,-0.08103130755064503,0.22392053019568342,23.33091718439574,-0.07450000000000045,67.48739841615858,77.43890960305842,-9.951511186899836,152.245,149.875,151.06,144.405,12.499999999374491,29.097803195303186,45.694037479274776,46.36502118801538,-85.84968964939017,143.195,146.39499999999998,80.0,12.0,68.0,152.1,154.5128,0.0,0.0,34346.433647989936,7041.189999999985,4.095194472371951,-69.17237949201697,405688.01089916367,-152862.61588782197,124.07730985151993,151.71978933218745,50.537935860977974,9.292554417424368,149.5045,153.34557524008156,145.66342475991846,5.138407526303959,0.12582091988141028,0.0,0.0,151.78966666666665,150.51766666666668,153.06166666666667,-1.6760034170090519,2.5281708595388035,0.0,1.0,148.41,154.57,151.49,4.120277316067407,-0.2889610389610393,2.3267940404049714,1.4543600887280212,45.58385992463757,0.0,0.04241334287053978,0.043503652800036534,18.63253680818124,-22.182894318508083,-70.75268817204275,-55.87992831541209,-170.75268817204275,2.7917647058823434,-3.016072491566904,0.9660178229770545,1.3839352645678058,-0.4179174415907513,0.764898657492473,1.2297758306639932,-0.4648771731715202,149.9080127766742
148.42,2023-08-09,148.63,146.66,147.28,1678900,1.0968105810780742,1.8512809409783002,-0.754470359900226,150.18583333333333,148.37615384615384,149.0757447905837,147.97893420950564,0.6599488163787607,0.5886116442738355,0.07133717210492518,0.2059070103763821,23.391281664417967,1.070999999999998,60.48660492845772,76.03298168201967,-15.546376753561944,151.6,149.875,150.7375,143.13,6.249999999687246,27.623383277942487,43.97235117871151,52.095801495445535,-131.37254901960907,142.185,146.39499999999998,76.0,8.0,68.0,152.1,154.32908799999998,0.0,0.0,34346.433647989936,7189.609999999985,3.997142300075429,-58.65452527887167,1591766.608273811,65452.69860328877,124.10767607944054,151.45846976598256,43.53338418029851,9.292554417424368,149.489,153.3731210073796,145.6048789926204,5.196530858296737,0.13582494023421623,0.0,0.0,151.332,150.033,152.631,-1.7167552137023323,2.298306389530398,0.0,1.0,148.41,154.57,151.49,4.12070453344393,-0.2840909090909092,2.294114636364474,1.7920613762081437,45.690319761985215,0.0044291515161732666,0.0438897267092642,0.0429054708167814,14.588689424085533,-26.282228713916812,-33.164983164983155,-54.101589370406536,-133.16498316498317,1.5141470588235393,-1.8537107675834905,0.7411937293217908,1.2553869575186027,-0.5141932281968119,0.6121845623828017,1.106257577007755,-0.49407301462495323,149.46592965614835
148.64,2023-08-10,151.29,148.37,149.51,1627700,0.9592666231169176,1.672878077406024,-0.7136114542891063,150.00333333333333,148.52076923076922,148.96716866895545,148.00790204583853,0.6607476635514031,0.6373831775700955,0.02336448598130758,0.18809497835579883,23.586792496773143,1.6260000000000048,54.38101793578615,73.37629685917773,-18.99527892339158,151.6,149.875,150.7375,143.13,3.124999999843623,26.026786351248095,49.14904479119762,44.22716045099809,-49.837045084193115,142.75,146.39499999999998,72.0,4.0,68.0,152.1,153.98714271999998,0.0,0.0,34346.433647989936,7338.249999999985,3.9746529034752003,-13.964678810461265,-2927946.716899886,-112194.53835488956,125.84076212880642,151.27207032002403,43.38534600232063,9.292554417424368,149.594,153.2299779977287,145.9580220022713,4.861128117075153,0.33168214978685384,0.0,0.0,151.04566666666665,149.89166666666668,152.19966666666667,-1.5280147063691507,1.6593009820912825,0.0,1.0,148.41,154.57,151.49,4.11781221171972,-0.006493506493505205,2.527703172728026,1.9417665136473161,51.513239139502346,0.24889070315985046,0.08443995155867472,0.05691434037949305,12.793215684362389,-18.70481000723711,-4.377104377104225,-36.0982585713767,-104.37710437710423,1.0500882352941119,-1.4545696068012737,0.6481185192529988,1.133933269865482,-0.48581475061248325,0.4972365535398974,0.9844533723141835,-0.48721681877428613,149.4137587211744
147.27,2023-08-11,148.94,147.02,148.63,1889300,0.7328801418297815,1.4848784902907755,-0.751998348460994,149.65333333333334,148.63153846153847,148.66760425834693,147.93472411651715,0.7018147684605772,0.6382978723404279,0.06351689612014932,0.16902133339051434,23.694906339609535,1.45150000000001,46.952249899863475,69.3620601412749,-22.40981024141142,151.6,149.875,150.7375,143.13,1.5624999999218114,24.735638851903044,48.43037724524517,56.7966879985217,-123.22787499516973,142.75,146.39499999999998,68.0,0.0,68.0,152.1,153.6657141568,0.0,0.0,34346.433647989936,7190.979999999985,4.273745475763945,-40.371796123252395,339953.8263054268,-87912.12219021622,124.50077089068552,151.0711718229851,43.51579748353442,9.20800263159487,149.61849999999998,153.1773496736961,146.05965032630385,4.757232125300188,0.13492416957004577,0.0,0.0,150.643,149.527,151.759,-1.4816486660515253,2.1232078853046494,0.0,1.0,148.63,154.57,151.6,3.9700972807507084,-0.27104377104376864,2.3319328554552223,2.1545203671043764,47.209778496636794,0.06824930604051023,0.10718972023884481,0.07850646616892805,9.89262407811404,-18.243135285850887,-27.104377104376866,-21.548821548821405,-127.10437710437687,0.3242058823529419,-2.7774103954503295,0.4954077862426312,1.006228173140912,-0.5108203868982808,0.328353617704457,0.8532334213922382,-0.5248798036877813,149.21378905494058
